875
1344
443
925
580
706
1086
803
863
826
1102
1110
1249
849
595
1032
850
839
1107
1198
1096
1091
1153
1146
1116
1106
677
1262
1245
1183
1202
1223
1214
1198
1264
1051
1080
1091
1107
1275
1401
1094
1042
1091
1377
1070
903
717
1675
1401
933
1092
1393
1545
1732
1644
1617
1714
1860
1808
1688
1668
1698
1433
1701
1637
1781
1854
1832
1681
1558
1643
1217
1587
1682
2035
1365
1467
1599
1298
937
821
1043
1255
864
1196
856
1001
601
794
685
1013
1383
1487
1900
2090
1556
1706
1477
1661
1492
1255
1369
1559
1046
1001
1342
1301
1069
1886
1777
1692
1457
1747
1050
942
976
1012
748
370
485
576
497
770
762
762
1025
828
679
582
520
703
594
1067
1789
1313
1675
1022
930
905
406
467
522
637
508
722
575
673
683
770
595
689
770
596
764
524
1049
792
718
770
681
994
876
588
333
467
552
1114
1325
1345
1001
1083
1260
960
813
643
862
680
345
673
471
612
527
394
631
407
740
1059
1134
791
1198
1486
708
1733
1534
1074
780
964
1042
1270
1177
1620
1226
849
1398
1268
1321
1148
1006
964
1019
1324
1221
1352
1047
1135
849
633
864
825
934
865
1231
1219
1002
776
1099
1274
1121
1074
254
351
679
632
770
24
988
1046
1092
1185
1249
994
1029
1020
1037
933
1155
1373
1213
897
834
764
728
673
885
1183
1375
1066
1074
1258
1504
1480
1182
889
1001
994
1085
945
1286
980
813
345
549
1339
1641
1298
1443
1742
2269
2228
2171
2265
1801
1525
1579
2231
1382
1837
1578
1768
1393
2280
2857
2645
716
3360
1255
1243
1354
1472
1710
2197
1873
2272
2536
2187
2028
1814
1910
1978
1757
1717
1874
2115
2220
1839
1816
2372
1917
2375
2596
318
3417
1789
1540
1492
1380
1074
1231
1202
1140
601
685
477
261
188
79
1435
1051
1219
1098
1177
1013
1091
961
1018
1237
1068
1128
1171
942
1098
744
789
971
895
938
1009
946
1098
1110
1135
1152
904
925
1243
735
732
855
725
570
501
637
415
594
429
643
329
770
603
442
406
494
752
661
476
600
495
576
496
655
535
497
340
515
412
582
440
499
522
411
534
384
528
321
370
425
473
395
351
173
176
73
60
30
345
191
559
578
584
599
605
579
711
508
695
588
875
1344
443
925
580
706
1086
803
863
826
1102
1110
1249
849
595
1032
850
839
1107
1198
1096
1091
1153
1146
1116
1106
677
1262
1245
1183
1202
1223
1214
1198
1264
1051
1080
1091
1107
1275
1401
1094
1042
1091
1377
1070
903
717
1675
1401
933
1092
1393
1545
1732
1644
1617
1714
1860
1808
1688
1668
1698
1433
1701
1637
1781
1854
1832
1681
1558
1643
1217
1587
1682
2035
1365
1467
1599
1298
937
821
1043
1255
864
1196
856
1001
601
794
685
1013
1383
1487
1900
2090
1556
1706
1477
1661
1492
1255
1369
1559
1046
1001
1342
1301
1069
1886
1777
1692
1457
1747
1050
942
976
1012
748
370
485
576
497
770
762
762
1025
828
679
582
520
703
594
1067
1789
1313
1675
1022
930
905
406
467
522
637
508
722
575
673
683
770
595
689
770
596
764
524
1049
792
718
770
681
994
876
588
333
467
552
1114
1325
1345
1001
1083
1260
960
813
643
862
680
345
673
471
612
527
394
631
407
740
1059
1134
791
1198
1486
708
1733
1534
1074
780
964
1042
1270
1177
1620
1226
849
1398
1268
1321
1148
1006
964
1019
1324
1221
1352
1047
1135
849
633
864
825
934
865
1231
1219
1002
776
1099
1274
1121
1074
254
351
679
632
770
24
988
1046
1092
1185
1249
994
1029
1020
1037
933
1155
1373
1213
897
834
764
728
673
885
1183
1375
1066
1074
1258
1504
1480
1182
889
1001
994
1085
945
1286
980
813
345
549
1339
1641
1298
1443
1742
2269
2228
2171
2265
1801
1525
1579
2231
1382
1837
1578
1768
1393
2280
2857
2645
716
3360
1255
1243
1354
1472
1710
2197
1873
2272
2536
2187
2028
1814
1910
1978
1757
1717
1874
2115
2220
1839
1816
2372
1917
2375
2596
318
3417
1789
1540
1492
1380
1074
1231
1202
1140
601
685
477
261
188
79
1435
1051
1219
1098
1177
1013
1091
961
1018
1237
1068
1128
1171
942
1098
744
789
971
895
938
1009
946
1098
1110
1135
1152
904
925
1243
735
732
855
725
570
501
637
415
594
429
643
329
770
603
442
406
494
752
661
476
600
495
576
496
655
535
497
340
515
412
582
440
499
522
411
534
384
528
321
370
425
473
395
351
173
176
73
60
30
345
191
559
578
584
599
605
579
711
508
695
588
875
1344
443
925
580
706
1086
803
863
826
1102
1110
1249
849
595
1032
850
839
1107
1198
1096
1091
1153
1146
1116
1106
677
1262
1245
1183
1202
1223
1214
1198
1264
1051
1080
1091
1107
1275
1401
1094
1042
1091
1377
1070
903
717
1675
1401
933
1092
1393
1545
1732
1644
1617
1714
1860
1808
1688
1668
1698
1433
1701
1637
1781
1854
1832
1681
1558
1643
1217
1587
1682
2035
1365
1467
1599
1298
937
821
1043
1255
864
1196
856
1001
601
794
685
1013
1383
1487
1900
2090
1556
1706
1477
1661
1492
1255
1369
1559
1046
1001
1342
1301
1069
1886
1777
1692
1457
1747
1050
942
976
1012
748
370
485
576
497
770
762
762
1025
828
679
582
520
703
594
1067
1789
1313
1675
1022
930
905
406
467
522
637
508
722
575
673
683
770
595
689
770
596
764
524
1049
792
718
770
681
994
876
588
333
467
552
1114
1325
1345
1001
1083
1260
960
813
643
862
680
345
673
471
612
527
394
631
407
740
1059
1134
791
1198
1486
708
1733
1534
1074
780
964
1042
1270
1177
1620
1226
849
1398
1268
1321
1148
1006
964
1019
1324
1221
1352
1047
1135
849
633
864
825
934
865
1231
1219
1002
776
1099
1274
1121
1074
254
351
679
632
770
24
988
1046
1092
1185
1249
994
1029
1020
1037
933
1155
1373
1213
897
834
764
728
673
885
1183
1375
1066
1074
1258
1504
1480
1182
889
1001
994
1085
945
1286
980
813
345
549
1339
1641
1298
1443
1742
2269
2228
2171
2265
1801
1525
1579
2231
1382
1837
1578
1768
1393
2280
2857
2645
716
3360
1255
1243
1354
1472
1710
2197
1873
2272
2536
2187
2028
1814
1910
1978
1757
1717
1874
2115
2220
1839
1816
2372
1917
2375
2596
318
3417
1789
1540
1492
1380
1074
1231
1202
1140
601
685
477
261
188
79
1435
1051
1219
1098
1177
1013
1091
961
1018
1237
1068
1128
1171
942
1098
744
789
971
895
938
1009
946
1098
1110
1135
1152
904
925
1243
735
732
855
725
570
501
637
415
594
429
643
329
770
603
442
406
494
752
661
476
600
495
576
496
655
535
497
340
515
412
582
440
499
522
411
534
384
528
321
370
425
473
395
351
173
176
73
60
30
345
191
559
578
584
599
605
579
711
508
695
588
