284
250
235
325
188
216
165
213
140
172
206
231
228
254
227
236
245
261
318
221
217
229
288
319
337
318
254
297
202
233
266
211
219
231
260
205
252
212
243
252
238
302
148
99
156
397
410
519
457
550
641
354
616
480
517
296
654
593
428
632
698
476
603
549
488
703
473
345
528
367
474
376
417
289
315
203
383
99
305
579
703
665
409
536
615
576
675
796
850
555
481
635
361
462
571
820
608
698
495
492
419
357
528
383
404
401
305
188
291
276
236
351
345
435
336
336
264
271
258
158
227
151
104
78
120
500
464
264
382
377
133
385
395
320
281
351
302
472
451
435
219
343
246
354
172
239
146
115
213
158
266
195
279
133
468
325
482
243
375
318
362
285
258
237
303
368
348
357
377
313
323
207
294
209
420
562
332
392
547
506
509
417
536
389
489
348
450
515
415
565
427
594
504
595
615
601
529
438
603
698
471
429
560
413
542
685
542
575
276
1407
453
385
410
530
489
507
428
133
250
328
294
224
5
365
420
439
469
411
416
419
458
426
568
552
531
303
314
239
237
458
449
510
508
313
336
362
502
398
497
508
511
409
440
436
515
227
91
476
613
703
754
837
552
678
805
928
976
762
888
765
872
1009
611
687
569
521
577
630
755
775
753
743
758
1084
992
980
1276
785
1104
440
1741
930
824
876
888
971
931
919
734
800
689
796
630
786
893
930
863
981
969
698
804
659
771
474
573
515
368
677
521
340
299
237
234
268
325
310
310
344
301
396
310
402
508
630
486
536
391
422
334
343
443
412
431
440
497
606
483
410
449
370
497
625
627
450
398
294
317
479
380
539
222
266
206
212
146
156
68
101
138
177
148
211
239
222
140
182
155
210
234
202
270
291
261
205
236
289
248
264
251
281
249
225
245
177
107
94
42
15
0
284
250
235
325
188
216
165
213
140
172
206
231
228
254
227
236
245
261
318
221
217
229
288
319
337
318
254
297
202
233
266
211
219
231
260
205
252
212
243
252
238
302
148
99
156
397
410
519
457
550
641
354
616
480
517
296
654
593
428
632
698
476
603
549
488
703
473
345
528
367
474
376
417
289
315
203
383
99
305
579
703
665
409
536
615
576
675
796
850
555
481
635
361
462
571
820
608
698
495
492
419
357
528
383
404
401
305
188
291
276
236
351
345
435
336
336
264
271
258
158
227
151
104
78
120
500
464
264
382
377
133
385
395
320
281
351
302
472
451
435
219
343
246
354
172
239
146
115
213
158
266
195
279
133
468
325
482
243
375
318
362
285
258
237
303
368
348
357
377
313
323
207
294
209
420
562
332
392
547
506
509
417
536
389
489
348
450
515
415
565
427
594
504
595
615
601
529
438
603
698
471
429
560
413
542
685
542
575
276
1407
453
385
410
530
489
507
428
133
250
328
294
224
5
365
420
439
469
411
416
419
458
426
568
552
531
303
314
239
237
458
449
510
508
313
336
362
502
398
497
508
511
409
440
436
515
227
91
476
613
703
754
837
552
678
805
928
976
762
888
765
872
1009
611
687
569
521
577
630
755
775
753
743
758
1084
992
980
1276
785
1104
440
1741
930
824
876
888
971
931
919
734
800
689
796
630
786
893
930
863
981
969
698
804
659
771
474
573
515
368
677
521
340
299
237
234
268
325
310
310
344
301
396
310
402
508
630
486
536
391
422
334
343
443
412
431
440
497
606
483
410
449
370
497
625
627
450
398
294
317
479
380
539
222
266
206
212
146
156
68
101
138
177
148
211
239
222
140
182
155
210
234
202
270
291
261
205
236
289
248
264
251
281
249
225
245
177
107
94
42
15
0
284
250
235
325
188
216
165
213
140
172
206
231
228
254
227
236
245
261
318
221
217
229
288
319
337
318
254
297
202
233
266
211
219
231
260
205
252
212
243
252
238
302
148
99
156
397
410
519
457
550
641
354
616
480
517
296
654
593
428
632
698
476
603
549
488
703
473
345
528
367
474
376
417
289
315
203
383
99
305
579
703
665
409
536
615
576
675
796
850
555
481
635
361
462
571
820
608
698
495
492
419
357
528
383
404
401
305
188
291
276
236
351
345
435
336
336
264
271
258
158
227
151
104
78
120
500
464
264
382
377
133
385
395
320
281
351
302
472
451
435
219
343
246
354
172
239
146
115
213
158
266
195
279
133
468
325
482
243
375
318
362
285
258
237
303
368
348
357
377
313
323
207
294
209
420
562
332
392
547
506
509
417
536
389
489
348
450
515
415
565
427
594
504
595
615
601
529
438
603
698
471
429
560
413
542
685
542
575
276
1407
453
385
410
530
489
507
428
133
250
328
294
224
5
365
420
439
469
411
416
419
458
426
568
552
531
303
314
239
237
458
449
510
508
313
336
362
502
398
497
508
511
409
440
436
515
227
91
476
613
703
754
837
552
678
805
928
976
762
888
765
872
1009
611
687
569
521
577
630
755
775
753
743
758
1084
992
980
1276
785
1104
440
1741
930
824
876
888
971
931
919
734
800
689
796
630
786
893
930
863
981
969
698
804
659
771
474
573
515
368
677
521
340
299
237
234
268
325
310
310
344
301
396
310
402
508
630
486
536
391
422
334
343
443
412
431
440
497
606
483
410
449
370
497
625
627
450
398
294
317
479
380
539
222
266
206
212
146
156
68
101
138
177
148
211
239
222
140
182
155
210
234
202
270
291
261
205
236
289
248
264
251
281
249
225
245
177
107
94
42
15
0
