413
98
835
314
442
501
504
372
294
265
270
245
206
199
147
68
364
1204
1348
1344
1657
2524
2694
2601
2642
2641
2018
2617
2349
2012
766
2468
1558
1894
3038
2475
2346
2467
2578
2375
2888
2744
2410
2127
2349
2974
2478
2847
3251
2497
2776
3469
2115
2694
2606
2847
2015
2939
3662
2032
2390
3123
2451
1456
2008
2796
2579
2503
2920
2366
2364
2261
2399
2073
2289
1920
1361
1687
1443
1289
1570
1355
2199
2085
975
1275
1967
2001
1846
1461
1266
625
1266
2525
2331
2440
3037
2643
3299
120
3217
4079
3703
2925
2752
2524
1746
1706
2177
2394
2576
1576
1941
1806
1605
1544
1772
1816
1247
1276
1597
1880
2453
2480
2727
2949
2209
569
1287
2217
3047
2912
3372
3245
3052
3110
2495
2848
2252
2152
1723
1706
1640
1535
1596
2221
2063
2754
2148
2369
2607
2575
2418
1859
1632
1621
1228
1718
1900
2161
2302
2072
1483
1509
1425
1492
1535
1586
1369
1354
1467
1586
1413
1293
1571
1469
1583
1675
1455
1344
1395
1276
774
1473
2300
2279
2499
1624
1786
1961
1993
1251
1669
1510
1684
2270
2764
2916
2113
2462
2026
2631
2250
2339
2999
3203
2589
3162
2788
2295
2746
2899
2894
2170
1395
1034
2068
2216
2763
2199
1232
1739
1780
2970
2781
2053
2174
1976
2168
1796
2428
2335
1968
2457
3031
2899
3002
2564
1894
1465
1262
1885
1976
2878
2037
2366
2806
2362
3679
3117
1732
1966
2769
2795
2799
2554
1826
2445
1826
2532
2818
2167
1640
1735
1842
1901
2415
2323
2640
3166
3005
2821
3130
2480
2627
1885
2461
2201
1925
2163
2727
2468
2743
1836
2339
1965
1964
2024
2115
1632
2190
1903
1809
1775
1801
1603
1501
1302
1220
1529
1898
1742
1955
2153
2015
1795
1957
1802
2092
1448
1806
1387
1447
1502
1330
1441
1575
1520
1583
1867
1754
1805
2023
1512
1525
1738
1718
2267
2757
2673
2034
2252
2052
1495
1502
1125
864
1276
1037
993
1011
904
1325
1453
1964
1498
1767
1553
1502
1171
1188
903
648
511
353
363
344
353
314
276
501
559
687
539
458
549
481
559
324
217
265
275
275
353
353
412
314
260
275
225
186
225
118
118
68
78
98
98
98
98
108
108
108
108
108
98
88
78
78
40
167
186
245
284
255
206
157
48
127
88
98
108
9
58
58
29
29
29
68
29
29
39
39
48
39
58
29
19
46
48
58
68
9
58
48
29
9
29
68
39
58
29
39
58
68
58
58
68
78
78
88
88
108
98
98
58
98
78
108
98
88
68
118
459
48
58
39
19
78
58
48
48
48
68
48
39
9
39
402
78
58
127
137
88
68
137
68
98
78
108
118
78
39
48
29
29
39
9
58
25
48
78
88
108
147
78
108
98
108
98
19
68
98
48
118
306
37
108
157
186
176
137
147
137
78
118
196
74
186
186
176
215
225
176
225
128
196
58
903
118
147
29
78
20
98
108
19
58
48
88
58
78
88
108
78
39
118
618
68
29
58
68
16
48
58
58
58
39
48
48
29
29
9
39
58
98
78
98
39
58
78
118
197
39
58
48
39
39
29
118
58
88
186
48
78
88
58
88
98
48
39
29
29
9
9
19
9
9
9
29
39
39
19
29
39
166
68
68
19
153
48
88
68
88
88
88
118
88
108
65
68
58
58
118
118
88
78
58
78
58
58
38
48
68
98
108
137
50
118
88
78
58
9
58
48
18
29
39
29
39
39
9
280
58
88
58
9
58
39
58
42
68
98
88
68
78
72
48
48
58
39
29
136
30
308
1317
1263
578
397
446
870
1347
1305
1624
1890
1920
1809
1187
1168
1116
1486
1677
1253
1495
1370
2196
2162
1860
2004
2016
2114
1982
1856
750
844
442
1129
952
988
2180
1953
1499
1529
1675
1712
1779
1885
1512
1676
1746
1905
432
775
1606
1820
2220
2242
1946
2298
2269
1675
1594
1473
1098
1188
844
1393
1705
1894
2018
2592
2209
1631
658
442
491
118
373
392
215
1721
1983
961
539
874
837
883
825
392
344
382
481
678
214
167
903
539
511
422
176
372
1659
1127
726
1011
701
382
284
461
949
1404
1222
1320
1325
1170
1311
1483
1669
1425
895
1178
792
1286
1077
1098
1067
1512
1341
902
785
1041
1002
1038
950
1119
1208
416
1178
1238
1866
1612
942
432
717
1149
618
1328
2426
2003
1872
1580
1620
949
2249
2093
2239
1728
1407
1590
1419
1744
2128
2140
1816
1793
2524
2671
2226
2110
2016
2144
2793
2699
2306
2579
2603
3743
2986
2481
2210
2494
2180
1850
2366
2913
3155
3000
3251
1793
2220
1981
2175
2034
1967
2345
1788
1868
2148
2740
2508
2730
2373
2618
2609
2529
2264
1895
1958
1563
2730
1526
2013
2169
1538
1051
1450
1973
1589
2018
2062
1425
2269
1930
3014
2256
1948
2681
3280
2307
2482
2685
2598
2425
1767
1253
1422
1945
1885
1578
1483
991
1375
1849
2595
2181
2631
1939
1148
1993
1345
2069
2695
2395
2043
1696
2239
1223
1423
1419
1938
1986
2553
2564
2807
2496
2047
2583
2136
1402
1509
1553
1905
1713
1905
1810
2663
2012
2114
2511
108
5428
2553
1737
1895
1866
1901
1815
2121
2189
2271
1627
1945
1727
2612
1640
2269
1839
3181
2487
2366
1621
2150
2140
1699
92
6186
1709
1699
1473
1463
1910
3103
2159
1767
2110
3074
2023
2160
1119
1149
377
4966
1129
913
825
765
1060
578
785
815
1228
1142
913
972
1041
709
1149
1247
2612
2175
2573
1993
1365
932
1767
611
5467
2072
1475
2190
1836
1375
1051
539
844
118
3337
706
334
1130
2209
1794
1423
1387
2573
1821
2033
1198
1012
2033
1580
1767
1446
1640
1382
1885
1687
2155
2211
2063
2178
39
413
98
835
314
442
501
504
372
294
265
270
245
206
199
147
68
364
1204
1348
1344
1657
2524
2694
2601
2642
2641
2018
2617
2349
2012
766
2468
1558
1894
3038
2475
2346
2467
2578
2375
2888
2744
2410
2127
2349
2974
2478
2847
3251
2497
2776
3469
2115
2694
2606
2847
2015
2939
3662
2032
2390
3123
2451
1456
2008
2796
2579
2503
2920
2366
2364
2261
2399
2073
2289
1920
1361
1687
1443
1289
1570
1355
2199
2085
975
1275
1967
2001
1846
1461
1266
625
1266
2525
2331
2440
3037
2643
3299
120
3217
4079
3703
2925
2752
2524
1746
1706
2177
2394
2576
1576
1941
1806
1605
1544
1772
1816
1247
1276
1597
1880
2453
2480
2727
2949
2209
569
1287
2217
3047
2912
3372
3245
3052
3110
2495
2848
2252
2152
1723
1706
1640
1535
1596
2221
2063
2754
2148
2369
2607
2575
2418
1859
1632
1621
1228
1718
1900
2161
2302
2072
1483
1509
1425
1492
1535
1586
1369
1354
1467
1586
1413
1293
1571
1469
1583
1675
1455
1344
1395
1276
774
1473
2300
2279
2499
1624
1786
1961
1993
1251
1669
1510
1684
2270
2764
2916
2113
2462
2026
2631
2250
2339
2999
3203
2589
3162
2788
2295
2746
2899
2894
2170
1395
1034
2068
2216
2763
2199
1232
1739
1780
2970
2781
2053
2174
1976
2168
1796
2428
2335
1968
2457
3031
2899
3002
2564
1894
1465
1262
1885
1976
2878
2037
2366
2806
2362
3679
3117
1732
1966
2769
2795
2799
2554
1826
2445
1826
2532
2818
2167
1640
1735
1842
1901
2415
2323
2640
3166
3005
2821
3130
2480
2627
1885
2461
2201
1925
2163
2727
2468
2743
1836
2339
1965
1964
2024
2115
1632
2190
1903
1809
1775
1801
1603
1501
1302
1220
1529
1898
1742
1955
2153
2015
1795
1957
1802
2092
1448
1806
1387
1447
1502
1330
1441
1575
1520
1583
1867
1754
1805
2023
1512
1525
1738
1718
2267
2757
2673
2034
2252
2052
1495
1502
1125
864
1276
1037
993
1011
904
1325
1453
1964
1498
1767
1553
1502
1171
1188
903
648
511
353
363
344
353
314
276
501
559
687
539
458
549
481
559
324
217
265
275
275
353
353
412
314
260
275
225
186
225
118
118
68
78
98
98
98
98
108
108
108
108
108
98
88
78
78
40
167
186
245
284
255
206
157
48
127
88
98
108
9
58
58
29
29
29
68
29
29
39
39
48
39
58
29
19
46
48
58
68
9
58
48
29
9
29
68
39
58
29
39
58
68
58
58
68
78
78
88
88
108
98
98
58
98
78
108
98
88
68
118
459
48
58
39
19
78
58
48
48
48
68
48
39
9
39
402
78
58
127
137
88
68
137
68
98
78
108
118
78
39
48
29
29
39
9
58
25
48
78
88
108
147
78
108
98
108
98
19
68
98
48
118
306
37
108
157
186
176
137
147
137
78
118
196
74
186
186
176
215
225
176
225
128
196
58
903
118
147
29
78
20
98
108
19
58
48
88
58
78
88
108
78
39
118
618
68
29
58
68
16
48
58
58
58
39
48
48
29
29
9
39
58
98
78
98
39
58
78
118
197
39
58
48
39
39
29
118
58
88
186
48
78
88
58
88
98
48
39
29
29
9
9
19
9
9
9
29
39
39
19
29
39
166
68
68
19
153
48
88
68
88
88
88
118
88
108
65
68
58
58
118
118
88
78
58
78
58
58
38
48
68
98
108
137
50
118
88
78
58
9
58
48
18
29
39
29
39
39
9
280
58
88
58
9
58
39
58
42
68
98
88
68
78
72
48
48
58
39
29
136
30
308
1317
1263
578
397
446
870
1347
1305
1624
1890
1920
1809
1187
1168
1116
1486
1677
1253
1495
1370
2196
2162
1860
2004
2016
2114
1982
1856
750
844
442
1129
952
988
2180
1953
1499
1529
1675
1712
1779
1885
1512
1676
1746
1905
432
775
1606
1820
2220
2242
1946
2298
2269
1675
1594
1473
1098
1188
844
1393
1705
1894
2018
2592
2209
1631
658
442
491
118
373
392
215
1721
1983
961
539
874
837
883
825
392
344
382
481
678
214
167
903
539
511
422
176
372
1659
1127
726
1011
701
382
284
461
949
1404
1222
1320
1325
1170
1311
1483
1669
1425
895
1178
792
1286
1077
1098
1067
1512
1341
902
785
1041
1002
1038
950
1119
1208
416
1178
1238
1866
1612
942
432
717
1149
618
1328
2426
2003
1872
1580
1620
949
2249
2093
2239
1728
1407
1590
1419
1744
2128
2140
1816
1793
2524
2671
2226
2110
2016
2144
2793
2699
2306
2579
2603
3743
2986
2481
2210
2494
2180
1850
2366
2913
3155
3000
3251
1793
2220
1981
2175
2034
1967
2345
1788
1868
2148
2740
2508
2730
2373
2618
2609
2529
2264
1895
1958
1563
2730
1526
2013
2169
1538
1051
1450
1973
1589
2018
2062
1425
2269
1930
3014
2256
1948
2681
3280
2307
2482
2685
2598
2425
1767
1253
1422
1945
1885
1578
1483
991
1375
1849
2595
2181
2631
1939
1148
1993
1345
2069
2695
2395
2043
1696
2239
1223
1423
1419
1938
1986
2553
2564
2807
2496
2047
2583
2136
1402
1509
1553
1905
1713
1905
1810
2663
2012
2114
2511
108
5428
2553
1737
1895
1866
1901
1815
2121
2189
2271
1627
1945
1727
2612
1640
2269
1839
3181
2487
2366
1621
2150
2140
1699
92
6186
1709
1699
1473
1463
1910
3103
2159
1767
2110
3074
2023
2160
1119
1149
377
4966
1129
913
825
765
1060
578
785
815
1228
1142
913
972
1041
709
1149
1247
2612
2175
2573
1993
1365
932
1767
611
5467
2072
1475
2190
1836
1375
1051
539
844
118
3337
706
334
1130
2209
1794
1423
1387
2573
1821
2033
1198
1012
2033
1580
1767
1446
1640
1382
1885
1687
2155
2211
2063
2178
39
413
98
835
314
442
501
504
372
294
265
270
245
206
199
147
68
364
1204
1348
1344
1657
2524
2694
2601
2642
2641
2018
2617
2349
2012
766
2468
1558
1894
3038
2475
2346
2467
2578
2375
2888
2744
2410
2127
2349
2974
2478
2847
3251
2497
2776
3469
2115
2694
2606
2847
2015
2939
3662
2032
2390
3123
2451
1456
2008
2796
2579
2503
2920
2366
2364
2261
2399
2073
2289
1920
1361
1687
1443
1289
1570
1355
2199
2085
975
1275
1967
2001
1846
1461
1266
625
1266
2525
2331
2440
3037
2643
3299
120
3217
4079
3703
2925
2752
2524
1746
1706
2177
2394
2576
1576
1941
1806
1605
1544
1772
1816
1247
1276
1597
1880
2453
2480
2727
2949
2209
569
1287
2217
3047
2912
3372
3245
3052
3110
2495
2848
2252
2152
1723
1706
1640
1535
1596
2221
2063
2754
2148
2369
2607
2575
2418
1859
1632
1621
1228
1718
1900
2161
2302
2072
1483
1509
1425
1492
1535
1586
1369
1354
1467
1586
1413
1293
1571
1469
1583
1675
1455
1344
1395
1276
774
1473
2300
2279
2499
1624
1786
1961
1993
1251
1669
1510
1684
2270
2764
2916
2113
2462
2026
2631
2250
2339
2999
3203
2589
3162
2788
2295
2746
2899
2894
2170
1395
1034
2068
2216
2763
2199
1232
1739
1780
2970
2781
2053
2174
1976
2168
1796
2428
2335
1968
2457
3031
2899
3002
2564
1894
1465
1262
1885
1976
2878
2037
2366
2806
2362
3679
3117
1732
1966
2769
2795
2799
2554
1826
2445
1826
2532
2818
2167
1640
1735
1842
1901
2415
2323
2640
3166
3005
2821
3130
2480
2627
1885
2461
2201
1925
2163
2727
2468
2743
1836
2339
1965
1964
2024
2115
1632
2190
1903
1809
1775
1801
1603
1501
1302
1220
1529
1898
1742
1955
2153
2015
1795
1957
1802
2092
1448
1806
1387
1447
1502
1330
1441
1575
1520
1583
1867
1754
1805
2023
1512
1525
1738
1718
2267
2757
2673
2034
2252
2052
1495
1502
1125
864
1276
1037
993
1011
904
1325
1453
1964
1498
1767
1553
1502
1171
1188
903
648
511
353
363
344
353
314
276
501
559
687
539
458
549
481
559
324
217
265
275
275
353
353
412
314
260
275
225
186
225
118
118
68
78
98
98
98
98
108
108
108
108
108
98
88
78
78
40
167
186
245
284
255
206
157
48
127
88
98
108
9
58
58
29
29
29
68
29
29
39
39
48
39
58
29
19
46
48
58
68
9
58
48
29
9
29
68
39
58
29
39
58
68
58
58
68
78
78
88
88
108
98
98
58
98
78
108
98
88
68
118
459
48
58
39
19
78
58
48
48
48
68
48
39
9
39
402
78
58
127
137
88
68
137
68
98
78
108
118
78
39
48
29
29
39
9
58
25
48
78
88
108
147
78
108
98
108
98
19
68
98
48
118
306
37
108
157
186
176
137
147
137
78
118
196
74
186
186
176
215
225
176
225
128
196
58
903
118
147
29
78
20
98
108
19
58
48
88
58
78
88
108
78
39
118
618
68
29
58
68
16
48
58
58
58
39
48
48
29
29
9
39
58
98
78
98
39
58
78
118
197
39
58
48
39
39
29
118
58
88
186
48
78
88
58
88
98
48
39
29
29
9
9
19
9
9
9
29
39
39
19
29
39
166
68
68
19
153
48
88
68
88
88
88
118
88
108
65
68
58
58
118
118
88
78
58
78
58
58
38
48
68
98
108
137
50
118
88
78
58
9
58
48
18
29
39
29
39
39
9
280
58
88
58
9
58
39
58
42
68
98
88
68
78
72
48
48
58
39
29
136
30
308
1317
1263
578
397
446
870
1347
1305
1624
1890
1920
1809
1187
1168
1116
1486
1677
1253
1495
1370
2196
2162
1860
2004
2016
2114
1982
1856
750
844
442
1129
952
988
2180
1953
1499
1529
1675
1712
1779
1885
1512
1676
1746
1905
432
775
1606
1820
2220
2242
1946
2298
2269
1675
1594
1473
1098
1188
844
1393
1705
1894
2018
2592
2209
1631
658
442
491
118
373
392
215
1721
1983
961
539
874
837
883
825
392
344
382
481
678
214
167
903
539
511
422
176
372
1659
1127
726
1011
701
382
284
461
949
1404
1222
1320
1325
1170
1311
1483
1669
1425
895
1178
792
1286
1077
1098
1067
1512
1341
902
785
1041
1002
1038
950
1119
1208
416
1178
1238
1866
1612
942
432
717
1149
618
1328
2426
2003
1872
1580
1620
949
2249
2093
2239
1728
1407
1590
1419
1744
2128
2140
1816
1793
2524
2671
2226
2110
2016
2144
2793
2699
2306
2579
2603
3743
2986
2481
2210
2494
2180
1850
2366
2913
3155
3000
3251
1793
2220
1981
2175
2034
1967
2345
1788
1868
2148
2740
2508
2730
2373
2618
2609
2529
2264
1895
1958
1563
2730
1526
2013
2169
1538
1051
1450
1973
1589
2018
2062
1425
2269
1930
3014
2256
1948
2681
3280
2307
2482
2685
2598
2425
1767
1253
1422
1945
1885
1578
1483
991
1375
1849
2595
2181
2631
1939
1148
1993
1345
2069
2695
2395
2043
1696
2239
1223
1423
1419
1938
1986
2553
2564
2807
2496
2047
2583
2136
1402
1509
1553
1905
1713
1905
1810
2663
2012
2114
2511
108
5428
2553
1737
1895
1866
1901
1815
2121
2189
2271
1627
1945
1727
2612
1640
2269
1839
3181
2487
2366
1621
2150
2140
1699
92
6186
1709
1699
1473
1463
1910
3103
2159
1767
2110
3074
2023
2160
1119
1149
377
4966
1129
913
825
765
1060
578
785
815
1228
1142
913
972
1041
709
1149
1247
2612
2175
2573
1993
1365
932
1767
611
5467
2072
1475
2190
1836
1375
1051
539
844
118
3337
706
334
1130
2209
1794
1423
1387
2573
1821
2033
1198
1012
2033
1580
1767
1446
1640
1382
1885
1687
2155
2211
2063
2178
39
