138
33
278
105
147
167
168
124
98
88
90
82
69
66
49
23
121
401
449
448
552
841
898
867
881
880
673
872
783
671
255
823
519
631
1013
825
782
822
859
792
963
915
803
709
783
991
826
949
1084
832
925
1156
705
898
869
949
672
980
1221
677
797
1041
817
485
669
932
860
834
973
789
788
754
800
691
763
640
454
562
481
430
523
452
733
695
325
425
656
667
615
487
422
208
422
842
777
813
1012
881
1100
40
1072
1360
1234
975
917
841
582
569
726
798
859
525
647
602
535
515
591
605
416
425
532
627
818
827
909
983
736
190
429
739
1016
971
1124
1082
1017
1037
832
949
751
717
574
569
547
512
532
740
688
918
716
790
869
858
806
620
544
540
409
573
633
720
767
691
494
503
475
497
512
529
456
451
489
529
471
431
524
490
528
558
485
448
465
425
258
491
767
760
833
541
595
654
664
417
556
503
561
757
921
972
704
821
675
877
750
780
1000
1068
863
1054
929
765
915
966
965
723
465
345
689
739
921
733
411
580
593
990
927
684
725
659
723
599
809
778
656
819
1010
966
1001
855
631
488
421
628
659
959
679
789
935
787
1226
1039
577
655
923
932
933
851
609
815
609
844
939
722
547
578
614
634
805
774
880
1055
1002
940
1043
827
876
628
820
734
642
721
909
823
914
612
780
655
655
675
705
544
730
634
603
592
600
534
500
434
407
510
633
581
652
718
672
598
652
601
697
483
602
462
482
501
443
480
525
507
528
622
585
602
674
504
508
579
573
756
919
891
678
751
684
498
501
375
288
425
346
331
337
301
442
484
655
499
589
518
501
390
396
301
216
170
118
121
115
118
105
92
167
186
229
180
153
183
160
186
108
72
88
92
92
118
118
137
105
87
92
75
62
75
39
39
23
26
33
33
33
33
36
36
36
36
36
33
29
26
26
13
56
62
82
95
85
69
52
16
42
29
33
36
3
19
19
10
10
10
23
10
10
13
13
16
13
19
10
6
15
16
19
23
3
19
16
10
3
10
23
13
19
10
13
19
23
19
19
23
26
26
29
29
36
33
33
19
33
26
36
33
29
23
39
153
16
19
13
6
26
19
16
16
16
23
16
13
3
13
134
26
19
42
46
29
23
46
23
33
26
36
39
26
13
16
10
10
13
3
19
8
16
26
29
36
49
26
36
33
36
33
6
23
33
16
39
102
12
36
52
62
59
46
49
46
26
39
65
25
62
62
59
72
75
59
75
43
65
19
301
39
49
10
26
7
33
36
6
19
16
29
19
26
29
36
26
13
39
206
23
10
19
23
5
16
19
19
19
13
16
16
10
10
3
13
19
33
26
33
13
19
26
39
66
13
19
16
13
13
10
39
19
29
62
16
26
29
19
29
33
16
13
10
10
3
3
6
3
3
3
10
13
13
6
10
13
55
23
23
6
51
16
29
23
29
29
29
39
29
36
22
23
19
19
39
39
29
26
19
26
19
19
13
16
23
33
36
46
17
39
29
26
19
3
19
16
6
10
13
10
13
13
3
93
19
29
19
3
19
13
19
14
23
33
29
23
26
24
16
16
19
13
10
45
10
103
439
421
193
132
149
290
449
435
541
630
640
603
396
389
372
495
559
418
498
457
732
721
620
668
672
705
661
619
250
281
147
376
317
329
727
651
500
510
558
571
593
628
504
559
582
635
144
258
535
607
740
747
649
766
756
558
531
491
366
396
281
464
568
631
673
864
736
544
219
147
164
39
124
131
72
574
661
320
180
291
279
294
275
131
115
127
160
226
71
56
301
180
170
141
59
124
553
376
242
337
234
127
95
154
316
468
407
440
442
390
437
494
556
475
298
393
264
429
359
366
356
504
447
301
262
347
334
346
317
373
403
139
393
413
622
537
314
144
239
383
206
443
809
668
624
527
540
316
750
698
746
576
469
530
473
581
709
713
605
598
841
890
742
703
672
715
931
900
769
860
868
1248
995
827
737
831
727
617
789
971
1052
1000
1084
598
740
660
725
678
656
782
596
623
716
913
836
910
791
873
870
843
755
632
653
521
910
509
671
723
513
350
483
658
530
673
687
475
756
643
1005
752
649
894
1093
769
827
895
866
808
589
418
474
648
628
526
494
330
458
616
865
727
877
646
383
664
448
690
898
798
681
565
746
408
474
473
646
662
851
855
936
832
682
861
712
467
503
518
635
571
635
603
888
671
705
837
36
1809
851
579
632
622
634
605
707
730
757
542
648
576
871
547
756
613
1060
829
789
540
717
713
566
31
2062
570
566
491
488
637
1034
720
589
703
1025
674
720
373
383
126
1655
376
304
275
255
353
193
262
272
409
381
304
324
347
236
383
416
871
725
858
664
455
311
589
204
1822
691
492
730
612
458
350
180
281
39
1112
235
111
377
736
598
474
462
858
607
678
399
337
678
527
589
482
547
461
628
562
718
737
688
726
13
138
33
278
105
147
167
168
124
98
88
90
82
69
66
49
23
121
401
449
448
552
841
898
867
881
880
673
872
783
671
255
823
519
631
1013
825
782
822
859
792
963
915
803
709
783
991
826
949
1084
832
925
1156
705
898
869
949
672
980
1221
677
797
1041
817
485
669
932
860
834
973
789
788
754
800
691
763
640
454
562
481
430
523
452
733
695
325
425
656
667
615
487
422
208
422
842
777
813
1012
881
1100
40
1072
1360
1234
975
917
841
582
569
726
798
859
525
647
602
535
515
591
605
416
425
532
627
818
827
909
983
736
190
429
739
1016
971
1124
1082
1017
1037
832
949
751
717
574
569
547
512
532
740
688
918
716
790
869
858
806
620
544
540
409
573
633
720
767
691
494
503
475
497
512
529
456
451
489
529
471
431
524
490
528
558
485
448
465
425
258
491
767
760
833
541
595
654
664
417
556
503
561
757
921
972
704
821
675
877
750
780
1000
1068
863
1054
929
765
915
966
965
723
465
345
689
739
921
733
411
580
593
990
927
684
725
659
723
599
809
778
656
819
1010
966
1001
855
631
488
421
628
659
959
679
789
935
787
1226
1039
577
655
923
932
933
851
609
815
609
844
939
722
547
578
614
634
805
774
880
1055
1002
940
1043
827
876
628
820
734
642
721
909
823
914
612
780
655
655
675
705
544
730
634
603
592
600
534
500
434
407
510
633
581
652
718
672
598
652
601
697
483
602
462
482
501
443
480
525
507
528
622
585
602
674
504
508
579
573
756
919
891
678
751
684
498
501
375
288
425
346
331
337
301
442
484
655
499
589
518
501
390
396
301
216
170
118
121
115
118
105
92
167
186
229
180
153
183
160
186
108
72
88
92
92
118
118
137
105
87
92
75
62
75
39
39
23
26
33
33
33
33
36
36
36
36
36
33
29
26
26
13
56
62
82
95
85
69
52
16
42
29
33
36
3
19
19
10
10
10
23
10
10
13
13
16
13
19
10
6
15
16
19
23
3
19
16
10
3
10
23
13
19
10
13
19
23
19
19
23
26
26
29
29
36
33
33
19
33
26
36
33
29
23
39
153
16
19
13
6
26
19
16
16
16
23
16
13
3
13
134
26
19
42
46
29
23
46
23
33
26
36
39
26
13
16
10
10
13
3
19
8
16
26
29
36
49
26
36
33
36
33
6
23
33
16
39
102
12
36
52
62
59
46
49
46
26
39
65
25
62
62
59
72
75
59
75
43
65
19
301
39
49
10
26
7
33
36
6
19
16
29
19
26
29
36
26
13
39
206
23
10
19
23
5
16
19
19
19
13
16
16
10
10
3
13
19
33
26
33
13
19
26
39
66
13
19
16
13
13
10
39
19
29
62
16
26
29
19
29
33
16
13
10
10
3
3
6
3
3
3
10
13
13
6
10
13
55
23
23
6
51
16
29
23
29
29
29
39
29
36
22
23
19
19
39
39
29
26
19
26
19
19
13
16
23
33
36
46
17
39
29
26
19
3
19
16
6
10
13
10
13
13
3
93
19
29
19
3
19
13
19
14
23
33
29
23
26
24
16
16
19
13
10
45
10
103
439
421
193
132
149
290
449
435
541
630
640
603
396
389
372
495
559
418
498
457
732
721
620
668
672
705
661
619
250
281
147
376
317
329
727
651
500
510
558
571
593
628
504
559
582
635
144
258
535
607
740
747
649
766
756
558
531
491
366
396
281
464
568
631
673
864
736
544
219
147
164
39
124
131
72
574
661
320
180
291
279
294
275
131
115
127
160
226
71
56
301
180
170
141
59
124
553
376
242
337
234
127
95
154
316
468
407
440
442
390
437
494
556
475
298
393
264
429
359
366
356
504
447
301
262
347
334
346
317
373
403
139
393
413
622
537
314
144
239
383
206
443
809
668
624
527
540
316
750
698
746
576
469
530
473
581
709
713
605
598
841
890
742
703
672
715
931
900
769
860
868
1248
995
827
737
831
727
617
789
971
1052
1000
1084
598
740
660
725
678
656
782
596
623
716
913
836
910
791
873
870
843
755
632
653
521
910
509
671
723
513
350
483
658
530
673
687
475
756
643
1005
752
649
894
1093
769
827
895
866
808
589
418
474
648
628
526
494
330
458
616
865
727
877
646
383
664
448
690
898
798
681
565
746
408
474
473
646
662
851
855
936
832
682
861
712
467
503
518
635
571
635
603
888
671
705
837
36
1809
851
579
632
622
634
605
707
730
757
542
648
576
871
547
756
613
1060
829
789
540
717
713
566
31
2062
570
566
491
488
637
1034
720
589
703
1025
674
720
373
383
126
1655
376
304
275
255
353
193
262
272
409
381
304
324
347
236
383
416
871
725
858
664
455
311
589
204
1822
691
492
730
612
458
350
180
281
39
1112
235
111
377
736
598
474
462
858
607
678
399
337
678
527
589
482
547
461
628
562
718
737
688
726
13
138
33
278
105
147
167
168
124
98
88
90
82
69
66
49
23
121
401
449
448
552
841
898
867
881
880
673
872
783
671
255
823
519
631
1013
825
782
822
859
792
963
915
803
709
783
991
826
949
1084
832
925
1156
705
898
869
949
672
980
1221
677
797
1041
817
485
669
932
860
834
973
789
788
754
800
691
763
640
454
562
481
430
523
452
733
695
325
425
656
667
615
487
422
208
422
842
777
813
1012
881
1100
40
1072
1360
1234
975
917
841
582
569
726
798
859
525
647
602
535
515
591
605
416
425
532
627
818
827
909
983
736
190
429
739
1016
971
1124
1082
1017
1037
832
949
751
717
574
569
547
512
532
740
688
918
716
790
869
858
806
620
544
540
409
573
633
720
767
691
494
503
475
497
512
529
456
451
489
529
471
431
524
490
528
558
485
448
465
425
258
491
767
760
833
541
595
654
664
417
556
503
561
757
921
972
704
821
675
877
750
780
1000
1068
863
1054
929
765
915
966
965
723
465
345
689
739
921
733
411
580
593
990
927
684
725
659
723
599
809
778
656
819
1010
966
1001
855
631
488
421
628
659
959
679
789
935
787
1226
1039
577
655
923
932
933
851
609
815
609
844
939
722
547
578
614
634
805
774
880
1055
1002
940
1043
827
876
628
820
734
642
721
909
823
914
612
780
655
655
675
705
544
730
634
603
592
600
534
500
434
407
510
633
581
652
718
672
598
652
601
697
483
602
462
482
501
443
480
525
507
528
622
585
602
674
504
508
579
573
756
919
891
678
751
684
498
501
375
288
425
346
331
337
301
442
484
655
499
589
518
501
390
396
301
216
170
118
121
115
118
105
92
167
186
229
180
153
183
160
186
108
72
88
92
92
118
118
137
105
87
92
75
62
75
39
39
23
26
33
33
33
33
36
36
36
36
36
33
29
26
26
13
56
62
82
95
85
69
52
16
42
29
33
36
3
19
19
10
10
10
23
10
10
13
13
16
13
19
10
6
15
16
19
23
3
19
16
10
3
10
23
13
19
10
13
19
23
19
19
23
26
26
29
29
36
33
33
19
33
26
36
33
29
23
39
153
16
19
13
6
26
19
16
16
16
23
16
13
3
13
134
26
19
42
46
29
23
46
23
33
26
36
39
26
13
16
10
10
13
3
19
8
16
26
29
36
49
26
36
33
36
33
6
23
33
16
39
102
12
36
52
62
59
46
49
46
26
39
65
25
62
62
59
72
75
59
75
43
65
19
301
39
49
10
26
7
33
36
6
19
16
29
19
26
29
36
26
13
39
206
23
10
19
23
5
16
19
19
19
13
16
16
10
10
3
13
19
33
26
33
13
19
26
39
66
13
19
16
13
13
10
39
19
29
62
16
26
29
19
29
33
16
13
10
10
3
3
6
3
3
3
10
13
13
6
10
13
55
23
23
6
51
16
29
23
29
29
29
39
29
36
22
23
19
19
39
39
29
26
19
26
19
19
13
16
23
33
36
46
17
39
29
26
19
3
19
16
6
10
13
10
13
13
3
93
19
29
19
3
19
13
19
14
23
33
29
23
26
24
16
16
19
13
10
45
10
103
439
421
193
132
149
290
449
435
541
630
640
603
396
389
372
495
559
418
498
457
732
721
620
668
672
705
661
619
250
281
147
376
317
329
727
651
500
510
558
571
593
628
504
559
582
635
144
258
535
607
740
747
649
766
756
558
531
491
366
396
281
464
568
631
673
864
736
544
219
147
164
39
124
131
72
574
661
320
180
291
279
294
275
131
115
127
160
226
71
56
301
180
170
141
59
124
553
376
242
337
234
127
95
154
316
468
407
440
442
390
437
494
556
475
298
393
264
429
359
366
356
504
447
301
262
347
334
346
317
373
403
139
393
413
622
537
314
144
239
383
206
443
809
668
624
527
540
316
750
698
746
576
469
530
473
581
709
713
605
598
841
890
742
703
672
715
931
900
769
860
868
1248
995
827
737
831
727
617
789
971
1052
1000
1084
598
740
660
725
678
656
782
596
623
716
913
836
910
791
873
870
843
755
632
653
521
910
509
671
723
513
350
483
658
530
673
687
475
756
643
1005
752
649
894
1093
769
827
895
866
808
589
418
474
648
628
526
494
330
458
616
865
727
877
646
383
664
448
690
898
798
681
565
746
408
474
473
646
662
851
855
936
832
682
861
712
467
503
518
635
571
635
603
888
671
705
837
36
1809
851
579
632
622
634
605
707
730
757
542
648
576
871
547
756
613
1060
829
789
540
717
713
566
31
2062
570
566
491
488
637
1034
720
589
703
1025
674
720
373
383
126
1655
376
304
275
255
353
193
262
272
409
381
304
324
347
236
383
416
871
725
858
664
455
311
589
204
1822
691
492
730
612
458
350
180
281
39
1112
235
111
377
736
598
474
462
858
607
678
399
337
678
527
589
482
547
461
628
562
718
737
688
726
13
