12
1297
2359
2001
293
427
742
839
1351
1241
1798
1611
1602
1845
1919
1987
1381
1046
1125
991
549
339
603
306
293
349
643
754
603
490
397
742
1136
728
264
206
191
132
479
515
942
1241
896
751
522
511
692
836
664
661
611
439
816
666
425
576
573
639
575
323
323
564
887
820
334
616
1038
1215
1110
1055
1044
1101
890
957
927
987
1098
875
441
203
1000
1349
1018
1044
1260
1067
686
1131
1470
1143
1642
1443
721
1171
1596
1262
1345
1355
1625
1444
1723
2112
1732
1070
1028
966
1441
1513
1129
767
565
1059
894
843
608
1416
1662
1389
1454
1466
1120
1069
1705
1280
1470
1275
1470
952
942
1109
1170
783
847
764
603
960
1093
1046
1124
746
1127
1141
1163
1367
1369
1214
859
520
412
1149
1261
1264
1326
1326
1537
1480
1075
1183
888
1109
812
596
1144
1310
1171
778
907
618
386
456
746
935
1008
1070
867
1098
1222
1240
1338
1202
1233
1233
1167
719
1176
1188
1232
1183
1197
837
1351
1319
1174
1369
1429
1514
1499
1620
1580
1549
1423
1187
795
509
738
707
560
802
611
476
668
361
1157
1047
915
529
390
1090
1528
1460
1183
1564
1948
1491
1937
1436
1549
1417
1112
1059
1421
1353
1205
1476
2090
1564
1421
1415
1447
1345
1390
1604
1141
1229
988
1055
859
537
1490
1424
1328
1342
1210
952
1221
1480
1324
962
471
176
128
1310
1604
1493
1264
1841
1857
1476
1202
1199
1164
882
790
690
681
865
1341
961
1187
1369
996
1625
1320
1569
1431
1389
1320
1066
855
432
499
672
515
28
793
739
734
700
1704
1822
1848
1748
1972
1895
1585
2304
1713
1257
1009
73
117
855
639
820
585
1055
1463
1755
1968
2089
1697
2192
1817
1622
1495
1763
1596
1812
1565
1716
1859
1744
1480
1568
964
445
293
1024
1630
1848
1946
1502
1222
1124
1127
910
729
674
755
791
758
832
529
378
436
544
705
751
503
501
171
1590
1759
1529
1459
1475
1070
1242
1538
1612
773
1070
1197
1075
708
563
659
323
323
275
781
623
420
521
559
389
373
367
241
308
303
456
308
308
246
323
238
357
147
147
162
108
397
248
176
117
102
58
117
94
102
43
43
382
96
308
236
197
293
250
140
162
28
486
87
102
157
588
397
287
427
408
471
248
191
206
132
170
221
279
205
382
303
672
993
808
724
832
662
351
497
865
972
456
283
308
198
279
311
583
725
880
847
1600
1291
1036
1258
1427
1996
2070
2128
1634
1537
1388
1190
1439
1184
1540
1357
1596
2009
2118
1817
1970
1732
1546
1662
1612
1501
1303
1396
1475
1448
1537
1369
2085
1762
1509
1711
2008
2001
1715
1902
1750
1813
1684
1513
1882
1559
1192
1339
1520
1505
1277
1307
1330
1392
1541
1380
1806
1537
1742
1098
1789
1155
1386
1634
1685
1930
1812
1915
1789
2186
1969
1738
734
444
382
518
1401
1804
1742
1567
1647
1377
1408
1540
1425
1534
1724
1697
1073
1482
1314
1376
1868
2058
1571
1564
1470
1297
1370
992
1585
1369
1385
804
618
485
335
279
264
462
921
1394
1487
1109
1645
1357
1069
1139
1595
1709
1633
1089
1483
1132
1437
1295
1402
608
762
585
983
1012
1122
927
699
544
132
382
585
740
1306
1505
1464
1521
1447
1950
1935
1610
1219
1225
1296
1423
1222
1794
1281
1595
1246
1001
1350
1262
1129
1280
1184
1133
1331
1397
1105
729
948
867
599
797
1215
1186
789
906
813
1031
556
585
279
441
441
316
767
961
1287
1272
1400
1223
1180
1581
1503
1439
1429
1435
1443
1458
1665
1428
1684
1654
1649
1814
1774
1236
1750
1699
1783
1699
1929
2039
1353
1935
1755
1380
1743
1774
1900
2058
1876
1699
1840
1534
1863
1685
1859
1769
1820
1782
1705
1367
1895
1855
1280
1553
875
1583
1580
1464
1116
1390
1366
1035
1384
980
1365
1178
1098
1304
1400
1479
1530
1534
1802
1729
1719
1853
1202
1801
1884
1742
1355
1685
1750
1642
1782
1606
1448
1341
1520
1654
1209
1475
1342
1439
1236
1016
1118
1455
1431
1351
1266
1292
1720
1529
871
1573
1688
1555
1677
1396
1373
917
1346
1370
1168
1281
1576
1506
1843
1612
1487
1825
1650
1384
1327
1653
1682
1616
1763
1629
1591
1799
1479
1444
1653
1840
1571
1342
1647
1770
2398
1614
1723
1762
1373
1594
1480
1458
1583
1573
1668
1612
1476
1260
1244
1454
1892
1236
1384
1371
1475
1645
1409
1359
1069
1109
1668
1622
969
1529
1104
386
1046
1067
945
1047
720
518
556
720
809
377
1073
639
549
841
1075
412
647
324
279
338
456
280
736
400
957
707
456
304
382
338
276
573
201
427
371
677
474
437
486
486
349
460
588
318
367
427
186
441
319
323
338
192
353
367
214
353
221
205
544
248
323
231
353
236
132
191
703
837
856
943
1027
1353
1645
894
1117
903
1031
857
696
727
755
801
346
384
279
176
1109
335
73
132
750
515
708
878
785
78
1346
961
483
569
721
564
501
555
284
353
338
409
764
1059
790
742
501
393
635
884
655
580
412
338
324
1044
1013
855
927
732
638
631
918
650
478
381
544
587
717
454
385
382
281
353
249
412
371
412
245
397
328
367
308
213
162
191
147
238
655
279
147
308
160
323
264
226
236
511
382
755
501
234
1187
1030
1100
564
279
670
191
191
264
483
1180
1194
1192
594
581
890
666
692
587
462
592
515
320
559
507
404
602
791
1281
1012
1248
1459
1296
1542
1478
1590
1654
1654
1728
1544
655
1148
1556
1818
1455
1606
1874
2024
1398
1275
1288
1440
1366
1452
1509
1814
1594
847
876
734
966
769
779
825
817
1144
1315
802
983
696
911
1057
840
793
1178
1110
848
588
668
849
918
786
960
988
989
1009
791
1093
1171
1197
983
1225
1092
1291
1338
1057
1412
1342
1380
1521
1159
1205
1376
1540
1573
1754
1790
1658
1050
1013
1240
1428
1467
1221
1552
1732
1575
1163
1249
1619
1542
1489
1482
1366
1209
1071
1092
1756
1413
1625
1139
1432
1518
1518
1596
2007
1238
1376
1727
1448
1517
1590
1830
1555
1229
1205
518
1564
1276
1409
1415
1211
1342
1548
1166
1261
1238
968
631
559
441
974
1397
1404
1607
1145
1548
1556
1172
1890
1157
1203
1206
1507
1834
1463
1724
1533
1548
1602
1618
1494
876
1444
1670
1211
1651
1195
1668
1720
1620
1746
1493
1700
1581
1769
1770
1571
1406
12
1297
2359
2001
293
427
742
839
1351
1241
1798
1611
1602
1845
1919
1987
1381
1046
1125
991
549
339
603
306
293
349
643
754
603
490
397
742
1136
728
264
206
191
132
479
515
942
1241
896
751
522
511
692
836
664
661
611
439
816
666
425
576
573
639
575
323
323
564
887
820
334
616
1038
1215
1110
1055
1044
1101
890
957
927
987
1098
875
441
203
1000
1349
1018
1044
1260
1067
686
1131
1470
1143
1642
1443
721
1171
1596
1262
1345
1355
1625
1444
1723
2112
1732
1070
1028
966
1441
1513
1129
767
565
1059
894
843
608
1416
1662
1389
1454
1466
1120
1069
1705
1280
1470
1275
1470
952
942
1109
1170
783
847
764
603
960
1093
1046
1124
746
1127
1141
1163
1367
1369
1214
859
520
412
1149
1261
1264
1326
1326
1537
1480
1075
1183
888
1109
812
596
1144
1310
1171
778
907
618
386
456
746
935
1008
1070
867
1098
1222
1240
1338
1202
1233
1233
1167
719
1176
1188
1232
1183
1197
837
1351
1319
1174
1369
1429
1514
1499
1620
1580
1549
1423
1187
795
509
738
707
560
802
611
476
668
361
1157
1047
915
529
390
1090
1528
1460
1183
1564
1948
1491
1937
1436
1549
1417
1112
1059
1421
1353
1205
1476
2090
1564
1421
1415
1447
1345
1390
1604
1141
1229
988
1055
859
537
1490
1424
1328
1342
1210
952
1221
1480
1324
962
471
176
128
1310
1604
1493
1264
1841
1857
1476
1202
1199
1164
882
790
690
681
865
1341
961
1187
1369
996
1625
1320
1569
1431
1389
1320
1066
855
432
499
672
515
28
793
739
734
700
1704
1822
1848
1748
1972
1895
1585
2304
1713
1257
1009
73
117
855
639
820
585
1055
1463
1755
1968
2089
1697
2192
1817
1622
1495
1763
1596
1812
1565
1716
1859
1744
1480
1568
964
445
293
1024
1630
1848
1946
1502
1222
1124
1127
910
729
674
755
791
758
832
529
378
436
544
705
751
503
501
171
1590
1759
1529
1459
1475
1070
1242
1538
1612
773
1070
1197
1075
708
563
659
323
323
275
781
623
420
521
559
389
373
367
241
308
303
456
308
308
246
323
238
357
147
147
162
108
397
248
176
117
102
58
117
94
102
43
43
382
96
308
236
197
293
250
140
162
28
486
87
102
157
588
397
287
427
408
471
248
191
206
132
170
221
279
205
382
303
672
993
808
724
832
662
351
497
865
972
456
283
308
198
279
311
583
725
880
847
1600
1291
1036
1258
1427
1996
2070
2128
1634
1537
1388
1190
1439
1184
1540
1357
1596
2009
2118
1817
1970
1732
1546
1662
1612
1501
1303
1396
1475
1448
1537
1369
2085
1762
1509
1711
2008
2001
1715
1902
1750
1813
1684
1513
1882
1559
1192
1339
1520
1505
1277
1307
1330
1392
1541
1380
1806
1537
1742
1098
1789
1155
1386
1634
1685
1930
1812
1915
1789
2186
1969
1738
734
444
382
518
1401
1804
1742
1567
1647
1377
1408
1540
1425
1534
1724
1697
1073
1482
1314
1376
1868
2058
1571
1564
1470
1297
1370
992
1585
1369
1385
804
618
485
335
279
264
462
921
1394
1487
1109
1645
1357
1069
1139
1595
1709
1633
1089
1483
1132
1437
1295
1402
608
762
585
983
1012
1122
927
699
544
132
382
585
740
1306
1505
1464
1521
1447
1950
1935
1610
1219
1225
1296
1423
1222
1794
1281
1595
1246
1001
1350
1262
1129
1280
1184
1133
1331
1397
1105
729
948
867
599
797
1215
1186
789
906
813
1031
556
585
279
441
441
316
767
961
1287
1272
1400
1223
1180
1581
1503
1439
1429
1435
1443
1458
1665
1428
1684
1654
1649
1814
1774
1236
1750
1699
1783
1699
1929
2039
1353
1935
1755
1380
1743
1774
1900
2058
1876
1699
1840
1534
1863
1685
1859
1769
1820
1782
1705
1367
1895
1855
1280
1553
875
1583
1580
1464
1116
1390
1366
1035
1384
980
1365
1178
1098
1304
1400
1479
1530
1534
1802
1729
1719
1853
1202
1801
1884
1742
1355
1685
1750
1642
1782
1606
1448
1341
1520
1654
1209
1475
1342
1439
1236
1016
1118
1455
1431
1351
1266
1292
1720
1529
871
1573
1688
1555
1677
1396
1373
917
1346
1370
1168
1281
1576
1506
1843
1612
1487
1825
1650
1384
1327
1653
1682
1616
1763
1629
1591
1799
1479
1444
1653
1840
1571
1342
1647
1770
2398
1614
1723
1762
1373
1594
1480
1458
1583
1573
1668
1612
1476
1260
1244
1454
1892
1236
1384
1371
1475
1645
1409
1359
1069
1109
1668
1622
969
1529
1104
386
1046
1067
945
1047
720
518
556
720
809
377
1073
639
549
841
1075
412
647
324
279
338
456
280
736
400
957
707
456
304
382
338
276
573
201
427
371
677
474
437
486
486
349
460
588
318
367
427
186
441
319
323
338
192
353
367
214
353
221
205
544
248
323
231
353
236
132
191
703
837
856
943
1027
1353
1645
894
1117
903
1031
857
696
727
755
801
346
384
279
176
1109
335
73
132
750
515
708
878
785
78
1346
961
483
569
721
564
501
555
284
353
338
409
764
1059
790
742
501
393
635
884
655
580
412
338
324
1044
1013
855
927
732
638
631
918
650
478
381
544
587
717
454
385
382
281
353
249
412
371
412
245
397
328
367
308
213
162
191
147
238
655
279
147
308
160
323
264
226
236
511
382
755
501
234
1187
1030
1100
564
279
670
191
191
264
483
1180
1194
1192
594
581
890
666
692
587
462
592
515
320
559
507
404
602
791
1281
1012
1248
1459
1296
1542
1478
1590
1654
1654
1728
1544
655
1148
1556
1818
1455
1606
1874
2024
1398
1275
1288
1440
1366
1452
1509
1814
1594
847
876
734
966
769
779
825
817
1144
1315
802
983
696
911
1057
840
793
1178
1110
848
588
668
849
918
786
960
988
989
1009
791
1093
1171
1197
983
1225
1092
1291
1338
1057
1412
1342
1380
1521
1159
1205
1376
1540
1573
1754
1790
1658
1050
1013
1240
1428
1467
1221
1552
1732
1575
1163
1249
1619
1542
1489
1482
1366
1209
1071
1092
1756
1413
1625
1139
1432
1518
1518
1596
2007
1238
1376
1727
1448
1517
1590
1830
1555
1229
1205
518
1564
1276
1409
1415
1211
1342
1548
1166
1261
1238
968
631
559
441
974
1397
1404
1607
1145
1548
1556
1172
1890
1157
1203
1206
1507
1834
1463
1724
1533
1548
1602
1618
1494
876
1444
1670
1211
1651
1195
1668
1720
1620
1746
1493
1700
1581
1769
1770
1571
1406
12
1297
2359
2001
293
427
742
839
1351
1241
1798
1611
1602
1845
1919
1987
1381
1046
1125
991
549
339
603
306
293
349
643
754
603
490
397
742
1136
728
264
206
191
132
479
515
942
1241
896
751
522
511
692
836
664
661
611
439
816
666
425
576
573
639
575
323
323
564
887
820
334
616
1038
1215
1110
1055
1044
1101
890
957
927
987
1098
875
441
203
1000
1349
1018
1044
1260
1067
686
1131
1470
1143
1642
1443
721
1171
1596
1262
1345
1355
1625
1444
1723
2112
1732
1070
1028
966
1441
1513
1129
767
565
1059
894
843
608
1416
1662
1389
1454
1466
1120
1069
1705
1280
1470
1275
1470
952
942
1109
1170
783
847
764
603
960
1093
1046
1124
746
1127
1141
1163
1367
1369
1214
859
520
412
1149
1261
1264
1326
1326
1537
1480
1075
1183
888
1109
812
596
1144
1310
1171
778
907
618
386
456
746
935
1008
1070
867
1098
1222
1240
1338
1202
1233
1233
1167
719
1176
1188
1232
1183
1197
837
1351
1319
1174
1369
1429
1514
1499
1620
1580
1549
1423
1187
795
509
738
707
560
802
611
476
668
361
1157
1047
915
529
390
1090
1528
1460
1183
1564
1948
1491
1937
1436
1549
1417
1112
1059
1421
1353
1205
1476
2090
1564
1421
1415
1447
1345
1390
1604
1141
1229
988
1055
859
537
1490
1424
1328
1342
1210
952
1221
1480
1324
962
471
176
128
1310
1604
1493
1264
1841
1857
1476
1202
1199
1164
882
790
690
681
865
1341
961
1187
1369
996
1625
1320
1569
1431
1389
1320
1066
855
432
499
672
515
28
793
739
734
700
1704
1822
1848
1748
1972
1895
1585
2304
1713
1257
1009
73
117
855
639
820
585
1055
1463
1755
1968
2089
1697
2192
1817
1622
1495
1763
1596
1812
1565
1716
1859
1744
1480
1568
964
445
293
1024
1630
1848
1946
1502
1222
1124
1127
910
729
674
755
791
758
832
529
378
436
544
705
751
503
501
171
1590
1759
1529
1459
1475
1070
1242
1538
1612
773
1070
1197
1075
708
563
659
323
323
275
781
623
420
521
559
389
373
367
241
308
303
456
308
308
246
323
238
357
147
147
162
108
397
248
176
117
102
58
117
94
102
43
43
382
96
308
236
197
293
250
140
162
28
486
87
102
157
588
397
287
427
408
471
248
191
206
132
170
221
279
205
382
303
672
993
808
724
832
662
351
497
865
972
456
283
308
198
279
311
583
725
880
847
1600
1291
1036
1258
1427
1996
2070
2128
1634
1537
1388
1190
1439
1184
1540
1357
1596
2009
2118
1817
1970
1732
1546
1662
1612
1501
1303
1396
1475
1448
1537
1369
2085
1762
1509
1711
2008
2001
1715
1902
1750
1813
1684
1513
1882
1559
1192
1339
1520
1505
1277
1307
1330
1392
1541
1380
1806
1537
1742
1098
1789
1155
1386
1634
1685
1930
1812
1915
1789
2186
1969
1738
734
444
382
518
1401
1804
1742
1567
1647
1377
1408
1540
1425
1534
1724
1697
1073
1482
1314
1376
1868
2058
1571
1564
1470
1297
1370
992
1585
1369
1385
804
618
485
335
279
264
462
921
1394
1487
1109
1645
1357
1069
1139
1595
1709
1633
1089
1483
1132
1437
1295
1402
608
762
585
983
1012
1122
927
699
544
132
382
585
740
1306
1505
1464
1521
1447
1950
1935
1610
1219
1225
1296
1423
1222
1794
1281
1595
1246
1001
1350
1262
1129
1280
1184
1133
1331
1397
1105
729
948
867
599
797
1215
1186
789
906
813
1031
556
585
279
441
441
316
767
961
1287
1272
1400
1223
1180
1581
1503
1439
1429
1435
1443
1458
1665
1428
1684
1654
1649
1814
1774
1236
1750
1699
1783
1699
1929
2039
1353
1935
1755
1380
1743
1774
1900
2058
1876
1699
1840
1534
1863
1685
1859
1769
1820
1782
1705
1367
1895
1855
1280
1553
875
1583
1580
1464
1116
1390
1366
1035
1384
980
1365
1178
1098
1304
1400
1479
1530
1534
1802
1729
1719
1853
1202
1801
1884
1742
1355
1685
1750
1642
1782
1606
1448
1341
1520
1654
1209
1475
1342
1439
1236
1016
1118
1455
1431
1351
1266
1292
1720
1529
871
1573
1688
1555
1677
1396
1373
917
1346
1370
1168
1281
1576
1506
1843
1612
1487
1825
1650
1384
1327
1653
1682
1616
1763
1629
1591
1799
1479
1444
1653
1840
1571
1342
1647
1770
2398
1614
1723
1762
1373
1594
1480
1458
1583
1573
1668
1612
1476
1260
1244
1454
1892
1236
1384
1371
1475
1645
1409
1359
1069
1109
1668
1622
969
1529
1104
386
1046
1067
945
1047
720
518
556
720
809
377
1073
639
549
841
1075
412
647
324
279
338
456
280
736
400
957
707
456
304
382
338
276
573
201
427
371
677
474
437
486
486
349
460
588
318
367
427
186
441
319
323
338
192
353
367
214
353
221
205
544
248
323
231
353
236
132
191
703
837
856
943
1027
1353
1645
894
1117
903
1031
857
696
727
755
801
346
384
279
176
1109
335
73
132
750
515
708
878
785
78
1346
961
483
569
721
564
501
555
284
353
338
409
764
1059
790
742
501
393
635
884
655
580
412
338
324
1044
1013
855
927
732
638
631
918
650
478
381
544
587
717
454
385
382
281
353
249
412
371
412
245
397
328
367
308
213
162
191
147
238
655
279
147
308
160
323
264
226
236
511
382
755
501
234
1187
1030
1100
564
279
670
191
191
264
483
1180
1194
1192
594
581
890
666
692
587
462
592
515
320
559
507
404
602
791
1281
1012
1248
1459
1296
1542
1478
1590
1654
1654
1728
1544
655
1148
1556
1818
1455
1606
1874
2024
1398
1275
1288
1440
1366
1452
1509
1814
1594
847
876
734
966
769
779
825
817
1144
1315
802
983
696
911
1057
840
793
1178
1110
848
588
668
849
918
786
960
988
989
1009
791
1093
1171
1197
983
1225
1092
1291
1338
1057
1412
1342
1380
1521
1159
1205
1376
1540
1573
1754
1790
1658
1050
1013
1240
1428
1467
1221
1552
1732
1575
1163
1249
1619
1542
1489
1482
1366
1209
1071
1092
1756
1413
1625
1139
1432
1518
1518
1596
2007
1238
1376
1727
1448
1517
1590
1830
1555
1229
1205
518
1564
1276
1409
1415
1211
1342
1548
1166
1261
1238
968
631
559
441
974
1397
1404
1607
1145
1548
1556
1172
1890
1157
1203
1206
1507
1834
1463
1724
1533
1548
1602
1618
1494
876
1444
1670
1211
1651
1195
1668
1720
1620
1746
1493
1700
1581
1769
1770
1571
1406
