1549
2549
1548
1873
1720
1770
2123
1896
2055
2068
1764
1396
2016
1469
2126
2143
927
1937
1605
1829
2162
1837
1794
1901
1930
2121
1896
2145
2264
1703
2463
2007
2390
1781
1703
1630
2328
2216
2310
1058
1987
1739
1980
1751
2047
2401
2123
1271
1597
2090
1844
1445
2016
1581
2192
2509
1722
1749
2279
2156
1984
2253
1754
1861
2050
1858
2025
1684
1593
1338
1930
1472
875
285
1099
950
966
1120
1343
1458
1308
1177
1014
1002
1321
1719
1356
1665
1936
1940
1732
1672
1753
1802
1334
1671
1601
1426
1504
1614
1430
1472
1461
166
445
443
613
688
1147
1951
1463
1868
1880
1586
1875
1802
1774
1638
1658
1435
1671
1961
2161
1587
1745
1658
1821
1755
1844
1414
1652
1641
1844
1932
2269
1595
1380
1372
1352
1223
1528
1368
1176
1204
1352
1464
1538
1764
921
1469
1296
1726
1368
2076
1655
1258
1528
1520
1653
1825
1521
1815
1425
1405
1720
1395
1229
1385
903
622
501
1125
1420
1131
879
1271
830
1089
794
484
1401
276
699
1133
1246
1437
1407
1315
1463
1117
1405
2050
2223
1928
859
457
641
739
913
395
623
1316
1577
1534
1492
1480
1701
1803
1875
1768
1421
984
1571
1698
1749
1869
1368
1483
1410
1320
1198
1478
1702
1437
1767
1681
1082
704
723
975
957
945
588
618
790
1043
903
606
138
587
644
591
1378
1162
1285
1396
1516
1225
916
733
656
840
964
1098
1296
1041
897
166
589
235
23
766
387
191
1301
1291
1611
1520
1243
1021
1156
1065
889
654
401
531
642
503
534
951
1114
1421
1209
1252
1204
1299
1061
1129
937
1217
895
1380
1980
1524
2071
1638
2205
1931
2035
2020
2069
1964
1925
1143
1958
1688
2221
2023
2007
1743
2026
2240
1377
1475
1928
1887
1901
2192
2423
2541
2078
1201
1248
1201
1313
1552
1755
2090
1722
2486
1792
2099
2090
2217
1983
1789
1926
1989
1998
1920
2119
1409
1980
1712
1913
1215
1253
933
961
860
1227
1357
1276
1143
1271
1024
1346
1085
1275
1133
1286
1464
1304
1330
1171
1114
1284
1524
1538
1719
2013
1940
1697
2156
1942
1703
1960
1901
1576
2021
1705
1870
2361
2208
1658
1200
1385
1418
1700
2026
1998
1655
1492
1504
1301
1124
1170
1394
978
1123
1210
1461
879
868
572
426
345
242
207
235
331
582
525
569
422
470
355
387
345
296
345
317
636
242
248
207
484
525
733
221
363
634
747
854
865
594
607
784
893
961
994
852
1015
847
1074
902
671
981
1007
866
802
1014
776
802
635
373
449
472
386
579
803
1300
1072
1010
754
957
785
656
491
484
196
276
248
248
345
263
401
204
1076
526
166
602
625
543
627
941
835
723
661
831
651
775
894
744
701
559
696
656
841
806
635
799
1048
1009
1329
1246
1193
1076
865
1098
1046
1134
1371
1176
1057
1343
1060
1113
1080
1404
1321
1138
1142
1124
1257
1303
1524
909
2219
1692
2190
965
1357
916
1404
1354
838
978
683
943
876
831
728
823
823
837
876
1296
2061
1505
2140
1749
1411
904
704
1237
1072
1067
1151
1013
1383
1249
1204
1485
1294
1131
1315
1364
1196
1052
1127
1314
1358
1273
1138
1182
895
1550
1440
1491
909
1064
1765
1464
1444
1505
1445
1122
1593
1410
1000
1246
1456
1277
1385
1262
1303
1684
1201
1003
1101
983
272
415
482
391
304
157
567
212
317
274
415
236
193
68
68
140
457
283
235
290
307
443
408
497
621
721
733
458
937
1253
1018
953
946
470
531
783
465
546
580
482
185
415
192
359
789
875
776
938
780
1129
959
955
1024
902
572
344
720
773
387
373
388
331
1129
1139
1289
1760
1194
1547
1248
978
1327
1497
1681
1271
1352
1346
890
1201
1253
996
847
1406
1234
1748
1481
1315
1260
880
1042
1335
1364
1253
802
916
960
1160
1262
1292
1518
1249
870
1382
1402
1210
663
843
1079
1012
1330
1189
1023
1114
903
1184
1249
1082
1275
1036
1576
1050
903
720
813
1022
1108
985
841
718
685
606
684
655
846
802
484
985
745
747
943
1009
927
936
1015
1442
736
549
631
849
756
673
784
720
597
741
951
1324
1367
1094
623
1065
1158
890
612
706
964
1042
1096
912
1029
950
862
601
720
918
868
1150
1299
861
1029
984
1380
1383
1332
1286
1048
1180
840
1095
1115
1043
1094
635
798
641
941
606
544
842
865
1153
884
894
902
653
931
936
862
642
487
712
746
779
784
765
927
788
659
884
895
1062
1061
636
529
1057
881
1070
856
784
1060
818
737
568
453
587
628
525
702
692
693
756
668
711
497
776
602
497
352
424
429
388
345
599
699
818
875
580
377
475
457
338
656
722
832
774
506
508
622
511
302
276
304
384
470
429
310
193
248
166
675
401
401
345
359
130
138
235
193
215
235
207
197
262
248
290
192
317
248
124
166
158
290
193
348
636
468
520
401
220
262
138
152
110
68
47
82
180
124
110
82
54
43
82
68
68
110
68
96
138
226
207
180
102
180
138
54
334
124
110
40
591
317
119
82
54
68
68
96
110
142
740
827
1466
1141
730
744
602
389
408
701
541
580
569
647
642
567
424
656
771
850
1144
984
1256
1437
1435
1254
1023
1371
1500
1206
1138
1156
1146
1055
1058
903
465
610
1027
1514
1071
870
1034
983
400
664
541
692
355
470
682
1273
830
1127
808
991
884
1133
1674
1585
1419
1305
1055
1510
1338
728
248
338
331
283
304
229
980
1171
1110
964
768
876
1009
912
878
778
1177
1392
1449
928
1167
1362
1674
1493
1918
1390
2119
1786
1669
1597
1142
1354
1499
1605
1591
1553
1516
1487
1619
1456
1254
1449
1163
1346
1233
1392
1405
771
1136
1367
966
1041
1242
1005
1093
845
841
733
597
414
650
493
678
617
1291
1129
1086
1074
1225
1743
880
511
467
664
309
373
272
262
345
321
248
207
152
67
484
845
512
704
536
470
223
577
1252
1185
1230
1265
1404
1399
1425
1525
1700
1329
1668
1429
1117
1144
615
664
1330
1304
1284
1225
1088
912
1089
1075
1247
1136
1013
903
1702
1248
1356
1476
1585
1305
1793
1457
1916
811
1184
1062
1668
1568
1289
1867
1306
1346
1203
1286
1364
1469
1748
1598
1493
1531
1440
1214
1458
1679
1333
1163
1463
1407
1303
1268
1382
1990
1346
859
1214
1510
914
938
1046
755
1501
1850
1478
637
1069
669
852
445
941
674
1099
731
1174
850
1251
1079
994
1153
1069
1177
1118
1012
454
711
706
517
1119
1160
1209
1507
1449
1473
1444
1205
1449
1381
1294
1185
1260
1267
1291
1254
1172
1313
1352
1218
1352
1359
1228
1319
1261
1249
1404
1475
1031
1410
1429
1065
1539
975
1553
1607
1342
1396
1354
1482
927
1598
1539
1392
773
1148
1190
1439
1448
1454
1026
683
1251
278
359
546
642
779
808
864
909
1015
1105
196
1549
2549
1548
1873
1720
1770
2123
1896
2055
2068
1764
1396
2016
1469
2126
2143
927
1937
1605
1829
2162
1837
1794
1901
1930
2121
1896
2145
2264
1703
2463
2007
2390
1781
1703
1630
2328
2216
2310
1058
1987
1739
1980
1751
2047
2401
2123
1271
1597
2090
1844
1445
2016
1581
2192
2509
1722
1749
2279
2156
1984
2253
1754
1861
2050
1858
2025
1684
1593
1338
1930
1472
875
285
1099
950
966
1120
1343
1458
1308
1177
1014
1002
1321
1719
1356
1665
1936
1940
1732
1672
1753
1802
1334
1671
1601
1426
1504
1614
1430
1472
1461
166
445
443
613
688
1147
1951
1463
1868
1880
1586
1875
1802
1774
1638
1658
1435
1671
1961
2161
1587
1745
1658
1821
1755
1844
1414
1652
1641
1844
1932
2269
1595
1380
1372
1352
1223
1528
1368
1176
1204
1352
1464
1538
1764
921
1469
1296
1726
1368
2076
1655
1258
1528
1520
1653
1825
1521
1815
1425
1405
1720
1395
1229
1385
903
622
501
1125
1420
1131
879
1271
830
1089
794
484
1401
276
699
1133
1246
1437
1407
1315
1463
1117
1405
2050
2223
1928
859
457
641
739
913
395
623
1316
1577
1534
1492
1480
1701
1803
1875
1768
1421
984
1571
1698
1749
1869
1368
1483
1410
1320
1198
1478
1702
1437
1767
1681
1082
704
723
975
957
945
588
618
790
1043
903
606
138
587
644
591
1378
1162
1285
1396
1516
1225
916
733
656
840
964
1098
1296
1041
897
166
589
235
23
766
387
191
1301
1291
1611
1520
1243
1021
1156
1065
889
654
401
531
642
503
534
951
1114
1421
1209
1252
1204
1299
1061
1129
937
1217
895
1380
1980
1524
2071
1638
2205
1931
2035
2020
2069
1964
1925
1143
1958
1688
2221
2023
2007
1743
2026
2240
1377
1475
1928
1887
1901
2192
2423
2541
2078
1201
1248
1201
1313
1552
1755
2090
1722
2486
1792
2099
2090
2217
1983
1789
1926
1989
1998
1920
2119
1409
1980
1712
1913
1215
1253
933
961
860
1227
1357
1276
1143
1271
1024
1346
1085
1275
1133
1286
1464
1304
1330
1171
1114
1284
1524
1538
1719
2013
1940
1697
2156
1942
1703
1960
1901
1576
2021
1705
1870
2361
2208
1658
1200
1385
1418
1700
2026
1998
1655
1492
1504
1301
1124
1170
1394
978
1123
1210
1461
879
868
572
426
345
242
207
235
331
582
525
569
422
470
355
387
345
296
345
317
636
242
248
207
484
525
733
221
363
634
747
854
865
594
607
784
893
961
994
852
1015
847
1074
902
671
981
1007
866
802
1014
776
802
635
373
449
472
386
579
803
1300
1072
1010
754
957
785
656
491
484
196
276
248
248
345
263
401
204
1076
526
166
602
625
543
627
941
835
723
661
831
651
775
894
744
701
559
696
656
841
806
635
799
1048
1009
1329
1246
1193
1076
865
1098
1046
1134
1371
1176
1057
1343
1060
1113
1080
1404
1321
1138
1142
1124
1257
1303
1524
909
2219
1692
2190
965
1357
916
1404
1354
838
978
683
943
876
831
728
823
823
837
876
1296
2061
1505
2140
1749
1411
904
704
1237
1072
1067
1151
1013
1383
1249
1204
1485
1294
1131
1315
1364
1196
1052
1127
1314
1358
1273
1138
1182
895
1550
1440
1491
909
1064
1765
1464
1444
1505
1445
1122
1593
1410
1000
1246
1456
1277
1385
1262
1303
1684
1201
1003
1101
983
272
415
482
391
304
157
567
212
317
274
415
236
193
68
68
140
457
283
235
290
307
443
408
497
621
721
733
458
937
1253
1018
953
946
470
531
783
465
546
580
482
185
415
192
359
789
875
776
938
780
1129
959
955
1024
902
572
344
720
773
387
373
388
331
1129
1139
1289
1760
1194
1547
1248
978
1327
1497
1681
1271
1352
1346
890
1201
1253
996
847
1406
1234
1748
1481
1315
1260
880
1042
1335
1364
1253
802
916
960
1160
1262
1292
1518
1249
870
1382
1402
1210
663
843
1079
1012
1330
1189
1023
1114
903
1184
1249
1082
1275
1036
1576
1050
903
720
813
1022
1108
985
841
718
685
606
684
655
846
802
484
985
745
747
943
1009
927
936
1015
1442
736
549
631
849
756
673
784
720
597
741
951
1324
1367
1094
623
1065
1158
890
612
706
964
1042
1096
912
1029
950
862
601
720
918
868
1150
1299
861
1029
984
1380
1383
1332
1286
1048
1180
840
1095
1115
1043
1094
635
798
641
941
606
544
842
865
1153
884
894
902
653
931
936
862
642
487
712
746
779
784
765
927
788
659
884
895
1062
1061
636
529
1057
881
1070
856
784
1060
818
737
568
453
587
628
525
702
692
693
756
668
711
497
776
602
497
352
424
429
388
345
599
699
818
875
580
377
475
457
338
656
722
832
774
506
508
622
511
302
276
304
384
470
429
310
193
248
166
675
401
401
345
359
130
138
235
193
215
235
207
197
262
248
290
192
317
248
124
166
158
290
193
348
636
468
520
401
220
262
138
152
110
68
47
82
180
124
110
82
54
43
82
68
68
110
68
96
138
226
207
180
102
180
138
54
334
124
110
40
591
317
119
82
54
68
68
96
110
142
740
827
1466
1141
730
744
602
389
408
701
541
580
569
647
642
567
424
656
771
850
1144
984
1256
1437
1435
1254
1023
1371
1500
1206
1138
1156
1146
1055
1058
903
465
610
1027
1514
1071
870
1034
983
400
664
541
692
355
470
682
1273
830
1127
808
991
884
1133
1674
1585
1419
1305
1055
1510
1338
728
248
338
331
283
304
229
980
1171
1110
964
768
876
1009
912
878
778
1177
1392
1449
928
1167
1362
1674
1493
1918
1390
2119
1786
1669
1597
1142
1354
1499
1605
1591
1553
1516
1487
1619
1456
1254
1449
1163
1346
1233
1392
1405
771
1136
1367
966
1041
1242
1005
1093
845
841
733
597
414
650
493
678
617
1291
1129
1086
1074
1225
1743
880
511
467
664
309
373
272
262
345
321
248
207
152
67
484
845
512
704
536
470
223
577
1252
1185
1230
1265
1404
1399
1425
1525
1700
1329
1668
1429
1117
1144
615
664
1330
1304
1284
1225
1088
912
1089
1075
1247
1136
1013
903
1702
1248
1356
1476
1585
1305
1793
1457
1916
811
1184
1062
1668
1568
1289
1867
1306
1346
1203
1286
1364
1469
1748
1598
1493
1531
1440
1214
1458
1679
1333
1163
1463
1407
1303
1268
1382
1990
1346
859
1214
1510
914
938
1046
755
1501
1850
1478
637
1069
669
852
445
941
674
1099
731
1174
850
1251
1079
994
1153
1069
1177
1118
1012
454
711
706
517
1119
1160
1209
1507
1449
1473
1444
1205
1449
1381
1294
1185
1260
1267
1291
1254
1172
1313
1352
1218
1352
1359
1228
1319
1261
1249
1404
1475
1031
1410
1429
1065
1539
975
1553
1607
1342
1396
1354
1482
927
1598
1539
1392
773
1148
1190
1439
1448
1454
1026
683
1251
278
359
546
642
779
808
864
909
1015
1105
196
1549
2549
1548
1873
1720
1770
2123
1896
2055
2068
1764
1396
2016
1469
2126
2143
927
1937
1605
1829
2162
1837
1794
1901
1930
2121
1896
2145
2264
1703
2463
2007
2390
1781
1703
1630
2328
2216
2310
1058
1987
1739
1980
1751
2047
2401
2123
1271
1597
2090
1844
1445
2016
1581
2192
2509
1722
1749
2279
2156
1984
2253
1754
1861
2050
1858
2025
1684
1593
1338
1930
1472
875
285
1099
950
966
1120
1343
1458
1308
1177
1014
1002
1321
1719
1356
1665
1936
1940
1732
1672
1753
1802
1334
1671
1601
1426
1504
1614
1430
1472
1461
166
445
443
613
688
1147
1951
1463
1868
1880
1586
1875
1802
1774
1638
1658
1435
1671
1961
2161
1587
1745
1658
1821
1755
1844
1414
1652
1641
1844
1932
2269
1595
1380
1372
1352
1223
1528
1368
1176
1204
1352
1464
1538
1764
921
1469
1296
1726
1368
2076
1655
1258
1528
1520
1653
1825
1521
1815
1425
1405
1720
1395
1229
1385
903
622
501
1125
1420
1131
879
1271
830
1089
794
484
1401
276
699
1133
1246
1437
1407
1315
1463
1117
1405
2050
2223
1928
859
457
641
739
913
395
623
1316
1577
1534
1492
1480
1701
1803
1875
1768
1421
984
1571
1698
1749
1869
1368
1483
1410
1320
1198
1478
1702
1437
1767
1681
1082
704
723
975
957
945
588
618
790
1043
903
606
138
587
644
591
1378
1162
1285
1396
1516
1225
916
733
656
840
964
1098
1296
1041
897
166
589
235
23
766
387
191
1301
1291
1611
1520
1243
1021
1156
1065
889
654
401
531
642
503
534
951
1114
1421
1209
1252
1204
1299
1061
1129
937
1217
895
1380
1980
1524
2071
1638
2205
1931
2035
2020
2069
1964
1925
1143
1958
1688
2221
2023
2007
1743
2026
2240
1377
1475
1928
1887
1901
2192
2423
2541
2078
1201
1248
1201
1313
1552
1755
2090
1722
2486
1792
2099
2090
2217
1983
1789
1926
1989
1998
1920
2119
1409
1980
1712
1913
1215
1253
933
961
860
1227
1357
1276
1143
1271
1024
1346
1085
1275
1133
1286
1464
1304
1330
1171
1114
1284
1524
1538
1719
2013
1940
1697
2156
1942
1703
1960
1901
1576
2021
1705
1870
2361
2208
1658
1200
1385
1418
1700
2026
1998
1655
1492
1504
1301
1124
1170
1394
978
1123
1210
1461
879
868
572
426
345
242
207
235
331
582
525
569
422
470
355
387
345
296
345
317
636
242
248
207
484
525
733
221
363
634
747
854
865
594
607
784
893
961
994
852
1015
847
1074
902
671
981
1007
866
802
1014
776
802
635
373
449
472
386
579
803
1300
1072
1010
754
957
785
656
491
484
196
276
248
248
345
263
401
204
1076
526
166
602
625
543
627
941
835
723
661
831
651
775
894
744
701
559
696
656
841
806
635
799
1048
1009
1329
1246
1193
1076
865
1098
1046
1134
1371
1176
1057
1343
1060
1113
1080
1404
1321
1138
1142
1124
1257
1303
1524
909
2219
1692
2190
965
1357
916
1404
1354
838
978
683
943
876
831
728
823
823
837
876
1296
2061
1505
2140
1749
1411
904
704
1237
1072
1067
1151
1013
1383
1249
1204
1485
1294
1131
1315
1364
1196
1052
1127
1314
1358
1273
1138
1182
895
1550
1440
1491
909
1064
1765
1464
1444
1505
1445
1122
1593
1410
1000
1246
1456
1277
1385
1262
1303
1684
1201
1003
1101
983
272
415
482
391
304
157
567
212
317
274
415
236
193
68
68
140
457
283
235
290
307
443
408
497
621
721
733
458
937
1253
1018
953
946
470
531
783
465
546
580
482
185
415
192
359
789
875
776
938
780
1129
959
955
1024
902
572
344
720
773
387
373
388
331
1129
1139
1289
1760
1194
1547
1248
978
1327
1497
1681
1271
1352
1346
890
1201
1253
996
847
1406
1234
1748
1481
1315
1260
880
1042
1335
1364
1253
802
916
960
1160
1262
1292
1518
1249
870
1382
1402
1210
663
843
1079
1012
1330
1189
1023
1114
903
1184
1249
1082
1275
1036
1576
1050
903
720
813
1022
1108
985
841
718
685
606
684
655
846
802
484
985
745
747
943
1009
927
936
1015
1442
736
549
631
849
756
673
784
720
597
741
951
1324
1367
1094
623
1065
1158
890
612
706
964
1042
1096
912
1029
950
862
601
720
918
868
1150
1299
861
1029
984
1380
1383
1332
1286
1048
1180
840
1095
1115
1043
1094
635
798
641
941
606
544
842
865
1153
884
894
902
653
931
936
862
642
487
712
746
779
784
765
927
788
659
884
895
1062
1061
636
529
1057
881
1070
856
784
1060
818
737
568
453
587
628
525
702
692
693
756
668
711
497
776
602
497
352
424
429
388
345
599
699
818
875
580
377
475
457
338
656
722
832
774
506
508
622
511
302
276
304
384
470
429
310
193
248
166
675
401
401
345
359
130
138
235
193
215
235
207
197
262
248
290
192
317
248
124
166
158
290
193
348
636
468
520
401
220
262
138
152
110
68
47
82
180
124
110
82
54
43
82
68
68
110
68
96
138
226
207
180
102
180
138
54
334
124
110
40
591
317
119
82
54
68
68
96
110
142
740
827
1466
1141
730
744
602
389
408
701
541
580
569
647
642
567
424
656
771
850
1144
984
1256
1437
1435
1254
1023
1371
1500
1206
1138
1156
1146
1055
1058
903
465
610
1027
1514
1071
870
1034
983
400
664
541
692
355
470
682
1273
830
1127
808
991
884
1133
1674
1585
1419
1305
1055
1510
1338
728
248
338
331
283
304
229
980
1171
1110
964
768
876
1009
912
878
778
1177
1392
1449
928
1167
1362
1674
1493
1918
1390
2119
1786
1669
1597
1142
1354
1499
1605
1591
1553
1516
1487
1619
1456
1254
1449
1163
1346
1233
1392
1405
771
1136
1367
966
1041
1242
1005
1093
845
841
733
597
414
650
493
678
617
1291
1129
1086
1074
1225
1743
880
511
467
664
309
373
272
262
345
321
248
207
152
67
484
845
512
704
536
470
223
577
1252
1185
1230
1265
1404
1399
1425
1525
1700
1329
1668
1429
1117
1144
615
664
1330
1304
1284
1225
1088
912
1089
1075
1247
1136
1013
903
1702
1248
1356
1476
1585
1305
1793
1457
1916
811
1184
1062
1668
1568
1289
1867
1306
1346
1203
1286
1364
1469
1748
1598
1493
1531
1440
1214
1458
1679
1333
1163
1463
1407
1303
1268
1382
1990
1346
859
1214
1510
914
938
1046
755
1501
1850
1478
637
1069
669
852
445
941
674
1099
731
1174
850
1251
1079
994
1153
1069
1177
1118
1012
454
711
706
517
1119
1160
1209
1507
1449
1473
1444
1205
1449
1381
1294
1185
1260
1267
1291
1254
1172
1313
1352
1218
1352
1359
1228
1319
1261
1249
1404
1475
1031
1410
1429
1065
1539
975
1553
1607
1342
1396
1354
1482
927
1598
1539
1392
773
1148
1190
1439
1448
1454
1026
683
1251
278
359
546
642
779
808
864
909
1015
1105
196
