209
178
264
191
202
200
152
94
146
138
118
176
172
217
168
168
132
135
129
79
113
75
52
39
60
250
232
132
191
189
67
193
198
160
140
175
151
236
226
217
109
172
123
177
86
120
73
57
107
79
133
97
139
66
234
163
241
122
187
159
181
143
129
118
151
184
174
178
188
156
161
104
147
104
210
281
166
196
273
253
254
208
268
195
245
174
225
258
208
282
213
297
252
298
307
301
265
219
302
349
235
215
280
207
271
342
271
288
138
703
227
193
205
265
245
254
214
66
125
164
147
112
2
182
210
220
235
205
208
210
229
213
284
276
266
151
157
120
118
229
225
255
254
156
168
181
251
199
249
254
255
204
220
218
257
113
46
238
306
352
377
419
276
339
402
464
488
381
444
382
436
504
306
344
285
260
289
315
377
387
377
372
379
542
496
490
638
393
552
220
870
465
412
438
444
486
465
460
367
400
345
398
315
393
446
465
432
491
484
349
402
329
385
237
286
258
184
338
260
170
150
118
117
134
163
155
155
172
151
198
155
201
254
315
243
268
196
211
167
172
221
206
215
220
249
303
241
205
225
185
249
312
314
225
199
147
159
239
190
269
111
133
103
106
73
78
34
50
69
89
74
105
120
111
70
91
77
105
117
101
135
146
131
103
118
144
124
132
125
140
125
112
123
89
53
47
21
8
0
142
125
118
162
94
108
83
106
70
86
103
116
114
127
113
118
123
131
159
111
109
115
144
159
168
159
127
148
101
117
133
106
109
115
130
103
126
106
122
126
119
151
74
49
78
198
205
259
228
275
320
177
308
240
259
148
327
297
214
316
349
238
301
275
244
351
236
173
264
184
237
188
208
144
158
101
191
49
153
290
351
332
204
268
307
288
337
398
425
277
241
318
180
231
286
410
304
349
247
246
209
178
264
191
202
200
152
94
146
138
118
176
172
217
168
168
132
135
129
79
113
75
52
39
60
250
232
132
191
189
67
193
198
160
140
175
151
236
226
217
109
172
123
177
86
120
73
57
107
79
133
97
139
66
234
163
241
122
187
159
181
143
129
118
151
184
174
178
188
156
161
104
147
104
210
281
166
196
273
253
254
208
268
195
245
174
225
258
208
282
213
297
252
298
307
301
265
219
302
349
235
215
280
207
271
342
271
288
138
703
227
193
205
265
245
254
214
66
125
164
147
112
2
182
210
220
235
205
208
210
229
213
284
276
266
151
157
120
118
229
225
255
254
156
168
181
251
199
249
254
255
204
220
218
257
113
46
238
306
352
377
419
276
339
402
464
488
381
444
382
436
504
306
344
285
260
289
315
377
387
377
372
379
542
496
490
638
393
552
220
870
465
412
438
444
486
465
460
367
400
345
398
315
393
446
465
432
491
484
349
402
329
385
237
286
258
184
338
260
170
150
118
117
134
163
155
155
172
151
198
155
201
254
315
243
268
196
211
167
172
221
206
215
220
249
303
241
205
225
185
249
312
314
225
199
147
159
239
190
269
111
133
103
106
73
78
34
50
69
89
74
105
120
111
70
91
77
105
117
101
135
146
131
103
118
144
124
132
125
140
125
112
123
89
53
47
21
8
0
142
125
118
162
94
108
83
106
70
86
103
116
114
127
113
118
123
131
159
111
109
115
144
159
168
159
127
148
101
117
133
106
109
115
130
103
126
106
122
126
119
151
74
49
78
198
205
259
228
275
320
177
308
240
259
148
327
297
214
316
349
238
301
275
244
351
236
173
264
184
237
188
208
144
158
101
191
49
153
290
351
332
204
268
307
288
337
398
425
277
241
318
180
231
286
410
304
349
247
246
209
178
264
191
202
200
152
94
146
138
118
176
172
217
168
168
132
135
129
79
113
75
52
39
60
250
232
132
191
189
67
193
198
160
140
175
151
236
226
217
109
172
123
177
86
120
73
57
107
79
133
97
139
66
234
163
241
122
187
159
181
143
129
118
151
184
174
178
188
156
161
104
147
104
210
281
166
196
273
253
254
208
268
195
245
174
225
258
208
282
213
297
252
298
307
301
265
219
302
349
235
215
280
207
271
342
271
288
138
703
227
193
205
265
245
254
214
66
125
164
147
112
2
182
210
220
235
205
208
210
229
213
284
276
266
151
157
120
118
229
225
255
254
156
168
181
251
199
249
254
255
204
220
218
257
113
46
238
306
352
377
419
276
339
402
464
488
381
444
382
436
504
306
344
285
260
289
315
377
387
377
372
379
542
496
490
638
393
552
220
870
465
412
438
444
486
465
460
367
400
345
398
315
393
446
465
432
491
484
349
402
329
385
237
286
258
184
338
260
170
150
118
117
134
163
155
155
172
151
198
155
201
254
315
243
268
196
211
167
172
221
206
215
220
249
303
241
205
225
185
249
312
314
225
199
147
159
239
190
269
111
133
103
106
73
78
34
50
69
89
74
105
120
111
70
91
77
105
117
101
135
146
131
103
118
144
124
132
125
140
125
112
123
89
53
47
21
8
0
