1177
1074
1399
1033
1354
1712
1354
1438
691
3517
1133
963
1025
1325
1224
1268
1070
332
625
820
735
560
12
912
1051
1099
1174
1027
1040
1049
1144
1066
1420
1380
1328
757
785
598
592
1146
1123
1276
1269
782
839
906
1256
994
1243
1269
1277
1021
1100
1090
1287
566
228
1191
1532
1758
1884
2093
1381
1695
2012
2320
2440
1904
2220
1912
2180
2521
1529
1718
1423
1301
1444
1574
1887
1937
1883
1858
1894
2709
2480
2449
3189
1963
2760
1099
4352
2324
2059
2190
2219
2428
2327
2298
1835
2001
1723
1990
1575
1966
2232
2324
2159
2454
2421
1745
2011
1647
1927
1184
1432
1288
920
1692
1301
849
748
592
585
670
814
775
774
859
753
989
774
1006
1270
1575
1214
1341
978
1054
834
858
1106
1030
1077
1100
1243
1516
1207
1024
1123
926
1243
1562
1569
1126
996
734
793
1197
949
1347
554
664
514
531
364
390
169
252
344
443
371
527
598
555
351
456
387
524
585
505
674
729
653
513
591
722
619
659
626
702
623
562
613
444
266
234
104
39
0
710
625
588
811
470
541
413
532
349
429
515
578
570
635
567
589
613
653
794
553
544
573
720
796
842
794
635
742
504
583
664
528
547
577
651
513
631
529
608
631
595
755
371
247
390
992
1025
1297
1142
1376
1602
884
1539
1200
1293
741
1635
1483
1069
1581
1745
1190
1507
1373
1221
1757
1182
863
1321
918
1184
940
1042
722
788
507
956
247
763
1448
1757
1661
1021
1340
1536
1440
1686
1990
2125
1386
1203
1588
902
1155
1428
2050
1519
1745
1237
1231
1047
892
1321
957
1010
1002
761
470
729
690
589
879
862
1087
841
839
661
677
644
396
566
377
260
195
299
1250
1160
659
956
943
334
963
988
799
702
877
755
1179
1128
1087
547
858
615
885
431
598
364
287
534
396
664
487
697
331
1171
813
1204
608
937
794
905
713
644
592
757
920
871
892
942
782
807
518
735
522
1051
1406
831
979
1367
1265
1272
1042
1341
973
1224
869
1126
1288
1039
1412
1066
1484
1260
1488
1537
1504
1323
1096
1508
1744
1177
1074
1399
1033
1354
1712
1354
1438
691
3517
1133
963
1025
1325
1224
1268
1070
332
625
820
735
560
12
912
1051
1099
1174
1027
1040
1049
1144
1066
1420
1380
1328
757
785
598
592
1146
1123
1276
1269
782
839
906
1256
994
1243
1269
1277
1021
1100
1090
1287
566
228
1191
1532
1758
1884
2093
1381
1695
2012
2320
2440
1904
2220
1912
2180
2521
1529
1718
1423
1301
1444
1574
1887
1937
1883
1858
1894
2709
2480
2449
3189
1963
2760
1099
4352
2324
2059
2190
2219
2428
2327
2298
1835
2001
1723
1990
1575
1966
2232
2324
2159
2454
2421
1745
2011
1647
1927
1184
1432
1288
920
1692
1301
849
748
592
585
670
814
775
774
859
753
989
774
1006
1270
1575
1214
1341
978
1054
834
858
1106
1030
1077
1100
1243
1516
1207
1024
1123
926
1243
1562
1569
1126
996
734
793
1197
949
1347
554
664
514
531
364
390
169
252
344
443
371
527
598
555
351
456
387
524
585
505
674
729
653
513
591
722
619
659
626
702
623
562
613
444
266
234
104
39
0
710
625
588
811
470
541
413
532
349
429
515
578
570
635
567
589
613
653
794
553
544
573
720
796
842
794
635
742
504
583
664
528
547
577
651
513
631
529
608
631
595
755
371
247
390
992
1025
1297
1142
1376
1602
884
1539
1200
1293
741
1635
1483
1069
1581
1745
1190
1507
1373
1221
1757
1182
863
1321
918
1184
940
1042
722
788
507
956
247
763
1448
1757
1661
1021
1340
1536
1440
1686
1990
2125
1386
1203
1588
902
1155
1428
2050
1519
1745
1237
1231
1047
892
1321
957
1010
1002
761
470
729
690
589
879
862
1087
841
839
661
677
644
396
566
377
260
195
299
1250
1160
659
956
943
334
963
988
799
702
877
755
1179
1128
1087
547
858
615
885
431
598
364
287
534
396
664
487
697
331
1171
813
1204
608
937
794
905
713
644
592
757
920
871
892
942
782
807
518
735
522
1051
1406
831
979
1367
1265
1272
1042
1341
973
1224
869
1126
1288
1039
1412
1066
1484
1260
1488
1537
1504
1323
1096
1508
1744
1177
1074
1399
1033
1354
1712
1354
1438
691
3517
1133
963
1025
1325
1224
1268
1070
332
625
820
735
560
12
912
1051
1099
1174
1027
1040
1049
1144
1066
1420
1380
1328
757
785
598
592
1146
1123
1276
1269
782
839
906
1256
994
1243
1269
1277
1021
1100
1090
1287
566
228
1191
1532
1758
1884
2093
1381
1695
2012
2320
2440
1904
2220
1912
2180
2521
1529
1718
1423
1301
1444
1574
1887
1937
1883
1858
1894
2709
2480
2449
3189
1963
2760
1099
4352
2324
2059
2190
2219
2428
2327
2298
1835
2001
1723
1990
1575
1966
2232
2324
2159
2454
2421
1745
2011
1647
1927
1184
1432
1288
920
1692
1301
849
748
592
585
670
814
775
774
859
753
989
774
1006
1270
1575
1214
1341
978
1054
834
858
1106
1030
1077
1100
1243
1516
1207
1024
1123
926
1243
1562
1569
1126
996
734
793
1197
949
1347
554
664
514
531
364
390
169
252
344
443
371
527
598
555
351
456
387
524
585
505
674
729
653
513
591
722
619
659
626
702
623
562
613
444
266
234
104
39
0
