977
802
515
832
656
818
922
791
1004
983
673
853
860
813
1080
909
935
901
766
570
660
1111
1503
1622
1547
1749
1875
1502
908
536
1349
1133
970
791
715
1018
643
756
282
273
1032
1121
1457
1560
1057
992
1325
1110
791
382
942
692
1004
952
1054
1211
719
805
522
619
488
695
1022
856
1589
1711
1682
1450
1263
873
950
1101
1172
1324
1663
1782
1539
1637
1195
1582
1438
1376
1637
1460
165
3490
1348
1276
1458
1435
1216
1499
1310
1149
1418
1080
1073
1585
1286
1182
910
34
1279
983
1066
1231
1336
1372
1678
1214
1280
1179
1345
1933
1490
1596
1602
1329
1418
1307
844
866
571
997
779
1300
1066
1152
1107
755
330
749
1467
1548
1355
1184
1125
1121
747
1260
935
416
1411
2270
2631
2281
1506
1893
2103
2482
1874
2620
2277
844
1321
1443
1678
1870
2254
2100
2356
2958
2823
2837
2862
2363
2853
2311
2214
130
4482
2580
2122
2122
2105
2752
2997
2779
2699
2048
2586
2164
1576
6347
2614
2951
2814
2408
2655
2174
2389
2511
2322
2456
1916
2222
2215
748
4167
983
1211
846
825
619
192
953
1004
964
1259
1063
1438
1055
1445
1321
673
1184
1259
1118
998
1079
1204
842
997
849
1070
1062
1417
1499
1225
1231
1293
1037
1278
1292
1299
1081
1107
616
667
632
664
1121
793
977
681
536
282
199
234
289
247
205
282
302
210
351
385
327
350
536
380
482
319
373
419
340
380
449
365
277
314
412
292
371
253
358
289
247
223
192
185
20
55
10
96
172
133
160
220
54
1280
1580
527
873
703
776
1176
971
1103
1211
1269
1658
1252
911
1174
1234
1211
1627
1284
1231
1350
1052
1121
1316
1291
1314
1364
1238
1357
1394
1377
1359
1434
1282
1294
1189
1352
1309
1513
1316
1106
963
556
1176
1722
1880
1699
2406
2257
2165
2038
2339
1978
1621
1882
2257
2782
2510
2402
2205
1469
2190
2788
2711
2633
2728
1910
1316
1575
994
991
1245
935
1107
891
1045
1014
702
1007
2280
1844
1851
1755
1781
1865
1611
1892
1619
1331
1944
2017
1771
1691
1912
1892
1394
1596
601
908
937
977
802
515
832
656
818
922
791
1004
983
673
853
860
813
1080
909
935
901
766
570
660
1111
1503
1622
1547
1749
1875
1502
908
536
1349
1133
970
791
715
1018
643
756
282
273
1032
1121
1457
1560
1057
992
1325
1110
791
382
942
692
1004
952
1054
1211
719
805
522
619
488
695
1022
856
1589
1711
1682
1450
1263
873
950
1101
1172
1324
1663
1782
1539
1637
1195
1582
1438
1376
1637
1460
165
3490
1348
1276
1458
1435
1216
1499
1310
1149
1418
1080
1073
1585
1286
1182
910
34
1279
983
1066
1231
1336
1372
1678
1214
1280
1179
1345
1933
1490
1596
1602
1329
1418
1307
844
866
571
997
779
1300
1066
1152
1107
755
330
749
1467
1548
1355
1184
1125
1121
747
1260
935
416
1411
2270
2631
2281
1506
1893
2103
2482
1874
2620
2277
844
1321
1443
1678
1870
2254
2100
2356
2958
2823
2837
2862
2363
2853
2311
2214
130
4482
2580
2122
2122
2105
2752
2997
2779
2699
2048
2586
2164
1576
6347
2614
2951
2814
2408
2655
2174
2389
2511
2322
2456
1916
2222
2215
748
4167
983
1211
846
825
619
192
953
1004
964
1259
1063
1438
1055
1445
1321
673
1184
1259
1118
998
1079
1204
842
997
849
1070
1062
1417
1499
1225
1231
1293
1037
1278
1292
1299
1081
1107
616
667
632
664
1121
793
977
681
536
282
199
234
289
247
205
282
302
210
351
385
327
350
536
380
482
319
373
419
340
380
449
365
277
314
412
292
371
253
358
289
247
223
192
185
20
55
10
96
172
133
160
220
54
1280
1580
527
873
703
776
1176
971
1103
1211
1269
1658
1252
911
1174
1234
1211
1627
1284
1231
1350
1052
1121
1316
1291
1314
1364
1238
1357
1394
1377
1359
1434
1282
1294
1189
1352
1309
1513
1316
1106
963
556
1176
1722
1880
1699
2406
2257
2165
2038
2339
1978
1621
1882
2257
2782
2510
2402
2205
1469
2190
2788
2711
2633
2728
1910
1316
1575
994
991
1245
935
1107
891
1045
1014
702
1007
2280
1844
1851
1755
1781
1865
1611
1892
1619
1331
1944
2017
1771
1691
1912
1892
1394
1596
601
908
937
977
802
515
832
656
818
922
791
1004
983
673
853
860
813
1080
909
935
901
766
570
660
1111
1503
1622
1547
1749
1875
1502
908
536
1349
1133
970
791
715
1018
643
756
282
273
1032
1121
1457
1560
1057
992
1325
1110
791
382
942
692
1004
952
1054
1211
719
805
522
619
488
695
1022
856
1589
1711
1682
1450
1263
873
950
1101
1172
1324
1663
1782
1539
1637
1195
1582
1438
1376
1637
1460
165
3490
1348
1276
1458
1435
1216
1499
1310
1149
1418
1080
1073
1585
1286
1182
910
34
1279
983
1066
1231
1336
1372
1678
1214
1280
1179
1345
1933
1490
1596
1602
1329
1418
1307
844
866
571
997
779
1300
1066
1152
1107
755
330
749
1467
1548
1355
1184
1125
1121
747
1260
935
416
1411
2270
2631
2281
1506
1893
2103
2482
1874
2620
2277
844
1321
1443
1678
1870
2254
2100
2356
2958
2823
2837
2862
2363
2853
2311
2214
130
4482
2580
2122
2122
2105
2752
2997
2779
2699
2048
2586
2164
1576
6347
2614
2951
2814
2408
2655
2174
2389
2511
2322
2456
1916
2222
2215
748
4167
983
1211
846
825
619
192
953
1004
964
1259
1063
1438
1055
1445
1321
673
1184
1259
1118
998
1079
1204
842
997
849
1070
1062
1417
1499
1225
1231
1293
1037
1278
1292
1299
1081
1107
616
667
632
664
1121
793
977
681
536
282
199
234
289
247
205
282
302
210
351
385
327
350
536
380
482
319
373
419
340
380
449
365
277
314
412
292
371
253
358
289
247
223
192
185
20
55
10
96
172
133
160
220
54
