1256
1071
1585
1148
1212
1203
914
565
874
828
707
1054
1035
1304
1009
1007
793
812
773
475
680
453
312
233
359
1500
1393
791
1147
1132
400
1156
1186
959
843
1052
906
1415
1353
1304
657
1030
738
1062
517
718
437
345
640
475
797
585
836
398
1405
976
1445
730
1124
953
1086
856
773
710
908
1104
1045
1070
1130
939
969
622
882
627
1261
1687
997
1175
1640
1517
1527
1250
1609
1167
1468
1043
1351
1546
1246
1694
1280
1781
1512
1786
1844
1804
1588
1315
1810
2093
1412
1288
1679
1240
1625
2054
1625
1726
829
4220
1359
1156
1231
1590
1468
1522
1284
398
749
984
882
672
15
1095
1261
1318
1408
1232
1248
1258
1373
1279
1704
1656
1593
909
941
718
710
1375
1348
1531
1523
939
1007
1087
1507
1193
1492
1523
1532
1226
1320
1308
1545
680
273
1429
1838
2110
2261
2512
1657
2034
2414
2784
2929
2285
2664
2294
2616
3026
1834
2061
1707
1562
1732
1889
2265
2324
2260
2230
2273
3251
2976
2939
3827
2356
3312
1319
5222
2789
2471
2628
2663
2914
2793
2757
2202
2401
2068
2388
1890
2359
2679
2789
2590
2944
2906
2094
2413
1976
2312
1421
1718
1546
1103
2031
1562
1019
898
710
702
804
976
930
929
1031
904
1187
929
1207
1524
1890
1457
1609
1174
1265
1001
1030
1328
1236
1292
1320
1491
1819
1448
1229
1348
1111
1492
1874
1882
1351
1195
881
951
1436
1139
1617
665
797
617
637
437
468
203
303
413
531
445
632
718
666
421
547
465
629
702
606
809
874
783
615
709
867
743
791
752
843
748
675
735
532
320
281
125
46
0
852
749
705
974
564
649
495
639
419
515
617
694
685
762
681
707
735
783
953
663
652
687
864
956
1010
953
762
890
605
699
797
633
657
692
781
615
757
635
729
757
714
906
445
296
468
1190
1231
1556
1370
1651
1922
1061
1847
1440
1552
889
1961
1779
1283
1897
2094
1428
1808
1647
1465
2108
1419
1036
1585
1102
1421
1128
1250
867
945
608
1148
296
915
1738
2108
1994
1226
1608
1844
1728
2024
2388
2550
1664
1444
1906
1083
1386
1714
2460
1823
2094
1485
1477
1256
1071
1585
1148
1212
1203
914
565
874
828
707
1054
1035
1304
1009
1007
793
812
773
475
680
453
312
233
359
1500
1393
791
1147
1132
400
1156
1186
959
843
1052
906
1415
1353
1304
657
1030
738
1062
517
718
437
345
640
475
797
585
836
398
1405
976
1445
730
1124
953
1086
856
773
710
908
1104
1045
1070
1130
939
969
622
882
627
1261
1687
997
1175
1640
1517
1527
1250
1609
1167
1468
1043
1351
1546
1246
1694
1280
1781
1512
1786
1844
1804
1588
1315
1810
2093
1412
1288
1679
1240
1625
2054
1625
1726
829
4220
1359
1156
1231
1590
1468
1522
1284
398
749
984
882
672
15
1095
1261
1318
1408
1232
1248
1258
1373
1279
1704
1656
1593
909
941
718
710
1375
1348
1531
1523
939
1007
1087
1507
1193
1492
1523
1532
1226
1320
1308
1545
680
273
1429
1838
2110
2261
2512
1657
2034
2414
2784
2929
2285
2664
2294
2616
3026
1834
2061
1707
1562
1732
1889
2265
2324
2260
2230
2273
3251
2976
2939
3827
2356
3312
1319
5222
2789
2471
2628
2663
2914
2793
2757
2202
2401
2068
2388
1890
2359
2679
2789
2590
2944
2906
2094
2413
1976
2312
1421
1718
1546
1103
2031
1562
1019
898
710
702
804
976
930
929
1031
904
1187
929
1207
1524
1890
1457
1609
1174
1265
1001
1030
1328
1236
1292
1320
1491
1819
1448
1229
1348
1111
1492
1874
1882
1351
1195
881
951
1436
1139
1617
665
797
617
637
437
468
203
303
413
531
445
632
718
666
421
547
465
629
702
606
809
874
783
615
709
867
743
791
752
843
748
675
735
532
320
281
125
46
0
852
749
705
974
564
649
495
639
419
515
617
694
685
762
681
707
735
783
953
663
652
687
864
956
1010
953
762
890
605
699
797
633
657
692
781
615
757
635
729
757
714
906
445
296
468
1190
1231
1556
1370
1651
1922
1061
1847
1440
1552
889
1961
1779
1283
1897
2094
1428
1808
1647
1465
2108
1419
1036
1585
1102
1421
1128
1250
867
945
608
1148
296
915
1738
2108
1994
1226
1608
1844
1728
2024
2388
2550
1664
1444
1906
1083
1386
1714
2460
1823
2094
1485
1477
1256
1071
1585
1148
1212
1203
914
565
874
828
707
1054
1035
1304
1009
1007
793
812
773
475
680
453
312
233
359
1500
1393
791
1147
1132
400
1156
1186
959
843
1052
906
1415
1353
1304
657
1030
738
1062
517
718
437
345
640
475
797
585
836
398
1405
976
1445
730
1124
953
1086
856
773
710
908
1104
1045
1070
1130
939
969
622
882
627
1261
1687
997
1175
1640
1517
1527
1250
1609
1167
1468
1043
1351
1546
1246
1694
1280
1781
1512
1786
1844
1804
1588
1315
1810
2093
1412
1288
1679
1240
1625
2054
1625
1726
829
4220
1359
1156
1231
1590
1468
1522
1284
398
749
984
882
672
15
1095
1261
1318
1408
1232
1248
1258
1373
1279
1704
1656
1593
909
941
718
710
1375
1348
1531
1523
939
1007
1087
1507
1193
1492
1523
1532
1226
1320
1308
1545
680
273
1429
1838
2110
2261
2512
1657
2034
2414
2784
2929
2285
2664
2294
2616
3026
1834
2061
1707
1562
1732
1889
2265
2324
2260
2230
2273
3251
2976
2939
3827
2356
3312
1319
5222
2789
2471
2628
2663
2914
2793
2757
2202
2401
2068
2388
1890
2359
2679
2789
2590
2944
2906
2094
2413
1976
2312
1421
1718
1546
1103
2031
1562
1019
898
710
702
804
976
930
929
1031
904
1187
929
1207
1524
1890
1457
1609
1174
1265
1001
1030
1328
1236
1292
1320
1491
1819
1448
1229
1348
1111
1492
1874
1882
1351
1195
881
951
1436
1139
1617
665
797
617
637
437
468
203
303
413
531
445
632
718
666
421
547
465
629
702
606
809
874
783
615
709
867
743
791
752
843
748
675
735
532
320
281
125
46
0
