814
668
430
694
546
682
768
659
837
819
561
711
717
678
900
758
780
751
638
475
550
926
1253
1352
1289
1457
1563
1252
756
447
1124
944
808
660
596
848
536
630
235
228
860
935
1214
1300
881
827
1104
925
659
318
785
577
837
794
879
1009
599
671
435
515
407
579
852
713
1324
1426
1402
1208
1052
728
792
917
976
1103
1386
1485
1282
1364
996
1319
1198
1147
1364
1216
137
2908
1124
1063
1215
1195
1014
1249
1092
958
1182
900
894
1321
1072
985
759
28
1066
819
888
1026
1114
1143
1399
1012
1067
982
1121
1611
1242
1330
1335
1107
1182
1089
704
722
476
831
649
1083
888
960
923
629
275
624
1223
1290
1129
987
937
934
622
1050
780
346
1176
1892
2192
1901
1255
1577
1752
2069
1562
2183
1897
703
1101
1203
1399
1558
1878
1750
1963
2465
2352
2364
2385
1969
2377
1926
1845
108
3735
2150
1768
1768
1754
2293
2497
2315
2249
1707
2155
1804
1313
5289
2178
2459
2345
2007
2213
1812
1991
2092
1935
2047
1597
1851
1846
623
3473
819
1009
705
688
515
160
794
837
803
1049
886
1198
879
1204
1101
561
987
1049
931
832
899
1003
702
831
707
892
885
1181
1249
1020
1026
1078
864
1065
1077
1083
901
923
513
556
527
553
934
661
814
568
447
235
166
195
240
206
171
235
252
175
292
321
272
292
447
316
401
266
311
349
283
316
374
304
231
261
344
243
309
211
298
240
206
185
160
155
17
46
8
80
143
111
134
183
45
1067
1316
439
728
586
647
980
809
919
1009
1057
1381
1043
759
978
1028
1009
1356
1070
1026
1125
876
935
1096
1075
1095
1137
1032
1130
1162
1148
1133
1195
1068
1078
991
1126
1091
1261
1096
922
803
463
980
1435
1566
1416
2005
1881
1804
1698
1949
1649
1351
1568
1881
2318
2092
2002
1837
1224
1825
2323
2259
2194
2274
1591
1096
1313
829
826
1037
779
923
743
871
845
585
839
1900
1537
1543
1462
1484
1554
1343
1576
1349
1110
1620
1681
1476
1409
1593
1576
1161
1330
501
756
781
814
668
430
694
546
682
768
659
837
819
561
711
717
678
900
758
780
751
638
475
550
926
1253
1352
1289
1457
1563
1252
756
447
1124
944
808
660
596
848
536
630
235
228
860
935
1214
1300
881
827
1104
925
659
318
785
577
837
794
879
1009
599
671
435
515
407
579
852
713
1324
1426
1402
1208
1052
728
792
917
976
1103
1386
1485
1282
1364
996
1319
1198
1147
1364
1216
137
2908
1124
1063
1215
1195
1014
1249
1092
958
1182
900
894
1321
1072
985
759
28
1066
819
888
1026
1114
1143
1399
1012
1067
982
1121
1611
1242
1330
1335
1107
1182
1089
704
722
476
831
649
1083
888
960
923
629
275
624
1223
1290
1129
987
937
934
622
1050
780
346
1176
1892
2192
1901
1255
1577
1752
2069
1562
2183
1897
703
1101
1203
1399
1558
1878
1750
1963
2465
2352
2364
2385
1969
2377
1926
1845
108
3735
2150
1768
1768
1754
2293
2497
2315
2249
1707
2155
1804
1313
5289
2178
2459
2345
2007
2213
1812
1991
2092
1935
2047
1597
1851
1846
623
3473
819
1009
705
688
515
160
794
837
803
1049
886
1198
879
1204
1101
561
987
1049
931
832
899
1003
702
831
707
892
885
1181
1249
1020
1026
1078
864
1065
1077
1083
901
923
513
556
527
553
934
661
814
568
447
235
166
195
240
206
171
235
252
175
292
321
272
292
447
316
401
266
311
349
283
316
374
304
231
261
344
243
309
211
298
240
206
185
160
155
17
46
8
80
143
111
134
183
45
1067
1316
439
728
586
647
980
809
919
1009
1057
1381
1043
759
978
1028
1009
1356
1070
1026
1125
876
935
1096
1075
1095
1137
1032
1130
1162
1148
1133
1195
1068
1078
991
1126
1091
1261
1096
922
803
463
980
1435
1566
1416
2005
1881
1804
1698
1949
1649
1351
1568
1881
2318
2092
2002
1837
1224
1825
2323
2259
2194
2274
1591
1096
1313
829
826
1037
779
923
743
871
845
585
839
1900
1537
1543
1462
1484
1554
1343
1576
1349
1110
1620
1681
1476
1409
1593
1576
1161
1330
501
756
781
814
668
430
694
546
682
768
659
837
819
561
711
717
678
900
758
780
751
638
475
550
926
1253
1352
1289
1457
1563
1252
756
447
1124
944
808
660
596
848
536
630
235
228
860
935
1214
1300
881
827
1104
925
659
318
785
577
837
794
879
1009
599
671
435
515
407
579
852
713
1324
1426
1402
1208
1052
728
792
917
976
1103
1386
1485
1282
1364
996
1319
1198
1147
1364
1216
137
2908
1124
1063
1215
1195
1014
1249
1092
958
1182
900
894
1321
1072
985
759
28
1066
819
888
1026
1114
1143
1399
1012
1067
982
1121
1611
1242
1330
1335
1107
1182
1089
704
722
476
831
649
1083
888
960
923
629
275
624
1223
1290
1129
987
937
934
622
1050
780
346
1176
1892
2192
1901
1255
1577
1752
2069
1562
2183
1897
703
1101
1203
1399
1558
1878
1750
1963
2465
2352
2364
2385
1969
2377
1926
1845
108
3735
2150
1768
1768
1754
2293
2497
2315
2249
1707
2155
1804
1313
5289
2178
2459
2345
2007
2213
1812
1991
2092
1935
2047
1597
1851
1846
623
3473
819
1009
705
688
515
160
794
837
803
1049
886
1198
879
1204
1101
561
987
1049
931
832
899
1003
702
831
707
892
885
1181
1249
1020
1026
1078
864
1065
1077
1083
901
923
513
556
527
553
934
661
814
568
447
235
166
195
240
206
171
235
252
175
292
321
272
292
447
316
401
266
311
349
283
316
374
304
231
261
344
243
309
211
298
240
206
185
160
155
17
46
8
80
143
111
134
183
45
