597
502
547
623
418
400
537
521
428
755
711
677
583
699
420
377
390
405
299
148
194
230
199
308
305
305
410
331
272
233
208
281
238
427
716
525
670
409
372
362
163
187
209
255
203
289
230
269
273
308
238
276
308
238
306
210
420
317
287
308
272
398
351
235
133
187
221
445
530
538
400
433
504
384
325
257
345
272
138
269
188
245
211
158
252
163
296
423
454
316
479
594
283
693
614
429
312
386
417
508
471
648
490
340
559
507
529
459
402
386
408
530
488
541
419
454
340
253
346
330
374
346
492
488
401
310
440
510
448
429
102
141
272
253
308
10
395
418
437
474
500
398
412
408
415
373
462
549
485
359
334
306
291
269
354
473
550
426
430
503
602
592
473
356
400
398
434
378
514
392
325
138
220
536
656
519
577
697
907
891
868
906
721
610
632
892
553
735
631
707
557
912
1143
1058
286
1344
502
497
542
589
684
879
749
909
1014
875
811
726
764
791
703
687
750
846
888
735
726
949
767
950
1039
127
1367
716
616
597
552
430
492
481
456
240
274
191
104
75
31
574
420
488
439
471
405
437
384
407
495
427
451
468
377
439
298
316
388
358
375
404
378
439
444
454
461
362
370
497
294
293
342
290
228
200
255
166
238
172
257
131
308
241
177
163
198
301
264
190
240
198
230
198
262
214
199
136
206
165
233
176
200
209
165
214
153
211
129
148
170
189
158
141
69
70
29
24
12
138
76
224
231
234
240
242
231
284
203
278
235
350
538
177
370
232
282
434
321
345
330
441
444
500
340
238
413
340
336
443
479
438
437
461
458
447
442
271
505
498
473
481
489
486
479
506
421
432
437
443
510
561
437
417
436
551
428
361
287
670
561
373
437
557
618
693
658
647
686
744
723
675
667
679
573
680
655
712
741
733
672
623
657
487
635
673
814
546
587
640
519
375
328
417
502
345
478
342
400
240
318
274
405
553
595
760
836
622
682
591
664
597
502
547
623
418
400
537
521
428
755
711
677
583
699
420
377
390
405
299
148
194
230
199
308
305
305
410
331
272
233
208
281
238
427
716
525
670
409
372
362
163
187
209
255
203
289
230
269
273
308
238
276
308
238
306
210
420
317
287
308
272
398
351
235
133
187
221
445
530
538
400
433
504
384
325
257
345
272
138
269
188
245
211
158
252
163
296
423
454
316
479
594
283
693
614
429
312
386
417
508
471
648
490
340
559
507
529
459
402
386
408
530
488
541
419
454
340
253
346
330
374
346
492
488
401
310
440
510
448
429
102
141
272
253
308
10
395
418
437
474
500
398
412
408
415
373
462
549
485
359
334
306
291
269
354
473
550
426
430
503
602
592
473
356
400
398
434
378
514
392
325
138
220
536
656
519
577
697
907
891
868
906
721
610
632
892
553
735
631
707
557
912
1143
1058
286
1344
502
497
542
589
684
879
749
909
1014
875
811
726
764
791
703
687
750
846
888
735
726
949
767
950
1039
127
1367
716
616
597
552
430
492
481
456
240
274
191
104
75
31
574
420
488
439
471
405
437
384
407
495
427
451
468
377
439
298
316
388
358
375
404
378
439
444
454
461
362
370
497
294
293
342
290
228
200
255
166
238
172
257
131
308
241
177
163
198
301
264
190
240
198
230
198
262
214
199
136
206
165
233
176
200
209
165
214
153
211
129
148
170
189
158
141
69
70
29
24
12
138
76
224
231
234
240
242
231
284
203
278
235
350
538
177
370
232
282
434
321
345
330
441
444
500
340
238
413
340
336
443
479
438
437
461
458
447
442
271
505
498
473
481
489
486
479
506
421
432
437
443
510
561
437
417
436
551
428
361
287
670
561
373
437
557
618
693
658
647
686
744
723
675
667
679
573
680
655
712
741
733
672
623
657
487
635
673
814
546
587
640
519
375
328
417
502
345
478
342
400
240
318
274
405
553
595
760
836
622
682
591
664
597
502
547
623
418
400
537
521
428
755
711
677
583
699
420
377
390
405
299
148
194
230
199
308
305
305
410
331
272
233
208
281
238
427
716
525
670
409
372
362
163
187
209
255
203
289
230
269
273
308
238
276
308
238
306
210
420
317
287
308
272
398
351
235
133
187
221
445
530
538
400
433
504
384
325
257
345
272
138
269
188
245
211
158
252
163
296
423
454
316
479
594
283
693
614
429
312
386
417
508
471
648
490
340
559
507
529
459
402
386
408
530
488
541
419
454
340
253
346
330
374
346
492
488
401
310
440
510
448
429
102
141
272
253
308
10
395
418
437
474
500
398
412
408
415
373
462
549
485
359
334
306
291
269
354
473
550
426
430
503
602
592
473
356
400
398
434
378
514
392
325
138
220
536
656
519
577
697
907
891
868
906
721
610
632
892
553
735
631
707
557
912
1143
1058
286
1344
502
497
542
589
684
879
749
909
1014
875
811
726
764
791
703
687
750
846
888
735
726
949
767
950
1039
127
1367
716
616
597
552
430
492
481
456
240
274
191
104
75
31
574
420
488
439
471
405
437
384
407
495
427
451
468
377
439
298
316
388
358
375
404
378
439
444
454
461
362
370
497
294
293
342
290
228
200
255
166
238
172
257
131
308
241
177
163
198
301
264
190
240
198
230
198
262
214
199
136
206
165
233
176
200
209
165
214
153
211
129
148
170
189
158
141
69
70
29
24
12
138
76
224
231
234
240
242
231
284
203
278
235
