427
527
176
291
234
259
392
324
368
404
423
553
417
304
391
411
404
542
428
410
450
351
374
439
430
438
455
413
452
465
459
453
478
427
431
396
451
436
504
439
369
321
185
392
574
627
566
802
752
722
679
780
659
540
627
752
927
837
801
735
490
730
929
904
878
909
637
439
525
331
330
415
312
369
297
348
338
234
336
760
615
617
585
594
622
537
631
540
444
648
672
590
564
637
631
465
532
200
303
312
326
267
172
277
219
273
307
264
335
328
224
284
287
271
360
303
312
300
255
190
220
370
501
541
516
583
625
501
303
179
450
378
323
264
238
339
214
252
94
91
344
374
486
520
352
331
442
370
264
127
314
231
335
317
351
404
240
268
174
206
163
232
341
285
530
570
561
483
421
291
317
367
391
441
554
594
513
546
398
527
479
459
546
487
55
1163
449
425
486
478
405
500
437
383
473
360
358
528
429
394
303
11
426
328
355
410
445
457
559
405
427
393
448
644
497
532
534
443
473
436
281
289
190
332
260
433
355
384
369
252
110
250
489
516
452
395
375
374
249
420
312
139
470
757
877
760
502
631
701
827
625
873
759
281
440
481
559
623
751
700
785
986
941
946
954
788
951
770
738
43
1494
860
707
707
702
917
999
926
900
683
862
721
525
2116
871
984
938
803
885
725
796
837
774
819
639
741
738
249
1389
328
404
282
275
206
64
318
335
321
420
354
479
352
482
440
224
395
420
373
333
360
401
281
332
283
357
354
472
500
408
410
431
346
426
431
433
360
369
205
222
211
221
374
264
326
227
179
94
66
78
96
82
68
94
101
70
117
128
109
117
179
127
161
106
124
140
113
127
150
122
92
105
137
97
124
84
119
96
82
74
64
62
7
18
3
32
57
44
53
73
18
427
527
176
291
234
259
392
324
368
404
423
553
417
304
391
411
404
542
428
410
450
351
374
439
430
438
455
413
452
465
459
453
478
427
431
396
451
436
504
439
369
321
185
392
574
627
566
802
752
722
679
780
659
540
627
752
927
837
801
735
490
730
929
904
878
909
637
439
525
331
330
415
312
369
297
348
338
234
336
760
615
617
585
594
622
537
631
540
444
648
672
590
564
637
631
465
532
200
303
312
326
267
172
277
219
273
307
264
335
328
224
284
287
271
360
303
312
300
255
190
220
370
501
541
516
583
625
501
303
179
450
378
323
264
238
339
214
252
94
91
344
374
486
520
352
331
442
370
264
127
314
231
335
317
351
404
240
268
174
206
163
232
341
285
530
570
561
483
421
291
317
367
391
441
554
594
513
546
398
527
479
459
546
487
55
1163
449
425
486
478
405
500
437
383
473
360
358
528
429
394
303
11
426
328
355
410
445
457
559
405
427
393
448
644
497
532
534
443
473
436
281
289
190
332
260
433
355
384
369
252
110
250
489
516
452
395
375
374
249
420
312
139
470
757
877
760
502
631
701
827
625
873
759
281
440
481
559
623
751
700
785
986
941
946
954
788
951
770
738
43
1494
860
707
707
702
917
999
926
900
683
862
721
525
2116
871
984
938
803
885
725
796
837
774
819
639
741
738
249
1389
328
404
282
275
206
64
318
335
321
420
354
479
352
482
440
224
395
420
373
333
360
401
281
332
283
357
354
472
500
408
410
431
346
426
431
433
360
369
205
222
211
221
374
264
326
227
179
94
66
78
96
82
68
94
101
70
117
128
109
117
179
127
161
106
124
140
113
127
150
122
92
105
137
97
124
84
119
96
82
74
64
62
7
18
3
32
57
44
53
73
18
427
527
176
291
234
259
392
324
368
404
423
553
417
304
391
411
404
542
428
410
450
351
374
439
430
438
455
413
452
465
459
453
478
427
431
396
451
436
504
439
369
321
185
392
574
627
566
802
752
722
679
780
659
540
627
752
927
837
801
735
490
730
929
904
878
909
637
439
525
331
330
415
312
369
297
348
338
234
336
760
615
617
585
594
622
537
631
540
444
648
672
590
564
637
631
465
532
200
303
312
326
267
172
277
219
273
307
264
335
328
224
284
287
271
360
303
312
300
255
190
220
370
501
541
516
583
625
501
303
179
450
378
323
264
238
339
214
252
94
91
344
374
486
520
352
331
442
370
264
127
314
231
335
317
351
404
240
268
174
206
163
232
341
285
530
570
561
483
421
291
317
367
391
441
554
594
513
546
398
527
479
459
546
487
55
1163
449
425
486
478
405
500
437
383
473
360
358
528
429
394
303
11
426
328
355
410
445
457
559
405
427
393
448
644
497
532
534
443
473
436
281
289
190
332
260
433
355
384
369
252
110
250
489
516
452
395
375
374
249
420
312
139
470
757
877
760
502
631
701
827
625
873
759
281
440
481
559
623
751
700
785
986
941
946
954
788
951
770
738
43
1494
860
707
707
702
917
999
926
900
683
862
721
525
2116
871
984
938
803
885
725
796
837
774
819
639
741
738
249
1389
328
404
282
275
206
64
318
335
321
420
354
479
352
482
440
224
395
420
373
333
360
401
281
332
283
357
354
472
500
408
410
431
346
426
431
433
360
369
205
222
211
221
374
264
326
227
179
94
66
78
96
82
68
94
101
70
117
128
109
117
179
127
161
106
124
140
113
127
150
122
92
105
137
97
124
84
119
96
82
74
64
62
7
18
3
32
57
44
53
73
18
