1791
1506
1642
1870
1255
1201
1610
1562
1283
2264
2132
2030
1749
2096
1260
1131
1171
1215
897
444
582
691
597
924
915
914
1230
993
815
698
624
844
713
1280
2147
1575
2009
1227
1115
1086
488
560
626
764
610
866
690
807
820
924
714
827
924
715
917
629
1259
951
862
924
817
1193
1052
706
400
560
662
1336
1590
1614
1201
1299
1512
1152
975
772
1035
815
414
808
565
735
633
473
757
489
888
1270
1361
949
1437
1783
850
2079
1841
1288
936
1157
1250
1525
1412
1944
1471
1019
1678
1521
1586
1378
1207
1157
1223
1589
1465
1623
1256
1362
1019
760
1037
990
1121
1038
1477
1463
1203
931
1319
1529
1345
1288
305
422
815
758
924
29
1186
1255
1310
1422
1499
1193
1235
1224
1244
1119
1386
1648
1455
1077
1001
917
873
807
1062
1420
1650
1279
1289
1509
1805
1776
1419
1067
1201
1193
1302
1134
1543
1176
975
414
659
1607
1969
1558
1732
2091
2722
2673
2605
2718
2162
1831
1895
2677
1658
2204
1894
2122
1672
2736
3429
3173
859
4032
1507
1492
1625
1766
2052
2636
2248
2726
3043
2624
2434
2177
2291
2374
2108
2060
2249
2538
2664
2206
2179
2847
2300
2850
3116
381
4101
2147
1848
1791
1656
1289
1477
1442
1368
721
822
572
313
225
94
1722
1261
1463
1318
1412
1215
1310
1153
1222
1485
1281
1354
1405
1130
1317
893
947
1165
1074
1126
1211
1135
1318
1332
1362
1383
1085
1110
1492
882
879
1026
870
684
601
764
498
713
515
772
394
924
723
531
488
593
903
793
571
720
594
691
595
786
643
597
408
619
495
698
527
599
626
494
641
460
633
386
444
510
567
474
422
208
211
87
73
36
414
229
671
693
701
719
726
694
853
609
834
706
1050
1613
532
1110
696
847
1303
963
1036
991
1322
1332
1499
1019
714
1239
1020
1007
1329
1438
1315
1310
1384
1375
1340
1327
813
1514
1494
1419
1443
1468
1457
1438
1517
1262
1296
1310
1328
1531
1682
1312
1250
1309
1652
1284
1084
861
2009
1682
1119
1310
1672
1854
2079
1973
1940
2057
2232
2170
2026
2001
2037
1719
2041
1965
2137
2224
2198
2017
1870
1972
1460
1904
2019
2442
1638
1761
1919
1558
1124
985
1252
1507
1036
1435
1027
1201
721
953
821
1216
1660
1785
2280
2508
1867
2047
1773
1993
1791
1506
1642
1870
1255
1201
1610
1562
1283
2264
2132
2030
1749
2096
1260
1131
1171
1215
897
444
582
691
597
924
915
914
1230
993
815
698
624
844
713
1280
2147
1575
2009
1227
1115
1086
488
560
626
764
610
866
690
807
820
924
714
827
924
715
917
629
1259
951
862
924
817
1193
1052
706
400
560
662
1336
1590
1614
1201
1299
1512
1152
975
772
1035
815
414
808
565
735
633
473
757
489
888
1270
1361
949
1437
1783
850
2079
1841
1288
936
1157
1250
1525
1412
1944
1471
1019
1678
1521
1586
1378
1207
1157
1223
1589
1465
1623
1256
1362
1019
760
1037
990
1121
1038
1477
1463
1203
931
1319
1529
1345
1288
305
422
815
758
924
29
1186
1255
1310
1422
1499
1193
1235
1224
1244
1119
1386
1648
1455
1077
1001
917
873
807
1062
1420
1650
1279
1289
1509
1805
1776
1419
1067
1201
1193
1302
1134
1543
1176
975
414
659
1607
1969
1558
1732
2091
2722
2673
2605
2718
2162
1831
1895
2677
1658
2204
1894
2122
1672
2736
3429
3173
859
4032
1507
1492
1625
1766
2052
2636
2248
2726
3043
2624
2434
2177
2291
2374
2108
2060
2249
2538
2664
2206
2179
2847
2300
2850
3116
381
4101
2147
1848
1791
1656
1289
1477
1442
1368
721
822
572
313
225
94
1722
1261
1463
1318
1412
1215
1310
1153
1222
1485
1281
1354
1405
1130
1317
893
947
1165
1074
1126
1211
1135
1318
1332
1362
1383
1085
1110
1492
882
879
1026
870
684
601
764
498
713
515
772
394
924
723
531
488
593
903
793
571
720
594
691
595
786
643
597
408
619
495
698
527
599
626
494
641
460
633
386
444
510
567
474
422
208
211
87
73
36
414
229
671
693
701
719
726
694
853
609
834
706
1050
1613
532
1110
696
847
1303
963
1036
991
1322
1332
1499
1019
714
1239
1020
1007
1329
1438
1315
1310
1384
1375
1340
1327
813
1514
1494
1419
1443
1468
1457
1438
1517
1262
1296
1310
1328
1531
1682
1312
1250
1309
1652
1284
1084
861
2009
1682
1119
1310
1672
1854
2079
1973
1940
2057
2232
2170
2026
2001
2037
1719
2041
1965
2137
2224
2198
2017
1870
1972
1460
1904
2019
2442
1638
1761
1919
1558
1124
985
1252
1507
1036
1435
1027
1201
721
953
821
1216
1660
1785
2280
2508
1867
2047
1773
1993
1791
1506
1642
1870
1255
1201
1610
1562
1283
2264
2132
2030
1749
2096
1260
1131
1171
1215
897
444
582
691
597
924
915
914
1230
993
815
698
624
844
713
1280
2147
1575
2009
1227
1115
1086
488
560
626
764
610
866
690
807
820
924
714
827
924
715
917
629
1259
951
862
924
817
1193
1052
706
400
560
662
1336
1590
1614
1201
1299
1512
1152
975
772
1035
815
414
808
565
735
633
473
757
489
888
1270
1361
949
1437
1783
850
2079
1841
1288
936
1157
1250
1525
1412
1944
1471
1019
1678
1521
1586
1378
1207
1157
1223
1589
1465
1623
1256
1362
1019
760
1037
990
1121
1038
1477
1463
1203
931
1319
1529
1345
1288
305
422
815
758
924
29
1186
1255
1310
1422
1499
1193
1235
1224
1244
1119
1386
1648
1455
1077
1001
917
873
807
1062
1420
1650
1279
1289
1509
1805
1776
1419
1067
1201
1193
1302
1134
1543
1176
975
414
659
1607
1969
1558
1732
2091
2722
2673
2605
2718
2162
1831
1895
2677
1658
2204
1894
2122
1672
2736
3429
3173
859
4032
1507
1492
1625
1766
2052
2636
2248
2726
3043
2624
2434
2177
2291
2374
2108
2060
2249
2538
2664
2206
2179
2847
2300
2850
3116
381
4101
2147
1848
1791
1656
1289
1477
1442
1368
721
822
572
313
225
94
1722
1261
1463
1318
1412
1215
1310
1153
1222
1485
1281
1354
1405
1130
1317
893
947
1165
1074
1126
1211
1135
1318
1332
1362
1383
1085
1110
1492
882
879
1026
870
684
601
764
498
713
515
772
394
924
723
531
488
593
903
793
571
720
594
691
595
786
643
597
408
619
495
698
527
599
626
494
641
460
633
386
444
510
567
474
422
208
211
87
73
36
414
229
671
693
701
719
726
694
853
609
834
706
