152
6
213
164
178
205
223
229
280
202
213
196
224
322
248
266
267
221
236
218
141
144
95
166
130
217
178
192
185
126
55
125
245
258
226
197
187
187
124
210
156
69
235
378
438
380
251
315
350
414
312
437
379
141
220
241
280
312
376
350
393
493
470
473
477
394
475
385
369
22
747
430
354
354
351
459
499
463
450
341
431
361
263
1058
436
492
469
401
443
362
398
418
387
409
319
370
369
125
695
164
202
141
138
103
32
159
167
161
210
177
240
176
241
220
112
197
210
186
166
180
201
140
166
141
178
177
236
250
204
205
216
173
213
215
217
180
185
103
111
105
111
187
132
163
114
89
47
33
39
48
41
34
47
50
35
58
64
54
58
89
63
80
53
62
70
57
63
75
61
46
52
69
49
62
42
60
48
41
37
32
31
3
9
2
16
29
22
27
37
9
213
263
88
146
117
129
196
162
184
202
211
276
209
152
196
206
202
271
214
205
225
175
187
219
215
219
227
206
226
232
230
227
239
214
216
198
225
218
252
219
184
161
93
196
287
313
283
401
376
361
340
390
330
270
314
376
464
418
400
367
245
365
465
452
439
455
318
219
263
166
165
207
156
185
149
174
169
117
168
380
307
309
292
297
311
269
315
270
222
324
336
295
282
319
315
232
266
100
151
156
163
134
86
139
109
136
154
132
167
164
112
142
143
136
180
152
156
150
128
95
110
185
251
270
258
291
313
250
151
89
225
189
162
132
119
170
107
126
47
46
172
187
243
260
176
165
221
185
132
64
157
115
167
159
176
202
120
134
87
103
81
116
170
143
265
285
280
242
210
146
158
183
195
221
277
297
256
273
199
264
240
229
273
243
27
582
225
213
243
239
203
250
218
192
236
180
179
264
214
197
152
6
213
164
178
205
223
229
280
202
213
196
224
322
248
266
267
221
236
218
141
144
95
166
130
217
178
192
185
126
55
125
245
258
226
197
187
187
124
210
156
69
235
378
438
380
251
315
350
414
312
437
379
141
220
241
280
312
376
350
393
493
470
473
477
394
475
385
369
22
747
430
354
354
351
459
499
463
450
341
431
361
263
1058
436
492
469
401
443
362
398
418
387
409
319
370
369
125
695
164
202
141
138
103
32
159
167
161
210
177
240
176
241
220
112
197
210
186
166
180
201
140
166
141
178
177
236
250
204
205
216
173
213
215
217
180
185
103
111
105
111
187
132
163
114
89
47
33
39
48
41
34
47
50
35
58
64
54
58
89
63
80
53
62
70
57
63
75
61
46
52
69
49
62
42
60
48
41
37
32
31
3
9
2
16
29
22
27
37
9
213
263
88
146
117
129
196
162
184
202
211
276
209
152
196
206
202
271
214
205
225
175
187
219
215
219
227
206
226
232
230
227
239
214
216
198
225
218
252
219
184
161
93
196
287
313
283
401
376
361
340
390
330
270
314
376
464
418
400
367
245
365
465
452
439
455
318
219
263
166
165
207
156
185
149
174
169
117
168
380
307
309
292
297
311
269
315
270
222
324
336
295
282
319
315
232
266
100
151
156
163
134
86
139
109
136
154
132
167
164
112
142
143
136
180
152
156
150
128
95
110
185
251
270
258
291
313
250
151
89
225
189
162
132
119
170
107
126
47
46
172
187
243
260
176
165
221
185
132
64
157
115
167
159
176
202
120
134
87
103
81
116
170
143
265
285
280
242
210
146
158
183
195
221
277
297
256
273
199
264
240
229
273
243
27
582
225
213
243
239
203
250
218
192
236
180
179
264
214
197
152
6
213
164
178
205
223
229
280
202
213
196
224
322
248
266
267
221
236
218
141
144
95
166
130
217
178
192
185
126
55
125
245
258
226
197
187
187
124
210
156
69
235
378
438
380
251
315
350
414
312
437
379
141
220
241
280
312
376
350
393
493
470
473
477
394
475
385
369
22
747
430
354
354
351
459
499
463
450
341
431
361
263
1058
436
492
469
401
443
362
398
418
387
409
319
370
369
125
695
164
202
141
138
103
32
159
167
161
210
177
240
176
241
220
112
197
210
186
166
180
201
140
166
141
178
177
236
250
204
205
216
173
213
215
217
180
185
103
111
105
111
187
132
163
114
89
47
33
39
48
41
34
47
50
35
58
64
54
58
89
63
80
53
62
70
57
63
75
61
46
52
69
49
62
42
60
48
41
37
32
31
3
9
2
16
29
22
27
37
9
