235
324
245
170
280
254
264
230
201
193
204
265
244
270
209
227
170
127
173
165
187
173
246
244
200
155
220
255
224
215
51
70
136
126
154
5
198
209
218
237
250
199
206
204
207
187
231
275
243
179
167
153
146
135
177
237
275
213
215
252
301
296
236
178
200
199
217
189
257
196
163
69
110
268
328
260
289
348
454
446
434
453
360
305
316
446
276
367
316
354
279
456
571
529
143
672
251
249
271
294
342
439
375
454
507
437
406
363
382
396
351
343
375
423
444
368
363
474
383
475
519
64
683
358
308
298
276
215
246
240
228
120
137
95
52
38
16
287
210
244
220
235
203
218
192
204
247
214
226
234
188
220
149
158
194
179
188
202
189
220
222
227
230
181
185
249
147
146
171
145
114
100
127
83
119
86
129
66
154
121
88
81
99
150
132
95
120
99
115
99
131
107
99
68
103
82
116
88
100
104
82
107
77
106
64
74
85
95
79
70
35
35
15
12
6
69
38
112
116
117
120
121
116
142
102
139
118
175
269
89
185
116
141
217
161
173
165
220
222
250
170
119
206
170
168
221
240
219
218
231
229
223
221
135
252
249
237
240
245
243
240
253
210
216
218
221
255
280
219
208
218
275
214
181
143
335
280
187
218
279
309
346
329
323
343
372
362
338
334
340
287
340
327
356
371
366
336
312
329
243
317
336
407
273
293
320
260
187
164
209
251
173
239
171
200
120
159
137
203
277
297
380
418
311
341
295
332
298
251
274
312
209
200
268
260
214
377
355
338
291
349
210
188
195
202
150
74
97
115
99
154
152
152
205
166
136
116
104
141
119
213
358
263
335
204
186
181
81
93
104
127
102
144
115
135
137
154
119
138
154
119
153
105
210
158
144
154
136
199
175
118
67
93
110
223
265
269
200
217
252
192
163
129
172
136
69
135
94
122
105
79
126
81
148
212
227
158
240
297
142
347
307
215
156
193
208
254
235
324
245
170
280
254
264
230
201
193
204
265
244
270
209
227
170
127
173
165
187
173
246
244
200
155
220
255
224
215
51
70
136
126
154
5
198
209
218
237
250
199
206
204
207
187
231
275
243
179
167
153
146
135
177
237
275
213
215
252
301
296
236
178
200
199
217
189
257
196
163
69
110
268
328
260
289
348
454
446
434
453
360
305
316
446
276
367
316
354
279
456
571
529
143
672
251
249
271
294
342
439
375
454
507
437
406
363
382
396
351
343
375
423
444
368
363
474
383
475
519
64
683
358
308
298
276
215
246
240
228
120
137
95
52
38
16
287
210
244
220
235
203
218
192
204
247
214
226
234
188
220
149
158
194
179
188
202
189
220
222
227
230
181
185
249
147
146
171
145
114
100
127
83
119
86
129
66
154
121
88
81
99
150
132
95
120
99
115
99
131
107
99
68
103
82
116
88
100
104
82
107
77
106
64
74
85
95
79
70
35
35
15
12
6
69
38
112
116
117
120
121
116
142
102
139
118
175
269
89
185
116
141
217
161
173
165
220
222
250
170
119
206
170
168
221
240
219
218
231
229
223
221
135
252
249
237
240
245
243
240
253
210
216
218
221
255
280
219
208
218
275
214
181
143
335
280
187
218
279
309
346
329
323
343
372
362
338
334
340
287
340
327
356
371
366
336
312
329
243
317
336
407
273
293
320
260
187
164
209
251
173
239
171
200
120
159
137
203
277
297
380
418
311
341
295
332
298
251
274
312
209
200
268
260
214
377
355
338
291
349
210
188
195
202
150
74
97
115
99
154
152
152
205
166
136
116
104
141
119
213
358
263
335
204
186
181
81
93
104
127
102
144
115
135
137
154
119
138
154
119
153
105
210
158
144
154
136
199
175
118
67
93
110
223
265
269
200
217
252
192
163
129
172
136
69
135
94
122
105
79
126
81
148
212
227
158
240
297
142
347
307
215
156
193
208
254
235
324
245
170
280
254
264
230
201
193
204
265
244
270
209
227
170
127
173
165
187
173
246
244
200
155
220
255
224
215
51
70
136
126
154
5
198
209
218
237
250
199
206
204
207
187
231
275
243
179
167
153
146
135
177
237
275
213
215
252
301
296
236
178
200
199
217
189
257
196
163
69
110
268
328
260
289
348
454
446
434
453
360
305
316
446
276
367
316
354
279
456
571
529
143
672
251
249
271
294
342
439
375
454
507
437
406
363
382
396
351
343
375
423
444
368
363
474
383
475
519
64
683
358
308
298
276
215
246
240
228
120
137
95
52
38
16
287
210
244
220
235
203
218
192
204
247
214
226
234
188
220
149
158
194
179
188
202
189
220
222
227
230
181
185
249
147
146
171
145
114
100
127
83
119
86
129
66
154
121
88
81
99
150
132
95
120
99
115
99
131
107
99
68
103
82
116
88
100
104
82
107
77
106
64
74
85
95
79
70
35
35
15
12
6
69
38
112
116
117
120
121
116
142
102
139
118
