1184
1265
1303
894
1169
1405
1089
1210
908
1044
1163
648
194
194
468
439
259
180
21
28
28
43
28
28
28
28
28
28
28
21
43
43
36
21
14
21
14
7
43
57
93
65
79
72
72
72
101
11
65
101
86
93
72
101
93
86
86
72
93
72
101
72
72
108
65
72
86
245
28
15
65
101
93
101
122
86
43
93
65
14
43
50
36
43
7
21
514
1145
1259
1476
1401
1569
1186
1200
1405
1494
1398
1427
1607
1109
1075
1217
1512
1693
1258
1354
1266
965
806
86
1636
958
864
1073
982
1095
702
634
703
245
454
562
689
648
554
634
677
634
746
706
367
577
929
655
518
157
136
425
266
627
216
324
733
1037
737
1174
672
713
677
695
706
525
843
907
965
905
727
547
518
210
353
288
172
518
671
547
259
713
612
533
295
144
187
394
396
677
749
331
216
354
382
483
525
172
129
158
65
57
245
533
331
382
129
36
417
497
230
182
151
165
86
65
108
72
79
79
79
72
79
86
72
79
79
79
7
635
983
1473
1380
1429
1206
1161
1000
1244
1095
1864
1326
1880
2447
2704
1263
1924
1718
1843
2218
1614
1799
1150
1613
2072
1678
1427
1945
2065
1943
2193
1737
2161
2614
2676
2238
2478
2301
2413
2201
2420
2819
2330
2028
3284
2339
2949
2298
2664
2738
2604
2711
2481
2396
2018
2086
1171
2412
2290
2589
2777
2881
3158
2606
2857
2528
2024
2057
2267
2192
3045
2276
2065
2348
2236
2697
2651
2259
1986
2670
2200
2807
468
43
43
191
1805
2692
2332
2115
1707
1435
1469
1743
1284
1808
2469
2055
1700
1566
2010
1059
1678
1196
1902
1500
1980
1101
1412
925
1520
1463
1492
1446
1768
2533
2399
1855
2564
2870
3076
2696
2113
1808
1957
2207
1421
2167
2551
2791
2144
2016
2763
3015
2848
2982
3028
2800
2564
2770
2907
2828
2612
2236
2699
2406
2887
2296
3044
2313
2791
2070
2542
2201
2991
2845
2637
3007
2797
2369
3040
2109
2853
2746
2893
2918
2724
2084
2708
2305
2790
2648
2995
2474
2368
3014
3018
1180
2334
3055
3146
2982
2389
2936
2575
2347
2176
2056
2529
2500
2220
3094
2844
2624
2059
1760
2515
1981
1657
2692
2113
2429
2438
2396
158
4119
1488
1895
1917
2488
2209
2370
2771
2402
1887
1794
1606
2401
2847
2409
2681
1729
1404
1491
1841
1536
2492
2270
2074
1564
1542
899
1196
1275
1877
1398
92
4108
2032
1876
2485
1103
1234
1302
1731
1924
1188
1303
1105
1376
151
612
771
691
637
972
835
850
1066
654
1181
1159
366
4150
1817
1885
1167
792
919
1494
1866
1329
1398
1440
1022
1359
1520
1354
1259
1070
1186
1064
1061
828
924
831
1174
1157
1051
972
1100
1272
1419
1430
1365
1417
1366
936
640
987
1526
1714
1226
1203
925
1314
1174
1405
1066
1484
1722
1340
1981
1416
1837
1370
1029
671
1167
1082
969
1398
964
1188
1157
1429
1224
1006
512
1441
1451
1066
1542
1660
1643
2003
1551
1005
541
874
1128
1608
1338
1941
2435
1768
1876
1373
2223
1381
2076
1383
2127
2396
1839
2313
1772
2560
1837
2115
2265
2618
1726
2572
2386
2586
2413
1278
2153
1758
2251
1882
2167
1725
2148
2161
1594
2168
2063
2385
2309
2080
2332
1625
2059
1746
1505
1828
1591
1263
1199
2040
2100
1920
1614
1930
2002
2005
1032
1281
1407
1404
1994
1762
2184
1696
2085
1925
1147
1173
2429
2417
2221
2414
2167
2422
2442
1589
1842
2456
2228
1509
2421
1818
1812
2117
1870
2604
1519
2144
2010
1851
1290
1129
1801
1226
2165
2359
2330
2542
2541
1737
2111
1702
2271
1933
2277
2282
1873
1806
1893
2173
2177
2479
2185
1802
1348
1361
1841
1059
1473
1556
1369
1510
1348
1760
1288
1620
1776
1392
1708
1606
1610
1579
1865
1592
1500
1751
1654
1848
1856
2620
2698
2055
2810
2704
2068
2080
2058
2235
2065
1725
3020
2195
2514
2478
2178
2689
2140
2713
2117
2223
1999
2056
2106
2042
2559
2039
2230
2036
2747
2707
2137
2886
2408
1561
1946
1996
2020
2221
2118
2150
1973
2410
2778
2666
2492
2685
2533
2266
2587
2473
1898
2390
2436
1275
1251
1349
1865
1862
1930
2662
2766
2436
2068
1988
1960
2250
1991
1818
872
1352
1381
1330
1047
1700
2014
1907
1454
1646
1677
1716
1467
1485
1843
1797
1298
2086
2092
1658
2190
1186
2224
1288
1583
1677
1902
1810
2016
2629
2193
2136
2259
2316
2261
1268
1742
1490
1460
2118
1989
1843
2170
2778
2750
2598
3067
2782
2586
2779
194
4275
1440
1635
1595
1529
1614
1080
943
1361
1934
1478
2610
2759
2606
2746
2705
2009
86
1907
1779
1848
2254
2066
2161
2101
2199
875
1754
1885
1998
2099
2406
2115
2074
1936
2115
1982
2115
2115
1939
1911
1913
1672
1623
1585
1631
1743
1291
1484
1097
1017
1282
955
1080
943
591
394
533
57
2944
1275
1440
1128
1357
1469
1366
929
530
972
736
490
677
417
569
670
353
280
641
1025
1408
1550
1475
1280
1080
873
475
398
338
216
288
619
484
662
687
533
288
280
305
382
288
331
388
295
201
266
353
151
151
194
172
172
238
260
396
619
576
446
446
425
382
252
165
160
187
238
238
194
280
223
273
280
245
171
295
446
554
86
918
230
252
504
490
468
191
238
201
194
273
187
187
57
72
72
72
65
72
79
72
65
57
57
28
43
339
367
259
209
302
223
108
43
136
230
151
151
194
136
93
86
483
57
101
65
14
403
379
216
158
93
79
101
136
187
144
180
194
122
7
165
209
273
388
288
216
93
266
151
161
180
634
115
245
230
367
223
230
172
263
346
209
252
158
158
850
937
1203
1020
893
417
136
172
252
201
266
152
230
129
86
129
129
165
201
245
288
252
21
21
14
14
14
14
14
14
14
14
14
21
28
21
21
14
14
7
14
33
965
1418
1369
1147
1303
1165
1664
1298
1380
1556
1437
1413
1311
1570
1326
1005
1361
1025
1174
438
1585
1007
991
1267
1340
1020
1288
1650
1102
691
280
340
222
129
65
72
72
72
72
79
79
79
72
72
79
79
72
72
72
72
72
72
72
79
72
247
785
820
1051
852
1253
1542
1691
1909
1072
850
1862
2051
1772
1184
1265
1303
894
1169
1405
1089
1210
908
1044
1163
648
194
194
468
439
259
180
21
28
28
43
28
28
28
28
28
28
28
21
43
43
36
21
14
21
14
7
43
57
93
65
79
72
72
72
101
11
65
101
86
93
72
101
93
86
86
72
93
72
101
72
72
108
65
72
86
245
28
15
65
101
93
101
122
86
43
93
65
14
43
50
36
43
7
21
514
1145
1259
1476
1401
1569
1186
1200
1405
1494
1398
1427
1607
1109
1075
1217
1512
1693
1258
1354
1266
965
806
86
1636
958
864
1073
982
1095
702
634
703
245
454
562
689
648
554
634
677
634
746
706
367
577
929
655
518
157
136
425
266
627
216
324
733
1037
737
1174
672
713
677
695
706
525
843
907
965
905
727
547
518
210
353
288
172
518
671
547
259
713
612
533
295
144
187
394
396
677
749
331
216
354
382
483
525
172
129
158
65
57
245
533
331
382
129
36
417
497
230
182
151
165
86
65
108
72
79
79
79
72
79
86
72
79
79
79
7
635
983
1473
1380
1429
1206
1161
1000
1244
1095
1864
1326
1880
2447
2704
1263
1924
1718
1843
2218
1614
1799
1150
1613
2072
1678
1427
1945
2065
1943
2193
1737
2161
2614
2676
2238
2478
2301
2413
2201
2420
2819
2330
2028
3284
2339
2949
2298
2664
2738
2604
2711
2481
2396
2018
2086
1171
2412
2290
2589
2777
2881
3158
2606
2857
2528
2024
2057
2267
2192
3045
2276
2065
2348
2236
2697
2651
2259
1986
2670
2200
2807
468
43
43
191
1805
2692
2332
2115
1707
1435
1469
1743
1284
1808
2469
2055
1700
1566
2010
1059
1678
1196
1902
1500
1980
1101
1412
925
1520
1463
1492
1446
1768
2533
2399
1855
2564
2870
3076
2696
2113
1808
1957
2207
1421
2167
2551
2791
2144
2016
2763
3015
2848
2982
3028
2800
2564
2770
2907
2828
2612
2236
2699
2406
2887
2296
3044
2313
2791
2070
2542
2201
2991
2845
2637
3007
2797
2369
3040
2109
2853
2746
2893
2918
2724
2084
2708
2305
2790
2648
2995
2474
2368
3014
3018
1180
2334
3055
3146
2982
2389
2936
2575
2347
2176
2056
2529
2500
2220
3094
2844
2624
2059
1760
2515
1981
1657
2692
2113
2429
2438
2396
158
4119
1488
1895
1917
2488
2209
2370
2771
2402
1887
1794
1606
2401
2847
2409
2681
1729
1404
1491
1841
1536
2492
2270
2074
1564
1542
899
1196
1275
1877
1398
92
4108
2032
1876
2485
1103
1234
1302
1731
1924
1188
1303
1105
1376
151
612
771
691
637
972
835
850
1066
654
1181
1159
366
4150
1817
1885
1167
792
919
1494
1866
1329
1398
1440
1022
1359
1520
1354
1259
1070
1186
1064
1061
828
924
831
1174
1157
1051
972
1100
1272
1419
1430
1365
1417
1366
936
640
987
1526
1714
1226
1203
925
1314
1174
1405
1066
1484
1722
1340
1981
1416
1837
1370
1029
671
1167
1082
969
1398
964
1188
1157
1429
1224
1006
512
1441
1451
1066
1542
1660
1643
2003
1551
1005
541
874
1128
1608
1338
1941
2435
1768
1876
1373
2223
1381
2076
1383
2127
2396
1839
2313
1772
2560
1837
2115
2265
2618
1726
2572
2386
2586
2413
1278
2153
1758
2251
1882
2167
1725
2148
2161
1594
2168
2063
2385
2309
2080
2332
1625
2059
1746
1505
1828
1591
1263
1199
2040
2100
1920
1614
1930
2002
2005
1032
1281
1407
1404
1994
1762
2184
1696
2085
1925
1147
1173
2429
2417
2221
2414
2167
2422
2442
1589
1842
2456
2228
1509
2421
1818
1812
2117
1870
2604
1519
2144
2010
1851
1290
1129
1801
1226
2165
2359
2330
2542
2541
1737
2111
1702
2271
1933
2277
2282
1873
1806
1893
2173
2177
2479
2185
1802
1348
1361
1841
1059
1473
1556
1369
1510
1348
1760
1288
1620
1776
1392
1708
1606
1610
1579
1865
1592
1500
1751
1654
1848
1856
2620
2698
2055
2810
2704
2068
2080
2058
2235
2065
1725
3020
2195
2514
2478
2178
2689
2140
2713
2117
2223
1999
2056
2106
2042
2559
2039
2230
2036
2747
2707
2137
2886
2408
1561
1946
1996
2020
2221
2118
2150
1973
2410
2778
2666
2492
2685
2533
2266
2587
2473
1898
2390
2436
1275
1251
1349
1865
1862
1930
2662
2766
2436
2068
1988
1960
2250
1991
1818
872
1352
1381
1330
1047
1700
2014
1907
1454
1646
1677
1716
1467
1485
1843
1797
1298
2086
2092
1658
2190
1186
2224
1288
1583
1677
1902
1810
2016
2629
2193
2136
2259
2316
2261
1268
1742
1490
1460
2118
1989
1843
2170
2778
2750
2598
3067
2782
2586
2779
194
4275
1440
1635
1595
1529
1614
1080
943
1361
1934
1478
2610
2759
2606
2746
2705
2009
86
1907
1779
1848
2254
2066
2161
2101
2199
875
1754
1885
1998
2099
2406
2115
2074
1936
2115
1982
2115
2115
1939
1911
1913
1672
1623
1585
1631
1743
1291
1484
1097
1017
1282
955
1080
943
591
394
533
57
2944
1275
1440
1128
1357
1469
1366
929
530
972
736
490
677
417
569
670
353
280
641
1025
1408
1550
1475
1280
1080
873
475
398
338
216
288
619
484
662
687
533
288
280
305
382
288
331
388
295
201
266
353
151
151
194
172
172
238
260
396
619
576
446
446
425
382
252
165
160
187
238
238
194
280
223
273
280
245
171
295
446
554
86
918
230
252
504
490
468
191
238
201
194
273
187
187
57
72
72
72
65
72
79
72
65
57
57
28
43
339
367
259
209
302
223
108
43
136
230
151
151
194
136
93
86
483
57
101
65
14
403
379
216
158
93
79
101
136
187
144
180
194
122
7
165
209
273
388
288
216
93
266
151
161
180
634
115
245
230
367
223
230
172
263
346
209
252
158
158
850
937
1203
1020
893
417
136
172
252
201
266
152
230
129
86
129
129
165
201
245
288
252
21
21
14
14
14
14
14
14
14
14
14
21
28
21
21
14
14
7
14
33
965
1418
1369
1147
1303
1165
1664
1298
1380
1556
1437
1413
1311
1570
1326
1005
1361
1025
1174
438
1585
1007
991
1267
1340
1020
1288
1650
1102
691
280
340
222
129
65
72
72
72
72
79
79
79
72
72
79
79
72
72
72
72
72
72
72
79
72
247
785
820
1051
852
1253
1542
1691
1909
1072
850
1862
2051
1772
1184
1265
1303
894
1169
1405
1089
1210
908
1044
1163
648
194
194
468
439
259
180
21
28
28
43
28
28
28
28
28
28
28
21
43
43
36
21
14
21
14
7
43
57
93
65
79
72
72
72
101
11
65
101
86
93
72
101
93
86
86
72
93
72
101
72
72
108
65
72
86
245
28
15
65
101
93
101
122
86
43
93
65
14
43
50
36
43
7
21
514
1145
1259
1476
1401
1569
1186
1200
1405
1494
1398
1427
1607
1109
1075
1217
1512
1693
1258
1354
1266
965
806
86
1636
958
864
1073
982
1095
702
634
703
245
454
562
689
648
554
634
677
634
746
706
367
577
929
655
518
157
136
425
266
627
216
324
733
1037
737
1174
672
713
677
695
706
525
843
907
965
905
727
547
518
210
353
288
172
518
671
547
259
713
612
533
295
144
187
394
396
677
749
331
216
354
382
483
525
172
129
158
65
57
245
533
331
382
129
36
417
497
230
182
151
165
86
65
108
72
79
79
79
72
79
86
72
79
79
79
7
635
983
1473
1380
1429
1206
1161
1000
1244
1095
1864
1326
1880
2447
2704
1263
1924
1718
1843
2218
1614
1799
1150
1613
2072
1678
1427
1945
2065
1943
2193
1737
2161
2614
2676
2238
2478
2301
2413
2201
2420
2819
2330
2028
3284
2339
2949
2298
2664
2738
2604
2711
2481
2396
2018
2086
1171
2412
2290
2589
2777
2881
3158
2606
2857
2528
2024
2057
2267
2192
3045
2276
2065
2348
2236
2697
2651
2259
1986
2670
2200
2807
468
43
43
191
1805
2692
2332
2115
1707
1435
1469
1743
1284
1808
2469
2055
1700
1566
2010
1059
1678
1196
1902
1500
1980
1101
1412
925
1520
1463
1492
1446
1768
2533
2399
1855
2564
2870
3076
2696
2113
1808
1957
2207
1421
2167
2551
2791
2144
2016
2763
3015
2848
2982
3028
2800
2564
2770
2907
2828
2612
2236
2699
2406
2887
2296
3044
2313
2791
2070
2542
2201
2991
2845
2637
3007
2797
2369
3040
2109
2853
2746
2893
2918
2724
2084
2708
2305
2790
2648
2995
2474
2368
3014
3018
1180
2334
3055
3146
2982
2389
2936
2575
2347
2176
2056
2529
2500
2220
3094
2844
2624
2059
1760
2515
1981
1657
2692
2113
2429
2438
2396
158
4119
1488
1895
1917
2488
2209
2370
2771
2402
1887
1794
1606
2401
2847
2409
2681
1729
1404
1491
1841
1536
2492
2270
2074
1564
1542
899
1196
1275
1877
1398
92
4108
2032
1876
2485
1103
1234
1302
1731
1924
1188
1303
1105
1376
151
612
771
691
637
972
835
850
1066
654
1181
1159
366
4150
1817
1885
1167
792
919
1494
1866
1329
1398
1440
1022
1359
1520
1354
1259
1070
1186
1064
1061
828
924
831
1174
1157
1051
972
1100
1272
1419
1430
1365
1417
1366
936
640
987
1526
1714
1226
1203
925
1314
1174
1405
1066
1484
1722
1340
1981
1416
1837
1370
1029
671
1167
1082
969
1398
964
1188
1157
1429
1224
1006
512
1441
1451
1066
1542
1660
1643
