395
422
434
298
390
468
363
403
303
348
388
216
65
65
156
146
86
60
7
9
9
14
9
9
9
9
9
9
9
7
14
14
12
7
5
7
5
2
14
19
31
22
26
24
24
24
34
4
22
34
29
31
24
34
31
29
29
24
31
24
34
24
24
36
22
24
29
82
9
5
22
34
31
34
41
29
14
31
22
5
14
17
12
14
2
7
171
382
420
492
467
523
395
400
468
498
466
476
536
370
358
406
504
564
419
451
422
322
269
29
545
319
288
358
327
365
234
211
234
82
151
187
230
216
185
211
226
211
249
235
122
192
310
218
173
52
45
142
89
209
72
108
244
346
246
391
224
238
226
232
235
175
281
302
322
302
242
182
173
70
118
96
57
173
224
182
86
238
204
178
98
48
62
131
132
226
250
110
72
118
127
161
175
57
43
53
22
19
82
178
110
127
43
12
139
166
77
61
50
55
29
22
36
24
26
26
26
24
26
29
24
26
26
26
2
212
328
491
460
476
402
387
333
415
365
621
442
627
816
901
421
641
573
614
739
538
600
383
538
691
559
476
648
688
648
731
579
720
871
892
746
826
767
804
734
807
940
777
676
1095
780
983
766
888
913
868
904
827
799
673
695
390
804
763
863
926
960
1053
869
952
843
675
686
756
731
1015
759
688
783
745
899
884
753
662
890
733
936
156
14
14
64
602
897
777
705
569
478
490
581
428
603
823
685
567
522
670
353
559
399
634
500
660
367
471
308
507
488
497
482
589
844
800
618
855
957
1025
899
704
603
652
736
474
722
850
930
715
672
921
1005
949
994
1009
933
855
923
969
943
871
745
900
802
962
765
1015
771
930
690
847
734
997
948
879
1002
932
790
1013
703
951
915
964
973
908
695
903
768
930
883
998
825
789
1005
1006
393
778
1018
1049
994
796
979
858
782
725
685
843
833
740
1031
948
875
686
587
838
660
552
897
704
810
813
799
53
1373
496
632
639
829
736
790
924
801
629
598
535
800
949
803
894
576
468
497
614
512
831
757
691
521
514
300
399
425
626
466
31
1369
677
625
828
368
411
434
577
641
396
434
368
459
50
204
257
230
212
324
278
283
355
218
394
386
122
1383
606
628
389
264
306
498
622
443
466
480
341
453
507
451
420
357
395
355
354
276
308
277
391
386
350
324
367
424
473
477
455
472
455
312
213
329
509
571
409
401
308
438
391
468
355
495
574
447
660
472
612
457
343
224
389
361
323
466
321
396
386
476
408
335
171
480
484
355
514
553
548
668
517
335
180
291
376
536
446
647
812
589
625
458
741
460
692
461
709
799
613
771
591
853
612
705
755
873
575
857
795
862
804
426
718
586
750
627
722
575
716
720
531
723
688
795
770
693
777
542
686
582
502
609
530
421
400
680
700
640
538
643
667
668
344
427
469
468
665
587
728
565
695
642
382
391
810
806
740
805
722
807
814
530
614
819
743
503
807
606
604
706
623
868
506
715
670
617
430
376
600
409
722
786
777
847
847
579
704
567
757
644
759
761
624
602
631
724
726
826
728
601
449
454
614
353
491
519
456
503
449
587
429
540
592
464
569
535
537
526
622
531
500
584
551
616
619
873
899
685
937
901
689
693
686
745
688
575
1007
732
838
826
726
896
713
904
706
741
666
685
702
681
853
680
743
679
916
902
712
962
803
520
649
665
673
740
706
717
658
803
926
889
831
895
844
755
862
824
633
797
812
425
417
450
622
621
643
887
922
812
689
663
653
750
664
606
291
451
460
443
349
567
671
636
485
549
559
572
489
495
614
599
433
695
697
553
730
395
741
429
528
559
634
603
672
876
731
712
753
772
754
423
581
497
487
706
663
614
723
926
917
866
1022
927
862
926
65
1425
480
545
532
510
538
360
314
454
645
493
870
920
869
915
902
670
29
636
593
616
751
689
720
700
733
292
585
628
666
700
802
705
691
645
705
661
705
705
646
637
638
557
541
528
544
581
430
495
366
339
427
318
360
314
197
131
178
19
981
425
480
376
452
490
455
310
177
324
245
163
226
139
190
223
118
93
214
342
469
517
492
427
360
291
158
133
113
72
96
206
161
221
229
178
96
93
102
127
96
110
129
98
67
89
118
50
50
65
57
57
79
87
132
206
192
149
149
142
127
84
55
53
62
79
79
65
93
74
91
93
82
57
98
149
185
29
306
77
84
168
163
156
64
79
67
65
91
62
62
19
24
24
24
22
24
26
24
22
19
19
9
14
113
122
86
70
101
74
36
14
45
77
50
50
65
45
31
29
161
19
34
22
5
134
126
72
53
31
26
34
45
62
48
60
65
41
2
55
70
91
129
96
72
31
89
50
54
60
211
38
82
77
122
74
77
57
88
115
70
84
53
53
283
312
401
340
298
139
45
57
84
67
89
51
77
43
29
43
43
55
67
82
96
84
7
7
5
5
5
5
5
5
5
5
5
7
9
7
7
5
5
2
5
11
322
473
456
382
434
388
555
433
460
519
479
471
437
523
442
335
454
342
391
146
528
336
330
422
447
340
429
550
367
230
93
113
74
43
22
24
24
24
24
26
26
26
24
24
26
26
24
24
24
24
24
24
24
26
24
82
262
273
350
284
418
514
564
636
357
283
621
684
591
395
422
434
298
390
468
363
403
303
348
388
216
65
65
156
146
86
60
7
9
9
14
9
9
9
9
9
9
9
7
14
14
12
7
5
7
5
2
14
19
31
22
26
24
24
24
34
4
22
34
29
31
24
34
31
29
29
24
31
24
34
24
24
36
22
24
29
82
9
5
22
34
31
34
41
29
14
31
22
5
14
17
12
14
2
7
171
382
420
492
467
523
395
400
468
498
466
476
536
370
358
406
504
564
419
451
422
322
269
29
545
319
288
358
327
365
234
211
234
82
151
187
230
216
185
211
226
211
249
235
122
192
310
218
173
52
45
142
89
209
72
108
244
346
246
391
224
238
226
232
235
175
281
302
322
302
242
182
173
70
118
96
57
173
224
182
86
238
204
178
98
48
62
131
132
226
250
110
72
118
127
161
175
57
43
53
22
19
82
178
110
127
43
12
139
166
77
61
50
55
29
22
36
24
26
26
26
24
26
29
24
26
26
26
2
212
328
491
460
476
402
387
333
415
365
621
442
627
816
901
421
641
573
614
739
538
600
383
538
691
559
476
648
688
648
731
579
720
871
892
746
826
767
804
734
807
940
777
676
1095
780
983
766
888
913
868
904
827
799
673
695
390
804
763
863
926
960
1053
869
952
843
675
686
756
731
1015
759
688
783
745
899
884
753
662
890
733
936
156
14
14
64
602
897
777
705
569
478
490
581
428
603
823
685
567
522
670
353
559
399
634
500
660
367
471
308
507
488
497
482
589
844
800
618
855
957
1025
899
704
603
652
736
474
722
850
930
715
672
921
1005
949
994
1009
933
855
923
969
943
871
745
900
802
962
765
1015
771
930
690
847
734
997
948
879
1002
932
790
1013
703
951
915
964
973
908
695
903
768
930
883
998
825
789
1005
1006
393
778
1018
1049
994
796
979
858
782
725
685
843
833
740
1031
948
875
686
587
838
660
552
897
704
810
813
799
53
1373
496
632
639
829
736
790
924
801
629
598
535
800
949
803
894
576
468
497
614
512
831
757
691
521
514
300
399
425
626
466
31
1369
677
625
828
368
411
434
577
641
396
434
368
459
50
204
257
230
212
324
278
283
355
218
394
386
122
1383
606
628
389
264
306
498
622
443
466
480
341
453
507
451
420
357
395
355
354
276
308
277
391
386
350
324
367
424
473
477
455
472
455
312
213
329
509
571
409
401
308
438
391
468
355
495
574
447
660
472
612
457
343
224
389
361
323
466
321
396
386
476
408
335
171
480
484
355
514
553
548
668
517
335
180
291
376
536
446
647
812
589
625
458
741
460
692
461
709
799
613
771
591
853
612
705
755
873
575
857
795
862
804
426
718
586
750
627
722
575
716
720
531
723
688
795
770
693
777
542
686
582
502
609
530
421
400
680
700
640
538
643
667
668
344
427
469
468
665
587
728
565
695
642
382
391
810
806
740
805
722
807
814
530
614
819
743
503
807
606
604
706
623
868
506
715
670
617
430
376
600
409
722
786
777
847
847
579
704
567
757
644
759
761
624
602
631
724
726
826
728
601
449
454
614
353
491
519
456
503
449
587
429
540
592
464
569
535
537
526
622
531
500
584
551
616
619
873
899
685
937
901
689
693
686
745
688
575
1007
732
838
826
726
896
713
904
706
741
666
685
702
681
853
680
743
679
916
902
712
962
803
520
649
665
673
740
706
717
658
803
926
889
831
895
844
755
862
824
633
797
812
425
417
450
622
621
643
887
922
812
689
663
653
750
664
606
291
451
460
443
349
567
671
636
485
549
559
572
489
495
614
599
433
695
697
553
730
395
741
429
528
559
634
603
672
876
731
712
753
772
754
423
581
497
487
706
663
614
723
926
917
866
1022
927
862
926
65
1425
480
545
532
510
538
360
314
454
645
493
870
920
869
915
902
670
29
636
593
616
751
689
720
700
733
292
585
628
666
700
802
705
691
645
705
661
705
705
646
637
638
557
541
528
544
581
430
495
366
339
427
318
360
314
197
131
178
19
981
425
480
376
452
490
455
310
177
324
245
163
226
139
190
223
118
93
214
342
469
517
492
427
360
291
158
133
113
72
96
206
161
221
229
178
96
93
102
127
96
110
129
98
67
89
118
50
50
65
57
57
79
87
132
206
192
149
149
142
127
84
55
53
62
79
79
65
93
74
91
93
82
57
98
149
185
29
306
77
84
168
163
156
64
79
67
65
91
62
62
19
24
24
24
22
24
26
24
22
19
19
9
14
113
122
86
70
101
74
36
14
45
77
50
50
65
45
31
29
161
19
34
22
5
134
126
72
53
31
26
34
45
62
48
60
65
41
2
55
70
91
129
96
72
31
89
50
54
60
211
38
82
77
122
74
77
57
88
115
70
84
53
53
283
312
401
340
298
139
45
57
84
67
89
51
77
43
29
43
43
55
67
82
96
84
7
7
5
5
5
5
5
5
5
5
5
7
9
7
7
5
5
2
5
11
322
473
456
382
434
388
555
433
460
519
479
471
437
523
442
335
454
342
391
146
528
336
330
422
447
340
429
550
367
230
93
113
74
43
22
24
24
24
24
26
26
26
24
24
26
26
24
24
24
24
24
24
24
26
24
82
262
273
350
284
418
514
564
636
357
283
621
684
591
395
422
434
298
390
468
363
403
303
348
388
216
65
65
156
146
86
60
7
9
9
14
9
9
9
9
9
9
9
7
14
14
12
7
5
7
5
2
14
19
31
22
26
24
24
24
34
4
22
34
29
31
24
34
31
29
29
24
31
24
34
24
24
36
22
24
29
82
9
5
22
34
31
34
41
29
14
31
22
5
14
17
12
14
2
7
171
382
420
492
467
523
395
400
468
498
466
476
536
370
358
406
504
564
419
451
422
322
269
29
545
319
288
358
327
365
234
211
234
82
151
187
230
216
185
211
226
211
249
235
122
192
310
218
173
52
45
142
89
209
72
108
244
346
246
391
224
238
226
232
235
175
281
302
322
302
242
182
173
70
118
96
57
173
224
182
86
238
204
178
98
48
62
131
132
226
250
110
72
118
127
161
175
57
43
53
22
19
82
178
110
127
43
12
139
166
77
61
50
55
29
22
36
24
26
26
26
24
26
29
24
26
26
26
2
212
328
491
460
476
402
387
333
415
365
621
442
627
816
901
421
641
573
614
739
538
600
383
538
691
559
476
648
688
648
731
579
720
871
892
746
826
767
804
734
807
940
777
676
1095
780
983
766
888
913
868
904
827
799
673
695
390
804
763
863
926
960
1053
869
952
843
675
686
756
731
1015
759
688
783
745
899
884
753
662
890
733
936
156
14
14
64
602
897
777
705
569
478
490
581
428
603
823
685
567
522
670
353
559
399
634
500
660
367
471
308
507
488
497
482
589
844
800
618
855
957
1025
899
704
603
652
736
474
722
850
930
715
672
921
1005
949
994
1009
933
855
923
969
943
871
745
900
802
962
765
1015
771
930
690
847
734
997
948
879
1002
932
790
1013
703
951
915
964
973
908
695
903
768
930
883
998
825
789
1005
1006
393
778
1018
1049
994
796
979
858
782
725
685
843
833
740
1031
948
875
686
587
838
660
552
897
704
810
813
799
53
1373
496
632
639
829
736
790
924
801
629
598
535
800
949
803
894
576
468
497
614
512
831
757
691
521
514
300
399
425
626
466
31
1369
677
625
828
368
411
434
577
641
396
434
368
459
50
204
257
230
212
324
278
283
355
218
394
386
122
1383
606
628
389
264
306
498
622
443
466
480
341
453
507
451
420
357
395
355
354
276
308
277
391
386
350
324
367
424
473
477
455
472
455
312
213
329
509
571
409
401
308
438
391
468
355
495
574
447
660
472
612
457
343
224
389
361
323
466
321
396
386
476
408
335
171
480
484
355
514
553
548
