202
109
79
52
112
206
323
268
337
380
240
219
236
243
255
150
100
68
18
315
105
96
143
110
137
306
370
366
315
275
303
277
231
240
299
186
201
383
228
208
213
190
88
112
123
182
134
52
117
213
291
244
258
221
238
244
241
276
250
291
265
268
223
160
236
210
224
123
85
139
136
118
141
224
188
137
120
122
195
115
114
240
244
173
127
119
151
124
151
135
199
160
205
180
89
136
174
157
193
215
224
166
219
240
230
218
155
137
178
230
199
216
80
66
86
120
115
157
278
229
251
210
167
168
94
220
142
144
180
144
192
198
132
154
174
221
349
333
315
235
201
203
242
167
241
268
245
303
232
201
133
167
263
259
261
145
219
210
272
308
345
312
264
262
358
253
196
127
192
234
327
329
308
343
351
412
305
336
268
363
436
387
262
320
309
433
515
469
486
534
560
603
514
437
420
471
467
416
444
427
371
349
385
395
387
337
357
426
482
453
277
123
110
186
235
268
312
340
374
346
365
368
303
419
380
265
164
215
367
380
279
302
305
294
201
390
433
333
355
374
422
340
360
315
238
291
272
290
458
438
385
393
346
399
429
387
401
424
380
380
313
287
289
340
402
398
354
503
286
232
201
273
138
229
149
153
337
420
257
287
322
196
265
448
438
457
441
429
383
337
327
540
522
435
357
292
276
299
334
444
340
420
442
442
445
390
395
336
380
364
309
343
402
487
512
448
496
442
445
417
346
295
284
320
262
284
347
326
268
334
201
244
241
286
335
289
230
307
243
306
185
250
191
284
309
280
296
377
263
284
378
324
317
346
362
372
266
247
325
212
345
291
283
312
357
315
280
366
250
238
192
212
214
171
169
238
184
273
212
207
141
196
249
307
287
226
224
240
260
210
254
250
241
218
310
274
256
316
297
309
329
228
246
250
235
368
303
266
339
297
277
321
346
265
263
290
268
315
372
190
323
325
308
252
304
299
281
316
289
289
334
326
297
334
289
280
402
407
389
385
424
392
383
370
346
382
367
430
418
390
407
374
408
392
355
380
413
406
413
398
336
252
281
250
348
413
419
393
386
357
374
349
374
354
193
201
170
260
162
176
139
132
226
283
353
290
228
334
311
311
303
279
235
253
196
313
311
280
310
268
224
341
284
280
310
265
269
309
265
311
329
308
320
300
292
333
334
366
324
299
333
334
300
274
356
318
324
305
350
346
321
329
351
292
268
208
146
145
171
170
196
189
185
239
213
239
215
278
247
206
210
177
83
53
65
105
18
262
195
165
120
126
143
131
151
97
106
123
196
200
202
167
210
202
181
227
207
230
210
269
206
190
122
213
187
214
187
179
204
170
185
180
188
220
175
230
187
213
136
108
55
46
35
37
34
28
22
22
21
36
93
137
102
89
58
75
66
52
38
34
31
37
47
51
62
60
62
65
49
50
48
41
46
38
25
31
34
38
47
38
38
40
30
29
22
25
21
15
18
15
10
15
24
19
12
9
7
15
16
21
18
6
12
18
12
9
9
9
9
9
9
9
7
6
11
40
37
66
94
118
126
139
120
94
85
78
92
118
123
123
90
96
115
160
145
172
202
118
114
202
167
133
213
100
113
83
55
46
40
19
13
22
24
10
108
365
352
297
269
313
315
208
194
255
123
136
204
167
257
265
296
362
369
348
296
312
340
334
263
292
247
311
374
232
262
344
296
340
343
315
317
346
66
414
311
356
354
287
354
397
386
368
370
367
314
312
297
364
325
228
284
386
396
333
300
374
374
295
215
365
245
326
343
413
425
339
330
263
287
224
309
278
354
349
380
391
342
370
361
305
360
351
337
321
320
228
211
153
69
117
180
132
72
6
6
6
6
6
6
6
6
6
6
6
6
4
4
6
6
6
6
6
6
4
4
4
4
4
4
4
4
4
4
4
4
4
4
4
4
4
4
4
4
4
4
4
4
4
4
4
4
4
6
9
6
6
6
6
6
6
6
4
6
6
6
6
6
7
9
75
259
109
238
169
164
179
129
164
69
24
10
21
80
232
187
216
189
162
164
154
195
179
142
195
187
217
199
196
223
190
187
144
221
218
236
167
220
216
270
221
300
281
259
282
199
123
1
201
170
279
218
93
363
287
301
246
329
340
265
312
331
268
265
250
203
180
140
120
152
117
117
80
127
136
89
66
89
86
60
71
49
16
35
33
52
46
59
44
37
26
26
35
29
37
33
21
19
84
62
69
56
28
43
50
27
97
84
22
43
22
18
341
230
180
232
175
217
237
174
92
55
55
80
55
65
60
57
48
77
56
63
115
126
171
131
138
109
170
142
85
50
31
46
31
56
128
151
297
295
318
290
201
179
167
236
240
202
109
79
52
112
206
323
268
337
380
240
219
236
243
255
150
100
68
18
315
105
96
143
110
137
306
370
366
315
275
303
277
231
240
299
186
201
383
228
208
213
190
88
112
123
182
134
52
117
213
291
244
258
221
238
244
241
276
250
291
265
268
223
160
236
210
224
123
85
139
136
118
141
224
188
137
120
122
195
115
114
240
244
173
127
119
151
124
151
135
199
160
205
180
89
136
174
157
193
215
224
166
219
240
230
218
155
137
178
230
199
216
80
66
86
120
115
157
278
229
251
210
167
168
94
220
142
144
180
144
192
198
132
154
174
221
349
333
315
235
201
203
242
167
241
268
245
303
232
201
133
167
263
259
261
145
219
210
272
308
345
312
264
262
358
253
196
127
192
234
327
329
308
343
351
412
305
336
268
363
436
387
262
320
309
433
515
469
486
534
560
603
514
437
420
471
467
416
444
427
371
349
385
395
387
337
357
426
482
453
277
123
110
186
235
268
312
340
374
346
365
368
303
419
380
265
164
215
367
380
279
302
305
294
201
390
433
333
355
374
422
340
360
315
238
291
272
290
458
438
385
393
346
399
429
387
401
424
380
380
313
287
289
340
402
398
354
503
286
232
201
273
138
229
149
153
337
420
257
287
322
196
265
448
438
457
441
429
383
337
327
540
522
435
357
292
276
299
334
444
340
420
442
442
445
390
395
336
380
364
309
343
402
487
512
448
496
442
445
417
346
295
284
320
262
284
347
326
268
334
201
244
241
286
335
289
230
307
243
306
185
250
191
284
309
280
296
377
263
284
378
324
317
346
362
372
266
247
325
212
345
291
283
312
357
315
280
366
250
238
192
212
214
171
169
238
184
273
212
207
141
196
249
307
287
226
224
240
260
210
254
250
241
218
310
274
256
316
297
309
329
228
246
250
235
368
303
266
339
297
277
321
346
265
263
290
268
315
372
190
323
325
308
252
304
299
281
316
289
289
334
326
297
334
289
280
402
407
389
385
424
392
383
370
346
382
367
430
418
390
407
374
408
392
355
380
413
406
413
398
336
252
281
250
348
413
419
393
386
357
374
349
374
354
193
201
170
260
162
176
139
132
226
283
353
290
228
334
311
311
303
279
235
253
196
313
311
280
310
268
224
341
284
280
310
265
269
309
265
311
329
308
320
300
292
333
334
366
324
299
333
334
300
274
356
318
324
305
350
346
321
329
351
292
268
208
146
145
171
170
196
189
185
239
213
239
215
278
247
206
210
177
83
53
65
105
18
262
195
165
120
126
143
131
151
97
106
123
196
200
202
167
210
202
181
227
207
230
210
269
206
190
122
213
187
214
187
179
204
170
185
180
188
220
175
230
187
213
136
108
55
46
35
37
34
28
22
22
21
36
93
137
102
89
58
75
66
52
38
34
31
37
47
51
62
60
62
65
49
50
48
41
46
38
25
31
34
38
47
38
38
40
30
29
22
25
21
15
18
15
10
15
24
19
12
9
7
15
16
21
18
6
12
18
12
9
9
9
9
9
9
9
7
6
11
40
37
66
94
118
126
139
120
94
85
78
92
118
123
123
90
96
115
160
145
172
202
118
114
202
167
133
213
100
113
83
55
46
40
19
13
22
24
10
108
365
352
297
269
313
315
208
194
255
123
136
204
167
257
265
296
362
369
348
296
312
340
334
263
292
247
311
374
232
262
344
296
340
343
315
317
346
66
414
311
356
354
287
354
397
386
368
370
367
314
312
297
364
325
228
284
386
396
333
300
374
374
295
215
365
245
326
343
413
425
339
330
263
287
224
309
278
354
349
380
391
342
370
361
305
360
351
337
321
320
228
211
153
69
117
180
132
72
6
6
6
6
6
6
6
6
6
6
6
6
4
4
6
6
6
6
6
6
4
4
4
4
4
4
4
4
4
4
4
4
4
4
4
4
4
4
4
4
4
4
4
4
4
4
4
4
4
6
9
6
6
6
6
6
6
6
4
6
6
6
6
6
7
9
75
259
109
238
169
164
179
129
164
69
24
10
21
80
232
187
216
189
162
164
154
195
179
142
195
187
217
199
196
223
190
187
144
221
218
236
167
220
216
270
221
300
281
259
282
199
123
1
201
170
279
218
93
363
287
301
246
329
340
265
312
331
268
265
250
203
180
140
120
152
117
117
80
127
136
89
66
89
86
60
71
49
16
35
33
52
46
59
44
37
26
26
35
29
37
33
21
19
84
62
69
56
28
43
50
27
97
84
22
43
22
18
341
230
180
232
175
217
237
174
92
55
55
80
55
65
60
57
48
77
56
63
115
126
171
131
138
109
170
142
85
50
31
46
31
56
128
151
297
295
318
290
201
179
167
236
240
202
109
79
52
112
206
323
268
337
380
240
219
236
243
255
150
100
68
18
315
105
96
143
110
137
306
370
366
315
275
303
277
231
240
299
186
201
383
228
208
213
190
88
112
123
182
134
52
117
213
291
244
258
221
238
244
241
276
250
291
265
268
223
160
236
210
224
123
85
139
136
118
141
224
188
137
120
122
195
115
114
240
244
173
127
119
151
124
151
135
199
160
205
180
89
136
174
157
193
215
224
166
219
240
230
218
155
137
178
230
199
216
80
66
86
120
115
157
278
229
251
210
167
168
94
220
142
144
180
144
192
198
132
154
174
221
349
333
315
235
201
203
242
167
241
268
245
303
232
201
133
167
263
259
261
145
219
210
272
308
345
312
264
262
358
253
196
127
192
234
327
329
308
343
351
412
305
336
268
363
436
387
262
320
309
433
515
469
486
534
560
603
514
437
420
471
467
416
444
427
371
349
385
395
387
337
357
426
482
453
277
123
110
186
235
268
312
340
374
346
365
368
303
419
380
265
164
215
367
380
279
302
305
294
201
390
433
333
355
374
422
340
360
315
238
291
272
290
458
438
385
393
346
399
429
387
401
424
380
380
313
287
289
340
402
398
354
503
286
232
201
273
138
229
149
153
337
420
257
287
322
196
265
448
438
457
441
429
383
337
327
540
522
435
357
292
276
299
334
444
340
420
442
442
445
390
395
336
380
364
309
343
402
487
512
448
496
442
445
417
346
295
284
320
262
284
347
326
268
334
201
244
241
286
335
289
230
307
243
306
185
250
191
284
309
280
296
377
263
284
378
324
317
346
362
372
266
247
325
212
345
291
283
312
357
315
280
366
250
238
192
212
214
171
169
238
184
273
212
207
141
196
249
307
287
226
224
240
260
210
254
250
241
218
310
274
256
316
297
309
329
228
246
250
235
368
303
266
339
297
277
321
346
265
263
290
268
315
372
190
323
325
308
252
304
299
281
316
289
289
334
326
297
334
289
280
