197
211
217
149
195
234
181
202
151
174
194
108
32
32
78
73
43
30
4
5
5
7
5
5
5
5
5
5
5
4
7
7
6
4
2
4
2
1
7
10
16
11
13
12
12
12
17
2
11
17
14
16
12
17
16
14
14
12
16
12
17
12
12
18
11
12
14
41
5
3
11
17
16
17
20
14
7
16
11
2
7
8
6
7
1
4
86
191
210
246
233
262
198
200
234
249
233
238
268
185
179
203
252
282
210
226
211
161
134
14
273
160
144
179
164
182
117
106
117
41
76
94
115
108
92
106
113
106
124
118
61
96
155
109
86
26
23
71
44
104
36
54
122
173
123
196
112
119
113
116
118
87
140
151
161
151
121
91
86
35
59
48
29
86
112
91
43
119
102
89
49
24
31
66
66
113
125
55
36
59
64
80
88
29
22
26
11
10
41
89
55
64
22
6
70
83
38
30
25
28
14
11
18
12
13
13
13
12
13
14
12
13
13
13
1
106
164
246
230
238
201
193
167
207
183
311
221
313
408
451
210
321
286
307
370
269
300
192
269
345
280
238
324
344
324
365
289
360
436
446
373
413
383
402
367
403
470
388
338
547
390
492
383
444
456
434
452
414
399
336
348
195
402
382
432
463
480
526
434
476
421
337
343
378
365
507
379
344
391
373
449
442
376
331
445
367
468
78
7
7
32
301
449
389
352
285
239
245
291
214
301
411
342
283
261
335
177
280
199
317
250
330
183
235
154
253
244
249
241
295
422
400
309
427
478
513
449
352
301
326
368
237
361
425
465
357
336
461
503
475
497
505
467
427
462
484
471
435
373
450
401
481
383
507
385
465
345
424
367
498
474
440
501
466
395
507
351
475
458
482
486
454
347
451
384
465
441
499
412
395
502
503
197
389
509
524
497
398
489
429
391
363
343
421
417
370
516
474
437
343
293
419
330
276
449
352
405
406
399
26
686
248
316
320
415
368
395
462
400
314
299
268
400
474
402
447
288
234
249
307
256
415
378
346
261
257
150
199
213
313
233
15
685
339
313
414
184
206
217
289
321
198
217
184
229
25
102
128
115
106
162
139
142
178
109
197
193
61
692
303
314
194
132
153
249
311
221
233
240
170
227
253
226
210
178
198
177
177
138
154
139
196
193
175
162
183
212
237
238
228
236
228
156
107
164
254
286
204
200
154
219
196
234
178
247
287
223
330
236
306
228
171
112
194
180
162
233
161
198
193
238
204
168
85
240
242
178
257
277
274
334
259
168
90
146
188
268
223
323
406
295
313
229
370
230
346
231
355
399
306
385
295
427
306
352
378
436
288
429
398
431
402
213
359
293
375
314
361
288
358
360
266
361
344
398
385
347
389
271
343
291
251
305
265
210
200
340
350
320
269
322
334
334
172
214
234
234
332
294
364
283
347
321
191
196
405
403
370
402
361
404
407
265
307
409
371
251
404
303
302
353
312
434
253
357
335
309
215
188
300
204
361
393
388
424
423
289
352
284
378
322
380
380
312
301
315
362
363
413
364
300
225
227
307
177
245
259
228
252
225
293
215
270
296
232
285
268
268
263
311
265
250
292
276
308
309
437
450
343
468
451
345
347
343
373
344
287
503
366
419
413
363
448
357
452
353
371
333
343
351
340
426
340
372
339
458
451
356
481
401
260
324
333
337
370
353
358
329
402
463
444
415
447
422
378
431
412
316
398
406
213
208
225
311
310
322
444
461
406
345
331
327
375
332
303
145
225
230
222
175
283
336
318
242
274
279
286
245
248
307
300
216
348
349
276
365
198
371
215
264
279
317
302
336
438
365
356
377
386
377
211
290
248
243
353
331
307
362
463
458
433
511
464
431
463
32
712
240
272
266
255
269
180
157
227
322
246
435
460
434
458
451
335
14
318
297
308
376
344
360
350
367
146
292
314
333
350
401
352
346
323
352
330
352
353
323
319
319
279
271
264
272
291
215
247
183
170
214
159
180
157
98
66
89
10
491
213
240
188
226
245
228
155
88
162
123
82
113
70
95
112
59
47
107
171
235
258
246
213
180
145
79
66
56
36
48
103
81
110
114
89
48
47
51
64
48
55
65
49
33
44
59
25
25
32
29
29
40
43
66
103
96
74
74
71
64
42
28
27
31
40
40
32
47
37
46
47
41
28
49
74
92
14
153
38
42
84
82
78
32
40
34
32
46
31
31
10
12
12
12
11
12
13
12
11
10
10
5
7
57
61
43
35
50
37
18
7
23
38
25
25
32
23
16
14
80
10
17
11
2
67
63
36
26
16
13
17
23
31
24
30
32
20
1
28
35
46
65
48
36
16
44
25
27
30
106
19
41
38
61
37
38
29
44
58
35
42
26
26
142
156
200
170
149
70
23
29
42
34
44
25
38
22
14
22
22
28
34
41
48
42
4
4
2
2
2
2
2
2
2
2
2
4
5
4
4
2
2
1
2
5
161
236
228
191
217
194
277
216
230
259
240
236
219
262
221
168
227
171
196
73
264
168
165
211
223
170
215
275
184
115
47
57
37
22
11
12
12
12
12
13
13
13
12
12
13
13
12
12
12
12
12
12
12
13
12
41
131
137
175
142
209
257
282
318
179
142
310
342
295
197
211
217
149
195
234
181
202
151
174
194
108
32
32
78
73
43
30
4
5
5
7
5
5
5
5
5
5
5
4
7
7
6
4
2
4
2
1
7
10
16
11
13
12
12
12
17
2
11
17
14
16
12
17
16
14
14
12
16
12
17
12
12
18
11
12
14
41
5
3
11
17
16
17
20
14
7
16
11
2
7
8
6
7
1
4
86
191
210
246
233
262
198
200
234
249
233
238
268
185
179
203
252
282
210
226
211
161
134
14
273
160
144
179
164
182
117
106
117
41
76
94
115
108
92
106
113
106
124
118
61
96
155
109
86
26
23
71
44
104
36
54
122
173
123
196
112
119
113
116
118
87
140
151
161
151
121
91
86
35
59
48
29
86
112
91
43
119
102
89
49
24
31
66
66
113
125
55
36
59
64
80
88
29
22
26
11
10
41
89
55
64
22
6
70
83
38
30
25
28
14
11
18
12
13
13
13
12
13
14
12
13
13
13
1
106
164
246
230
238
201
193
167
207
183
311
221
313
408
451
210
321
286
307
370
269
300
192
269
345
280
238
324
344
324
365
289
360
436
446
373
413
383
402
367
403
470
388
338
547
390
492
383
444
456
434
452
414
399
336
348
195
402
382
432
463
480
526
434
476
421
337
343
378
365
507
379
344
391
373
449
442
376
331
445
367
468
78
7
7
32
301
449
389
352
285
239
245
291
214
301
411
342
283
261
335
177
280
199
317
250
330
183
235
154
253
244
249
241
295
422
400
309
427
478
513
449
352
301
326
368
237
361
425
465
357
336
461
503
475
497
505
467
427
462
484
471
435
373
450
401
481
383
507
385
465
345
424
367
498
474
440
501
466
395
507
351
475
458
482
486
454
347
451
384
465
441
499
412
395
502
503
197
389
509
524
497
398
489
429
391
363
343
421
417
370
516
474
437
343
293
419
330
276
449
352
405
406
399
26
686
248
316
320
415
368
395
462
400
314
299
268
400
474
402
447
288
234
249
307
256
415
378
346
261
257
150
199
213
313
233
15
685
339
313
414
184
206
217
289
321
198
217
184
229
25
102
128
115
106
162
139
142
178
109
197
193
61
692
303
314
194
132
153
249
311
221
233
240
170
227
253
226
210
178
198
177
177
138
154
139
196
193
175
162
183
212
237
238
228
236
228
156
107
164
254
286
204
200
154
219
196
234
178
247
287
223
330
236
306
228
171
112
194
180
162
233
161
198
193
238
204
168
85
240
242
178
257
277
274
334
259
168
90
146
188
268
223
323
406
295
313
229
370
230
346
231
355
399
306
385
295
427
306
352
378
436
288
429
398
431
402
213
359
293
375
314
361
288
358
360
266
361
344
398
385
347
389
271
343
291
251
305
265
210
200
340
350
320
269
322
334
334
172
214
234
234
332
294
364
283
347
321
191
196
405
403
370
402
361
404
407
265
307
409
371
251
404
303
302
353
312
434
253
357
335
309
215
188
300
204
361
393
388
424
423
289
352
284
378
322
380
380
312
301
315
362
363
413
364
300
225
227
307
177
245
259
228
252
225
293
215
270
296
232
285
268
268
263
311
265
250
292
276
308
309
437
450
343
468
451
345
347
343
373
344
287
503
366
419
413
363
448
357
452
353
371
333
343
351
340
426
340
372
339
458
451
356
481
401
260
324
333
337
370
353
358
329
402
463
444
415
447
422
378
431
412
316
398
406
213
208
225
311
310
322
444
461
406
345
331
327
375
332
303
145
225
230
222
175
283
336
318
242
274
279
286
245
248
307
300
216
348
349
276
365
198
371
215
264
279
317
302
336
438
365
356
377
386
377
211
290
248
243
353
331
307
362
463
458
433
511
464
431
463
32
712
240
272
266
255
269
180
157
227
322
246
435
460
434
458
451
335
14
318
297
308
376
344
360
350
367
146
292
314
333
350
401
352
346
323
352
330
352
353
323
319
319
279
271
264
272
291
215
247
183
170
214
159
180
157
98
66
89
10
491
213
240
188
226
245
228
155
88
162
123
82
113
70
95
112
59
47
107
171
235
258
246
213
180
145
79
66
56
36
48
103
81
110
114
89
48
47
51
64
48
55
65
49
33
44
59
25
25
32
29
29
40
43
66
103
96
74
74
71
64
42
28
27
31
40
40
32
47
37
46
47
41
28
49
74
92
14
153
38
42
84
82
78
32
40
34
32
46
31
31
10
12
12
12
11
12
13
12
11
10
10
5
7
57
61
43
35
50
37
18
7
23
38
25
25
32
23
16
14
80
10
17
11
2
67
63
36
26
16
13
17
23
31
24
30
32
20
1
28
35
46
65
48
36
16
44
25
27
30
106
19
41
38
61
37
38
29
44
58
35
42
26
26
142
156
200
170
149
70
23
29
42
34
44
25
38
22
14
22
22
28
34
41
48
42
4
4
2
2
2
2
2
2
2
2
2
4
5
4
4
2
2
1
2
5
161
236
228
191
217
194
277
216
230
259
240
236
219
262
221
168
227
171
196
73
264
168
165
211
223
170
215
275
184
115
47
57
37
22
11
12
12
12
12
13
13
13
12
12
13
13
12
12
12
12
12
12
12
13
12
41
131
137
175
142
209
257
282
318
179
142
310
342
295
197
211
217
149
195
234
181
202
151
174
194
108
32
32
78
73
43
30
4
5
5
7
5
5
5
5
5
5
5
4
7
7
6
4
2
4
2
1
7
10
16
11
13
12
12
12
17
2
11
17
14
16
12
17
16
14
14
12
16
12
17
12
12
18
11
12
14
41
5
3
11
17
16
17
20
14
7
16
11
2
7
8
6
7
1
4
86
191
210
246
233
262
198
200
234
249
233
238
268
185
179
203
252
282
210
226
211
161
134
14
273
160
144
179
164
182
117
106
117
41
76
94
115
108
92
106
113
106
124
118
61
96
155
109
86
26
23
71
44
104
36
54
122
173
123
196
112
119
113
116
118
87
140
151
161
151
121
91
86
35
59
48
29
86
112
91
43
119
102
89
49
24
31
66
66
113
125
55
36
59
64
80
88
29
22
26
11
10
41
89
55
64
22
6
70
83
38
30
25
28
14
11
18
12
13
13
13
12
13
14
12
13
13
13
1
106
164
246
230
238
201
193
167
207
183
311
221
313
408
451
210
321
286
307
370
269
300
192
269
345
280
238
324
344
324
365
289
360
436
446
373
413
383
402
367
403
470
388
338
547
390
492
383
444
456
434
452
414
399
336
348
195
402
382
432
463
480
526
434
476
421
337
343
378
365
507
379
344
391
373
449
442
376
331
445
367
468
78
7
7
32
301
449
389
352
285
239
245
291
214
301
411
342
283
261
335
177
280
199
317
250
330
183
235
154
253
244
249
241
295
422
400
309
427
478
513
449
352
301
326
368
237
361
425
465
357
336
461
503
475
497
505
467
427
462
484
471
435
373
450
401
481
383
507
385
465
345
424
367
498
474
440
501
466
395
507
351
475
458
482
486
454
347
451
384
465
441
499
412
395
502
503
197
389
509
524
497
398
489
429
391
363
343
421
417
370
516
474
437
343
293
419
330
276
449
352
405
406
399
26
686
248
316
320
415
368
395
462
400
314
299
268
400
474
402
447
288
234
249
307
256
415
378
346
261
257
150
199
213
313
233
15
685
339
313
414
184
206
217
289
321
198
217
184
229
25
102
128
115
106
162
139
142
178
109
197
193
61
692
303
314
194
132
153
249
311
221
233
240
170
227
253
226
210
178
198
177
177
138
154
139
196
193
175
162
183
212
237
238
228
236
228
156
107
164
254
286
204
200
154
219
196
234
178
247
287
223
330
236
306
228
171
112
194
180
162
233
161
198
193
238
204
168
85
240
242
178
257
277
274
