1613
1762
1652
1762
1763
1616
1593
1594
1393
1353
1321
1359
1453
1076
1237
914
848
1069
796
900
786
492
328
444
48
2453
1063
1200
940
1131
1224
1138
774
442
810
613
408
564
348
474
558
294
234
534
854
1173
1291
1229
1067
900
727
396
331
282
180
240
516
403
552
572
444
240
234
254
318
240
276
324
246
167
222
294
126
126
162
144
144
198
217
330
516
480
371
372
354
318
210
138
133
156
198
198
162
234
186
228
234
204
142
246
372
462
72
765
192
210
420
408
390
159
198
168
162
228
156
156
48
60
60
60
54
60
66
60
54
48
48
24
36
283
306
216
174
252
186
90
36
114
192
126
126
162
114
78
72
402
48
84
54
12
336
316
180
132
78
66
84
114
156
120
150
162
102
5
138
174
228
324
240
180
78
222
126
134
150
528
96
204
192
306
186
192
144
219
288
174
210
132
132
708
781
1002
850
744
348
114
144
210
168
222
127
192
108
72
108
108
138
168
204
240
210
18
18
12
12
12
12
12
12
12
12
12
18
24
18
18
12
12
5
12
27
804
1182
1141
956
1086
971
1387
1081
1150
1296
1198
1178
1093
1308
1105
838
1135
854
978
365
1321
839
826
1056
1116
850
1074
1375
918
576
234
283
185
108
54
60
60
60
60
66
66
66
60
60
66
66
60
60
60
60
60
60
60
66
60
206
654
684
876
710
1045
1285
1409
1590
893
708
1551
1709
1477
986
1054
1086
745
974
1171
907
1008
757
870
969
540
162
162
390
366
216
150
18
24
24
36
24
24
24
24
24
24
24
18
36
36
30
18
12
18
12
5
36
48
78
54
66
60
60
60
84
9
54
84
72
78
60
84
78
72
72
60
78
60
84
60
60
90
54
60
72
204
24
13
54
84
78
84
102
72
36
78
54
12
36
42
30
36
5
18
428
955
1049
1230
1167
1308
988
1000
1171
1245
1165
1189
1339
924
896
1014
1260
1410
1048
1128
1055
804
672
72
1363
798
720
894
818
912
585
528
586
204
378
468
574
540
462
528
564
528
622
588
306
481
774
546
432
131
114
354
222
522
180
270
611
864
614
978
560
594
564
579
588
437
702
755
804
754
606
456
432
175
294
240
144
432
559
456
216
594
510
444
246
120
156
328
330
564
624
276
180
295
318
402
438
144
108
132
54
48
204
444
276
318
108
30
348
414
192
152
126
138
72
54
90
60
66
66
66
60
66
72
60
66
66
66
5
529
819
1228
1150
1191
1005
967
833
1037
913
1553
1105
1567
2039
2254
1052
1603
1432
1536
1848
1345
1499
958
1344
1726
1398
1189
1621
1720
1619
1827
1447
1801
2178
2230
1865
2065
1917
2011
1835
2017
2349
1942
1690
2737
1949
2458
1915
2220
2282
2170
2259
2068
1996
1681
1738
975
2010
1909
2158
2314
2401
2632
2171
2381
2107
1687
1714
1889
1826
2537
1897
1720
1956
1863
2247
2209
1882
1655
2225
1833
2339
390
36
36
159
1504
2243
1944
1762
1423
1196
1224
1453
1070
1507
2057
1712
1417
1305
1675
883
1398
996
1585
1250
1650
917
1177
771
1267
1220
1243
1205
1473
2111
1999
1546
2137
2392
2563
2247
1760
1506
1630
1839
1184
1806
2126
2326
1786
1680
2303
2513
2373
2485
2524
2333
2137
2309
2422
2356
2177
1863
2249
2005
2406
1914
2537
1927
2326
1725
2119
1835
2492
2371
2198
2506
2330
1974
2533
1757
2377
2288
2411
2431
2270
1736
2256
1921
2325
2207
2496
2062
1973
2512
2515
984
1945
2546
2621
2485
1991
2446
2146
1956
1813
1713
2107
2083
1850
2578
2370
2187
1716
1466
2096
1651
1381
2243
1761
2024
2032
1996
132
3432
1240
1579
1598
2074
1841
1975
2309
2002
1572
1495
1338
2001
2372
2008
2234
1441
1170
1243
1534
1280
2076
1892
1728
1303
1285
749
996
1063
1564
1165
76
3423
1694
1563
2071
919
1028
1085
1443
1603
990
1086
921
1147
126
510
642
576
531
810
696
708
888
545
984
966
305
3458
1514
1571
972
660
766
1245
1555
1107
1165
1200
852
1133
1267
1128
1049
891
989
887
884
690
770
693
978
964
876
810
917
1060
1183
1192
1138
1181
1138
780
533
822
1272
1429
1022
1002
771
1095
978
1171
888
1237
1435
1117
1651
1180
1531
1142
857
560
972
902
808
1165
803
990
964
1190
1020
838
426
1201
1209
888
1285
1383
1369
1669
1293
838
451
728
940
1340
1115
1617
2029
1473
1564
1144
1852
1150
1730
1153
1773
1997
1532
1927
1476
2133
1531
1762
1888
2182
1438
2143
1989
2155
2011
1065
1795
1465
1876
1568
1805
1438
1790
1801
1328
1807
1719
1988
1925
1733
1944
1355
1716
1455
1254
1523
1326
1052
999
1700
1750
1600
1345
1609
1668
1671
860
1068
1172
1170
1662
1469
1820
1413
1737
1604
956
978
2024
2014
1851
2012
1806
2018
2035
1324
1535
2046
1857
1257
2018
1515
1510
1764
1559
2170
1266
1786
1675
1543
1075
941
1500
1022
1804
1966
1942
2118
2117
1447
1759
1418
1892
1611
1898
1901
1561
1505
1577
1811
1814
2066
1821
1502
1123
1135
1534
883
1227
1296
1141
1259
1123
1466
1074
1350
1480
1160
1423
1338
1342
1316
1554
1327
1250
1459
1378
1540
1547
2183
2248
1713
2342
2254
1724
1734
1715
1863
1720
1437
2516
1829
2095
2065
1815
2241
1783
2261
1764
1853
1666
1713
1755
1702
2132
1699
1859
1696
2289
2256
1781
2405
2006
1301
1622
1663
1684
1850
1765
1792
1644
2008
2315
2222
2077
2237
2111
1888
2155
2061
1582
1991
2030
1063
1042
1124
1554
1552
1608
2218
2305
2030
1724
1656
1633
1875
1660
1515
726
1127
1150
1108
873
1417
1679
1589
1211
1372
1397
1430
1223
1238
1536
1498
1081
1739
1743
1381
1825
988
1853
1073
1319
1397
1585
1509
1680
2191
1827
1780
1883
1930
1884
1057
1452
1242
1216
1765
1657
1536
1808
2315
2292
2165
2556
2318
2155
2316
162
3562
1200
1362
1329
1274
1345
900
786
1135
1612
1232
2175
2299
2172
2288
2254
1674
72
1589
1483
1540
1878
1722
1801
1751
1833
729
1461
1571
1665
1750
2005
1762
1728
1613
1762
1652
1762
1763
1616
1593
1594
1393
1353
1321
1359
1453
1076
1237
914
848
1069
796
900
786
492
328
444
48
2453
1063
1200
940
1131
1224
1138
774
442
810
613
408
564
348
474
558
294
234
534
854
1173
1291
1229
1067
900
727
396
331
282
180
240
516
403
552
572
444
240
234
254
318
240
276
324
246
167
222
294
126
126
162
144
144
198
217
330
516
480
371
372
354
318
210
138
133
156
198
198
162
234
186
228
234
204
142
246
372
462
72
765
192
210
420
408
390
159
198
168
162
228
156
156
48
60
60
60
54
60
66
60
54
48
48
24
36
283
306
216
174
252
186
90
36
114
192
126
126
162
114
78
72
402
48
84
54
12
336
316
180
132
78
66
84
114
156
120
150
162
102
5
138
174
228
324
240
180
78
222
126
134
150
528
96
204
192
306
186
192
144
219
288
174
210
132
132
708
781
1002
850
744
348
114
144
210
168
222
127
192
108
72
108
108
138
168
204
240
210
18
18
12
12
12
12
12
12
12
12
12
18
24
18
18
12
12
5
12
27
804
1182
1141
956
1086
971
1387
1081
1150
1296
1198
1178
1093
1308
1105
838
1135
854
978
365
1321
839
826
1056
1116
850
1074
1375
918
576
234
283
185
108
54
60
60
60
60
66
66
66
60
60
66
66
60
60
60
60
60
60
60
66
60
206
654
684
876
710
1045
1285
1409
1590
893
708
1551
1709
1477
986
1054
1086
745
974
1171
907
1008
757
870
969
540
162
162
390
366
216
150
18
24
24
36
24
24
24
24
24
24
24
18
36
36
30
18
12
18
12
5
36
48
78
54
66
60
60
60
84
9
54
84
72
78
60
84
78
72
72
60
78
60
84
60
60
90
54
60
72
204
24
13
54
84
78
84
102
72
36
78
54
12
36
42
30
36
5
18
428
955
1049
1230
1167
1308
988
1000
1171
1245
1165
1189
1339
924
896
1014
1260
1410
1048
1128
1055
804
672
72
1363
798
720
894
818
912
585
528
586
204
378
468
574
540
462
528
564
528
622
588
306
481
774
546
432
131
114
354
222
522
180
270
611
864
614
978
560
594
564
579
588
437
702
755
804
754
606
456
432
175
294
240
144
432
559
456
216
594
510
444
246
120
156
328
330
564
624
276
180
295
318
402
438
144
108
132
54
48
204
444
276
318
108
30
348
414
192
152
126
138
72
54
90
60
66
66
66
60
66
72
60
66
66
66
5
529
819
1228
1150
1191
1005
967
833
1037
913
1553
1105
1567
2039
2254
1052
1603
1432
1536
1848
1345
1499
958
1344
1726
1398
1189
1621
1720
1619
1827
1447
1801
2178
2230
1865
2065
1917
2011
1835
2017
2349
1942
1690
2737
1949
2458
1915
2220
2282
2170
2259
2068
1996
1681
1738
975
2010
1909
2158
2314
2401
2632
2171
2381
2107
1687
1714
1889
1826
2537
1897
1720
1956
1863
2247
2209
1882
1655
2225
1833
2339
390
36
36
159
1504
2243
1944
1762
1423
1196
1224
1453
1070
1507
2057
1712
1417
1305
1675
883
1398
996
1585
1250
1650
917
1177
771
1267
1220
1243
1205
1473
2111
1999
1546
2137
2392
2563
2247
1760
1506
1630
1839
1184
1806
2126
2326
1786
1680
2303
2513
2373
2485
2524
2333
2137
2309
2422
2356
2177
1863
2249
2005
2406
1914
2537
1927
2326
1725
2119
1835
2492
2371
2198
2506
2330
1974
2533
1757
2377
2288
2411
2431
2270
1736
2256
1921
2325
2207
2496
2062
1973
2512
2515
984
1945
2546
2621
2485
1991
2446
2146
1956
1813
1713
2107
2083
1850
2578
2370
2187
1716
1466
2096
1651
1381
2243
1761
2024
2032
1996
132
3432
1240
1579
1598
2074
1841
1975
2309
2002
1572
1495
1338
2001
2372
2008
2234
1441
1170
1243
1534
1280
2076
1892
1728
1303
1285
749
996
1063
1564
1165
76
3423
1694
1563
2071
919
1028
1085
1443
1603
990
1086
921
1147
126
510
642
576
531
810
696
708
888
545
984
966
305
3458
1514
1571
972
660
766
1245
1555
1107
1165
1200
852
1133
1267
1128
1049
891
989
887
884
690
770
693
978
964
876
810
917
1060
1183
1192
1138
1181
1138
780
533
822
1272
1429
1022
1002
771
1095
978
1171
888
1237
1435
1117
1651
1180
1531
1142
857
560
972
902
808
1165
803
990
964
1190
1020
838
426
1201
1209
888
1285
1383
1369
1669
1293
838
451
728
940
1340
1115
1617
2029
1473
1564
1144
1852
1150
1730
1153
1773
1997
1532
1927
1476
2133
1531
1762
1888
2182
1438
2143
1989
2155
2011
1065
1795
1465
1876
1568
1805
1438
1790
1801
1328
1807
1719
1988
1925
1733
1944
1355
1716
1455
1254
1523
1326
1052
999
1700
1750
1600
1345
1609
1668
1671
860
1068
1172
1170
1662
1469
1820
1413
1737
1604
956
978
2024
2014
1851
2012
1806
2018
2035
1324
1535
2046
1857
1257
2018
1515
1510
1764
1559
2170
1266
1786
1675
1543
1075
941
1500
1022
1804
1966
1942
2118
2117
1447
1759
1418
1892
1611
1898
1901
1561
1505
1577
1811
1814
2066
1821
1502
1123
1135
1534
883
1227
1296
1141
1259
1123
1466
1074
1350
1480
1160
1423
1338
1342
1316
1554
1327
1250
1459
1378
1540
1547
2183
2248
1713
2342
2254
1724
1734
1715
1863
1720
1437
2516
1829
2095
2065
1815
2241
1783
2261
1764
1853
1666
1713
1755
1702
2132
1699
1859
1696
2289
2256
1781
2405
2006
1301
1622
1663
1684
1850
1765
1792
1644
2008
2315
2222
2077
2237
2111
1888
2155
2061
1582
1991
2030
1063
1042
1124
1554
1552
1608
2218
2305
2030
1724
1656
1633
1875
1660
1515
726
1127
1150
1108
873
1417
1679
1589
1211
1372
1397
1430
1223
1238
1536
1498
1081
1739
1743
1381
1825
988
1853
1073
1319
1397
1585
1509
1680
2191
1827
1780
1883
1930
1884
1057
1452
1242
1216
1765
1657
1536
1808
2315
2292
2165
2556
2318
2155
2316
162
3562
1200
1362
1329
1274
1345
900
786
1135
1612
1232
2175
2299
2172
2288
2254
1674
72
1589
1483
1540
1878
1722
1801
1751
1833
729
1461
1571
1665
1750
2005
1762
1728
1613
1762
1652
1762
1763
1616
1593
1594
1393
1353
1321
1359
1453
1076
1237
914
848
1069
796
900
786
492
328
444
48
2453
1063
1200
940
1131
1224
1138
774
442
810
613
408
564
348
474
558
294
234
534
854
1173
1291
1229
1067
900
727
396
331
282
180
240
516
403
552
572
444
240
234
254
318
240
276
324
246
167
222
294
126
126
162
144
144
198
217
330
516
480
371
372
354
318
210
138
133
156
198
198
162
234
186
228
234
204
142
246
372
462
72
765
192
210
420
408
390
159
198
168
162
228
156
156
48
60
60
60
54
60
66
60
54
48
48
24
36
283
306
216
174
252
186
90
36
114
192
126
126
162
114
78
72
402
48
84
54
12
336
316
180
132
78
66
84
114
156
120
150
162
102
5
138
174
228
324
240
180
78
222
126
134
150
528
96
204
192
306
186
192
144
219
288
174
210
132
132
708
781
1002
850
744
348
114
144
210
168
222
127
192
108
72
108
108
138
168
204
240
210
18
18
12
12
12
12
12
12
12
12
12
18
24
18
18
12
12
5
12
27
804
1182
1141
956
1086
971
1387
1081
1150
1296
1198
1178
1093
1308
1105
838
1135
854
978
365
1321
839
826
1056
1116
850
1074
1375
918
576
234
283
185
108
54
60
60
60
60
66
66
66
60
60
66
66
60
60
60
60
60
60
60
66
60
206
654
684
876
710
1045
1285
1409
1590
893
708
1551
1709
1477
986
1054
1086
745
974
1171
907
1008
757
870
969
540
162
162
390
366
216
150
18
24
24
36
24
24
24
24
24
24
24
18
36
36
30
18
12
18
12
5
36
48
78
54
66
60
60
60
84
9
54
84
72
78
60
84
78
72
72
60
78
60
84
60
60
90
54
60
72
204
24
13
54
84
78
84
102
72
36
78
54
12
36
42
30
36
5
18
428
955
1049
1230
1167
1308
988
1000
1171
1245
1165
1189
1339
924
896
1014
1260
1410
1048
1128
1055
804
672
72
1363
798
720
894
818
912
585
528
586
204
378
468
574
540
462
528
564
528
622
588
306
481
774
546
432
131
114
354
222
522
180
270
611
864
614
978
560
594
564
579
588
437
702
755
804
754
606
456
432
175
294
240
144
432
559
456
216
594
510
444
246
120
156
328
330
564
624
276
180
295
318
402
438
144
108
132
54
48
204
444
276
318
108
30
348
414
192
152
126
138
72
54
90
60
66
66
66
60
66
72
60
66
66
66
5
529
819
1228
1150
1191
1005
967
833
1037
913
1553
1105
1567
2039
2254
1052
1603
1432
1536
1848
1345
1499
958
1344
1726
1398
1189
1621
1720
1619
1827
1447
1801
2178
2230
1865
2065
1917
2011
1835
2017
2349
1942
1690
2737
1949
2458
1915
2220
2282
2170
2259
2068
1996
1681
1738
975
2010
1909
2158
2314
2401
2632
2171
2381
2107
1687
1714
1889
1826
2537
1897
1720
1956
1863
2247
2209
1882
1655
2225
1833
2339
390
36
36
159
1504
2243
1944
1762
1423
1196
1224
1453
1070
1507
2057
1712
1417
1305
1675
883
1398
996
1585
1250
1650
917
1177
771
1267
1220
1243
1205
1473
2111
1999
1546
2137
2392
2563
2247
1760
1506
1630
1839
1184
1806
2126
2326
1786
1680
2303
2513
2373
2485
2524
2333
2137
2309
2422
2356
2177
1863
2249
2005
2406
1914
2537
1927
2326
1725
2119
1835
2492
2371
2198
2506
2330
1974
2533
1757
2377
2288
2411
2431
2270
1736
2256
1921
2325
2207
2496
2062
1973
2512
2515
984
1945
2546
2621
2485
1991
2446
2146
1956
1813
1713
2107
2083
1850
2578
2370
2187
1716
1466
2096
1651
1381
2243
1761
2024
2032
1996
132
3432
1240
1579
1598
2074
1841
1975
2309
2002
1572
1495
1338
2001
2372
2008
2234
1441
1170
1243
1534
1280
2076
1892
1728
1303
1285
749
996
1063
1564
1165
76
3423
1694
1563
2071
919
1028
1085
1443
1603
990
1086
921
1147
126
510
642
576
531
810
696
708
888
545
984
966
305
3458
1514
1571
972
660
766
1245
1555
1107
1165
1200
852
1133
1267
1128
1049
891
989
887
884
690
770
693
978
964
876
810
917
1060
1183
1192
1138
1181
1138
780
533
822
1272
1429
1022
1002
771
1095
978
1171
888
1237
1435
1117
1651
1180
1531
1142
857
560
972
902
808
1165
803
990
964
1190
1020
838
426
1201
1209
888
1285
1383
1369
