2414
2441
2334
2307
2543
2352
2299
2219
2077
2290
2201
2582
2508
2343
2441
2246
2450
2352
2131
2281
2476
2437
2476
2387
2015
1510
1684
1501
2086
2476
2517
2361
2316
2140
2246
2095
2246
2127
1156
1205
1023
1560
969
1054
832
792
1356
1696
2118
1740
1368
2003
1864
1864
1820
1675
1412
1515
1173
1879
1864
1678
1861
1607
1342
2047
1705
1678
1861
1590
1616
1852
1590
1864
1976
1846
1918
1799
1749
1997
2006
2198
1944
1794
1997
2003
1803
1643
2135
1909
1944
1829
2100
2077
1927
1971
2109
1749
1607
1250
877
872
1028
1023
1178
1134
1111
1435
1280
1435
1288
1666
1484
1235
1258
1063
500
318
390
629
106
1572
1169
987
717
753
859
783
904
585
637
739
1178
1199
1214
1005
1258
1214
1084
1365
1244
1382
1262
1612
1235
1143
730
1275
1120
1284
1125
1075
1223
1023
1108
1081
1129
1320
1049
1382
1120
1275
819
646
327
275
212
221
203
168
133
133
124
216
558
824
611
531
349
452
398
310
230
203
185
221
283
304
372
363
372
390
292
301
287
248
275
230
151
185
203
230
283
230
230
239
181
177
133
151
124
88
106
88
62
88
142
115
70
53
44
88
97
124
106
35
70
106
70
53
53
53
53
53
53
53
44
35
66
239
221
398
567
709
756
832
717
567
509
470
549
709
739
735
540
576
691
960
868
1032
1214
709
686
1214
1001
801
1275
602
677
496
327
275
239
115
79
133
142
62
650
2189
2113
1785
1616
1879
1891
1250
1165
1533
739
815
1223
1005
1542
1590
1776
2174
2216
2086
1776
1873
2038
2006
1581
1754
1484
1864
2242
1394
1572
2064
1776
2042
2059
1888
1900
2077
398
2484
1864
2135
2122
1722
2122
2383
2316
2210
2219
2201
1882
1870
1785
2183
1949
1368
1705
2316
2374
1997
1803
2246
2246
1772
1288
2192
1471
1953
2059
2476
2552
2033
1980
1581
1719
1342
1852
1670
2122
2095
2281
2348
2050
2219
2165
1829
2162
2104
2024
1927
1922
1368
1267
916
416
700
1081
792
434
35
35
35
35
35
35
35
35
35
35
35
35
26
26
35
35
35
35
35
35
26
26
26
26
26
26
26
26
26
26
26
26
26
26
26
26
26
26
26
26
26
26
26
26
26
26
26
26
21
35
53
35
35
35
35
35
35
35
26
35
35
35
35
35
44
53
452
1556
654
1426
1014
983
1072
774
983
416
142
62
124
482
1391
1120
1293
1134
969
983
925
1169
1072
854
1169
1120
1302
1196
1173
1338
1138
1125
863
1329
1306
1418
1005
1320
1297
1621
1324
1799
1687
1554
1693
1191
735
8
1205
1023
1675
1306
558
2175
1722
1807
1475
1971
2038
1590
1873
1985
1607
1590
1497
1217
1081
841
722
913
700
700
482
762
815
531
394
531
513
363
425
292
97
212
198
310
275
354
266
221
159
159
212
177
221
198
124
115
505
372
416
336
168
257
301
163
585
505
133
257
133
106
2046
1382
1081
1391
1049
1302
1421
1045
549
331
327
478
327
390
363
345
287
461
336
381
691
756
1028
789
830
654
1019
850
509
301
185
275
185
336
771
907
1781
1767
1909
1737
1208
1072
1005
1418
1439
1214
655
473
310
673
1235
1940
1607
2024
2277
1439
1315
1418
1457
1533
898
602
407
106
1891
629
576
859
659
824
1837
2219
2198
1891
1652
1816
1661
1388
1442
1794
1116
1208
2295
1368
1250
1280
1143
526
673
735
1093
806
310
700
1280
1745
1466
1551
1324
1430
1462
1448
1657
1501
1745
1590
1607
1338
960
1418
1262
1347
735
509
832
815
709
845
1347
1129
824
717
730
1169
691
682
1439
1466
1037
762
713
904
744
904
810
1196
960
1232
1081
535
815
1045
943
1160
1288
1347
996
1311
1439
1382
1306
930
824
1067
1382
1191
1293
478
398
517
717
691
943
1666
1377
1506
1262
1001
1010
562
1320
850
863
1081
863
1152
1187
792
922
1045
1324
2095
1997
1888
1412
1205
1217
1453
1005
1444
1607
1471
1820
1394
1205
797
1005
1578
1554
1569
872
1311
1262
1630
1846
2068
1873
1586
1572
2148
1515
1173
762
1152
1403
1962
1976
1846
2059
2104
2472
1829
2015
1607
2180
2618
2325
1572
1918
1852
2600
3088
2812
2914
3203
3362
3619
3082
2623
2520
2825
2804
2493
2662
2561
2228
2095
2307
2370
2325
2024
2144
2556
2893
2715
1661
735
659
1116
1409
1607
1873
2042
2242
2077
2192
2210
1820
2517
2281
1590
983
1288
2201
2283
1672
1812
1829
1763
1208
2343
2596
1997
2131
2246
2529
2042
2162
1891
1430
1745
1634
1740
2751
2626
2307
2357
2077
2396
2574
2325
2405
2547
2281
2281
1879
1722
1731
2038
2414
2387
2122
3017
1714
1391
1208
1639
828
1373
895
916
2024
2520
1542
1722
1931
1173
1590
2689
2626
2742
2644
2574
2295
2024
1962
3238
3132
2609
2140
1749
1657
1794
2006
2662
2042
2520
2653
2653
2671
2340
2370
2015
2281
2183
1852
2059
2414
2919
3070
2689
2976
2653
2671
2499
2077
1767
1705
1922
1572
1705
2082
1953
1607
2003
1208
1462
1448
1714
2012
1731
1377
1843
1457
1834
1111
1497
1147
1705
1852
1678
1776
2259
1581
1705
2268
1944
1900
2077
2174
2233
1599
1484
1949
1271
2071
1744
1696
1873
2144
1891
1678
2198
1501
1430
1152
1271
1284
1028
1014
1426
1102
1639
1271
1241
845
1178
1492
1843
1722
1356
1342
1439
1560
1262
1524
1501
1444
1306
1861
1643
1536
1897
1785
1855
1976
1368
1475
1497
1412
2207
1820
1599
2033
1781
1661
1927
2073
1590
1581
1737
1607
1891
2233
1138
1935
1949
1846
1510
1825
1794
1687
1897
1731
1731
2003
1953
1785
2003
1731
1678
2414
2441
2334
2307
2543
2352
2299
2219
2077
2290
2201
2582
2508
2343
2441
2246
2450
2352
2131
2281
2476
2437
2476
2387
2015
1510
1684
1501
2086
2476
2517
2361
2316
2140
2246
2095
2246
2127
1156
1205
1023
1560
969
1054
832
792
1356
1696
2118
1740
1368
2003
1864
1864
1820
1675
1412
1515
1173
1879
1864
1678
1861
1607
1342
2047
1705
1678
1861
1590
1616
1852
1590
1864
1976
1846
1918
1799
1749
1997
2006
2198
1944
1794
1997
2003
1803
1643
2135
1909
1944
1829
2100
2077
1927
1971
2109
1749
1607
1250
877
872
1028
1023
1178
1134
1111
1435
1280
1435
1288
1666
1484
1235
1258
1063
500
318
390
629
106
1572
1169
987
717
753
859
783
904
585
637
739
1178
1199
1214
1005
1258
1214
1084
1365
1244
1382
1262
1612
1235
1143
730
1275
1120
1284
1125
1075
1223
1023
1108
1081
1129
1320
1049
1382
1120
1275
819
646
327
275
212
221
203
168
133
133
124
216
558
824
611
531
349
452
398
310
230
203
185
221
283
304
372
363
372
390
292
301
287
248
275
230
151
185
203
230
283
230
230
239
181
177
133
151
124
88
106
88
62
88
142
115
70
53
44
88
97
124
106
35
70
106
70
53
53
53
53
53
53
53
44
35
66
239
221
398
567
709
756
832
717
567
509
470
549
709
739
735
540
576
691
960
868
1032
1214
709
686
1214
1001
801
1275
602
677
496
327
275
239
115
79
133
142
62
650
2189
2113
1785
1616
1879
1891
1250
1165
1533
739
815
1223
1005
1542
1590
1776
2174
2216
2086
1776
1873
2038
2006
1581
1754
1484
1864
2242
1394
1572
2064
1776
2042
2059
1888
1900
2077
398
2484
1864
2135
2122
1722
2122
2383
2316
2210
2219
2201
1882
1870
1785
2183
1949
1368
1705
2316
2374
1997
1803
2246
2246
1772
1288
2192
1471
1953
2059
2476
2552
2033
1980
1581
1719
1342
1852
1670
2122
2095
2281
2348
2050
2219
2165
1829
2162
2104
2024
1927
1922
1368
1267
916
416
700
1081
792
434
35
35
35
35
35
35
35
35
35
35
35
35
26
26
35
35
35
35
35
35
26
26
26
26
26
26
26
26
26
26
26
26
26
26
26
26
26
26
26
26
26
26
26
26
26
26
26
26
21
35
53
35
35
35
35
35
35
35
26
35
35
35
35
35
44
53
452
1556
654
1426
1014
983
1072
774
983
416
142
62
124
482
1391
1120
1293
1134
969
983
925
1169
1072
854
1169
1120
1302
1196
1173
1338
1138
1125
863
1329
1306
1418
1005
1320
1297
1621
1324
1799
1687
1554
1693
1191
735
8
1205
1023
1675
1306
558
2175
1722
1807
1475
1971
2038
1590
1873
1985
1607
1590
1497
1217
1081
841
722
913
700
700
482
762
815
531
394
531
513
363
425
292
97
212
198
310
275
354
266
221
159
159
212
177
221
198
124
115
505
372
416
336
168
257
301
163
585
505
133
257
133
106
2046
1382
1081
1391
1049
1302
1421
1045
549
331
327
478
327
390
363
345
287
461
336
381
691
756
1028
789
830
654
1019
850
509
301
185
275
185
336
771
907
1781
1767
1909
1737
1208
1072
1005
1418
1439
1214
655
473
310
673
1235
1940
1607
2024
2277
1439
1315
1418
1457
1533
898
602
407
106
1891
629
576
859
659
824
1837
2219
2198
1891
1652
1816
1661
1388
1442
1794
1116
1208
2295
1368
1250
1280
1143
526
673
735
1093
806
310
700
1280
1745
1466
1551
1324
1430
1462
1448
1657
1501
1745
1590
1607
1338
960
1418
1262
1347
735
509
832
815
709
845
1347
1129
824
717
730
1169
691
682
1439
1466
1037
762
713
904
744
904
810
1196
960
1232
1081
535
815
1045
943
1160
1288
1347
996
1311
1439
1382
1306
930
824
1067
1382
1191
1293
478
398
517
717
691
943
1666
1377
1506
1262
1001
1010
562
1320
850
863
1081
863
1152
1187
792
922
1045
1324
2095
1997
1888
1412
1205
1217
1453
1005
1444
1607
1471
1820
1394
1205
797
1005
1578
1554
1569
872
1311
1262
1630
1846
2068
1873
1586
1572
2148
1515
1173
762
1152
1403
1962
1976
1846
2059
2104
2472
1829
2015
1607
2180
2618
2325
1572
1918
1852
2600
3088
2812
2914
3203
3362
3619
3082
2623
2520
2825
2804
2493
2662
2561
2228
2095
2307
2370
2325
2024
2144
2556
2893
2715
1661
735
659
1116
1409
1607
1873
2042
2242
2077
2192
2210
1820
2517
2281
1590
983
1288
2201
2283
1672
1812
1829
1763
1208
2343
2596
1997
2131
2246
2529
2042
2162
1891
1430
1745
1634
1740
2751
2626
2307
2357
2077
2396
2574
2325
2405
2547
2281
2281
1879
1722
1731
2038
2414
2387
2122
3017
1714
1391
1208
1639
828
1373
895
916
2024
2520
1542
1722
1931
1173
1590
2689
2626
2742
2644
2574
2295
2024
1962
3238
3132
2609
2140
1749
1657
1794
2006
2662
2042
2520
2653
2653
2671
2340
2370
2015
2281
2183
1852
2059
2414
2919
3070
2689
2976
2653
2671
2499
2077
1767
1705
1922
1572
1705
2082
1953
1607
2003
1208
1462
1448
1714
2012
1731
1377
1843
1457
1834
1111
1497
1147
1705
1852
1678
1776
2259
1581
1705
2268
1944
1900
2077
2174
2233
1599
1484
1949
1271
2071
1744
1696
1873
2144
1891
1678
2198
1501
1430
1152
1271
1284
1028
1014
1426
1102
1639
1271
1241
845
1178
1492
1843
1722
1356
1342
1439
1560
1262
1524
1501
1444
1306
1861
1643
1536
1897
1785
1855
1976
1368
1475
1497
1412
2207
1820
1599
2033
1781
1661
1927
2073
1590
1581
1737
1607
1891
2233
1138
1935
1949
1846
1510
1825
1794
1687
1897
1731
1731
2003
1953
1785
2003
1731
1678
2414
2441
2334
2307
2543
2352
2299
2219
2077
2290
2201
2582
2508
2343
2441
2246
2450
2352
2131
2281
2476
2437
2476
2387
2015
1510
1684
1501
2086
2476
2517
2361
2316
2140
2246
2095
2246
2127
1156
1205
1023
1560
969
1054
832
792
1356
1696
2118
1740
1368
2003
1864
1864
1820
1675
1412
1515
1173
1879
1864
1678
1861
1607
1342
2047
1705
1678
1861
1590
1616
1852
1590
1864
1976
1846
1918
1799
1749
1997
2006
2198
1944
1794
1997
2003
1803
1643
2135
1909
1944
1829
2100
2077
1927
1971
2109
1749
1607
1250
877
872
1028
1023
1178
1134
1111
1435
1280
1435
1288
1666
1484
1235
1258
1063
500
318
390
629
106
1572
1169
987
717
753
859
783
904
585
637
739
1178
1199
1214
1005
1258
1214
1084
1365
1244
1382
1262
1612
1235
1143
730
1275
1120
1284
1125
1075
1223
1023
1108
1081
1129
1320
1049
1382
1120
1275
819
646
327
275
212
221
203
168
133
133
124
216
558
824
611
531
349
452
398
310
230
203
185
221
283
304
372
363
372
390
292
301
287
248
275
230
151
185
203
230
283
230
230
239
181
177
133
151
124
88
106
88
62
88
142
115
70
53
44
88
97
124
106
35
70
106
70
53
53
53
53
53
53
53
44
35
66
239
221
398
567
709
756
832
717
567
509
470
549
709
739
735
540
576
691
960
868
1032
1214
709
686
1214
1001
801
1275
602
677
496
327
275
239
115
79
133
142
62
650
2189
2113
1785
1616
1879
1891
1250
1165
1533
739
815
1223
1005
1542
1590
1776
2174
2216
2086
1776
1873
2038
2006
1581
1754
1484
1864
2242
1394
1572
2064
1776
2042
2059
1888
1900
2077
398
2484
1864
2135
2122
1722
2122
2383
2316
2210
2219
2201
1882
1870
1785
2183
1949
1368
1705
2316
2374
1997
1803
2246
2246
1772
1288
2192
1471
1953
2059
2476
2552
2033
1980
1581
1719
1342
1852
1670
2122
2095
2281
2348
2050
2219
2165
1829
2162
2104
2024
1927
1922
1368
1267
916
416
700
1081
792
434
35
35
35
35
35
35
35
35
35
35
35
35
26
26
35
35
35
35
35
35
26
26
26
26
26
26
26
26
26
26
26
26
26
26
26
26
26
26
26
26
26
26
26
26
26
26
26
26
21
35
53
35
35
35
35
35
35
35
26
35
35
35
35
35
44
53
452
1556
654
1426
1014
983
1072
774
983
416
142
62
124
482
1391
1120
1293
1134
969
983
925
1169
1072
854
1169
1120
1302
1196
1173
1338
1138
1125
863
1329
1306
1418
1005
1320
1297
1621
1324
1799
1687
1554
1693
1191
735
8
1205
1023
1675
1306
558
2175
1722
1807
1475
1971
2038
1590
1873
1985
1607
1590
1497
1217
1081
841
722
913
700
700
482
762
815
531
394
531
513
363
425
292
97
212
198
310
275
354
266
221
159
159
212
177
221
198
124
115
505
372
416
336
168
257
301
163
585
505
133
257
133
106
2046
1382
1081
1391
1049
1302
1421
1045
549
331
327
478
327
390
363
345
287
461
336
381
691
756
1028
789
830
654
1019
850
509
301
185
275
185
336
771
907
1781
1767
1909
1737
1208
1072
1005
1418
1439
1214
655
473
310
673
1235
1940
1607
2024
2277
1439
1315
1418
1457
1533
898
602
407
106
1891
629
576
859
659
824
1837
2219
2198
1891
1652
1816
1661
1388
1442
1794
1116
1208
2295
1368
1250
1280
1143
526
673
735
1093
806
310
700
1280
1745
1466
1551
1324
1430
1462
1448
1657
1501
1745
1590
1607
1338
960
1418
1262
1347
735
509
832
815
709
845
1347
1129
824
717
730
1169
691
682
1439
1466
1037
762
713
904
744
904
810
1196
960
1232
1081
535
815
1045
943
1160
1288
1347
996
1311
1439
1382
1306
930
824
1067
1382
1191
1293
478
398
517
717
691
943
1666
1377
1506
1262
1001
1010
562
1320
850
863
1081
863
1152
1187
792
922
1045
1324
2095
1997
1888
1412
1205
1217
1453
1005
1444
1607
1471
1820
1394
1205
797
1005
1578
1554
1569
872
1311
1262
1630
1846
2068
1873
1586
1572
2148
1515
1173
762
1152
1403
1962
1976
1846
2059
2104
2472
1829
2015
1607
2180
2618
2325
1572
1918
1852
2600
3088
2812
2914
3203
3362
3619
3082
2623
2520
2825
2804
2493
2662
2561
2228
2095
2307
2370
2325
2024
2144
2556
2893
2715
1661
735
659
1116
1409
1607
1873
2042
2242
2077
2192
2210
1820
2517
2281
1590
983
1288
2201
2283
1672
1812
1829
1763
1208
2343
2596
1997
2131
2246
2529
2042
2162
1891
1430
1745
1634
1740
2751
2626
2307
2357
2077
2396
2574
2325
2405
2547
2281
2281
1879
1722
1731
2038
2414
2387
2122
3017
1714
1391
1208
1639
828
1373
895
916
2024
2520
1542
1722
1931
1173
1590
2689
2626
2742
2644
2574
2295
2024
1962
3238
3132
2609
2140
1749
1657
1794
2006
2662
2042
2520
2653
2653
2671
2340
2370
2015
2281
2183
1852
2059
2414
2919
3070
2689
2976
2653
2671
2499
2077
1767
1705
1922
1572
1705
2082
1953
1607
2003
1208
1462
1448
1714
2012
1731
1377
1843
1457
1834
1111
1497
1147
1705
1852
1678
1776
2259
1581
1705
2268
1944
1900
2077
2174
2233
1599
1484
1949
1271
2071
1744
1696
1873
2144
1891
1678
2198
1501
1430
1152
1271
1284
1028
1014
1426
1102
1639
1271
1241
845
1178
1492
1843
1722
1356
1342
1439
1560
1262
1524
1501
1444
1306
1861
1643
1536
1897
1785
1855
1976
1368
1475
1497
1412
2207
1820
1599
2033
1781
1661
1927
2073
1590
1581
1737
1607
1891
2233
1138
1935
1949
1846
1510
1825
1794
1687
1897
1731
1731
2003
1953
1785
2003
1731
1678
