6
5
5
1
1
3
1
1
1
5
6
6
3
5
6
28
11
11
3
25
8
15
11
15
15
15
20
15
18
11
11
10
10
20
20
15
13
10
13
10
10
6
8
11
16
18
23
8
20
15
13
10
1
10
8
3
5
6
5
6
6
1
47
10
15
10
1
10
6
10
7
11
16
15
11
13
12
8
8
10
6
5
23
5
51
219
210
96
66
74
145
225
217
271
315
320
302
198
195
186
248
280
209
249
228
366
360
310
334
336
352
330
309
125
141
74
188
159
165
363
325
250
255
279
285
296
314
252
279
291
318
72
129
268
303
370
374
324
383
378
279
266
245
183
198
141
232
284
316
336
432
368
272
110
74
82
20
62
65
36
287
331
160
90
146
140
147
137
65
57
64
80
113
36
28
150
90
85
70
29
62
277
188
121
169
117
64
47
77
158
234
204
220
221
195
219
247
278
238
149
196
132
214
179
183
178
252
223
150
131
174
167
173
158
187
201
69
196
206
311
269
157
72
120
191
103
221
404
334
312
263
270
158
375
349
373
288
235
265
236
291
355
357
303
299
421
445
371
352
336
357
465
450
384
430
434
624
498
414
368
416
363
308
394
486
526
500
542
299
370
330
363
339
328
391
298
311
358
457
418
455
395
436
435
421
377
316
326
261
455
254
335
362
256
175
242
329
265
336
344
238
378
322
502
376
325
447
547
385
414
448
433
404
295
209
237
324
314
263
247
165
229
308
433
363
439
323
191
332
224
345
449
399
340
283
373
204
237
236
323
331
426
427
468
416
341
430
356
234
252
259
318
286
318
302
444
335
352
418
18
905
426
290
316
311
317
302
353
365
379
271
324
288
435
273
378
306
530
414
394
270
358
357
283
15
1031
285
283
245
244
318
517
360
295
352
512
337
360
187
191
63
828
188
152
137
128
177
96
131
136
205
190
152
162
174
118
191
208
435
363
429
332
227
155
295
102
911
345
246
365
306
229
175
90
141
20
556
118
56
188
368
299
237
231
429
303
339
200
169
339
263
295
241
273
230
314
281
359
369
344
363
6
69
16
139
52
74
83
84
62
49
44
45
41
34
33
25
11
61
201
225
224
276
421
449
433
440
440
336
436
391
335
128
411
260
316
506
413
391
411
430
396
481
457
402
354
391
496
413
475
542
416
463
578
353
449
434
474
336
490
610
339
398
521
408
243
335
466
430
417
487
394
394
377
400
346
382
320
227
281
241
215
262
226
366
347
162
213
328
334
308
243
211
104
211
421
389
407
506
440
550
20
536
680
617
487
459
421
291
284
363
399
429
263
324
301
268
257
295
303
208
213
266
313
409
413
455
491
368
95
214
369
508
485
562
541
509
518
416
475
375
359
287
284
273
256
266
370
344
459
358
395
434
429
403
310
272
270
205
286
317
360
384
345
247
251
238
249
256
264
228
226
245
264
236
216
262
245
264
279
242
224
232
213
129
245
383
380
417
271
298
327
332
208
278
252
281
378
461
486
352
410
338
439
375
390
500
534
432
527
465
382
458
483
482
362
232
172
345
369
461
366
205
290
297
495
464
342
362
329
361
299
405
389
328
410
505
483
500
427
316
244
210
314
329
480
340
394
468
394
613
519
289
328
462
466
467
426
304
408
304
422
470
361
273
289
307
317
402
387
440
528
501
470
522
413
438
314
410
367
321
360
455
411
457
306
390
328
327
337
353
272
365
317
302
296
300
267
250
217
203
255
316
290
326
359
336
299
326
300
349
241
301
231
241
250
222
240
262
253
264
311
292
301
337
252
254
290
286
378
459
446
339
375
342
249
250
188
144
213
173
166
169
151
221
242
327
250
295
259
250
195
198
150
108
85
59
60
57
59
52
46
83
93
115
90
76
92
80
93
54
36
44
46
46
59
59
69
52
43
46
38
31
38
20
20
11
13
16
16
16
16
18
18
18
18
18
16
15
13
13
7
28
31
41
47
42
34
26
8
21
15
16
18
1
10
10
5
5
5
11
5
5
6
6
8
6
10
5
3
8
8
10
11
1
10
8
5
1
5
11
6
10
5
6
10
11
10
10
11
13
13
15
15
18
16
16
10
16
13
18
16
15
11
20
76
8
10
6
3
13
10
8
8
8
11
8
6
1
6
67
13
10
21
23
15
11
23
11
16
13
18
20
13
6
8
5
5
6
1
10
4
8
13
15
18
25
13
18
16
18
16
3
11
16
8
20
51
6
18
26
31
29
23
25
23
13
20
33
12
31
31
29
36
38
29
38
21
33
10
150
20
25
5
13
3
16
18
3
10
8
15
10
13
15
18
13
6
20
103
11
5
10
11
3
8
10
10
10
6
8
8
5
5
1
6
10
16
13
16
6
10
13
20
33
6
10
8
6
6
5
20
10
15
31
8
13
15
10
15
16
8
6
5
5
1
1
3
1
1
1
5
6
6
3
5
6
28
11
11
3
25
8
15
11
15
15
15
20
15
18
11
11
10
10
20
20
15
13
10
13
10
10
6
8
11
16
18
23
8
20
15
13
10
1
10
8
3
5
6
5
6
6
1
47
10
15
10
1
10
6
10
7
11
16
15
11
13
12
8
8
10
6
5
23
5
51
219
210
96
66
74
145
225
217
271
315
320
302
198
195
186
248
280
209
249
228
366
360
310
334
336
352
330
309
125
141
74
188
159
165
363
325
250
255
279
285
296
314
252
279
291
318
72
129
268
303
370
374
324
383
378
279
266
245
183
198
141
232
284
316
336
432
368
272
110
74
82
20
62
65
36
287
331
160
90
146
140
147
137
65
57
64
80
113
36
28
150
90
85
70
29
62
277
188
121
169
117
64
47
77
158
234
204
220
221
195
219
247
278
238
149
196
132
214
179
183
178
252
223
150
131
174
167
173
158
187
201
69
196
206
311
269
157
72
120
191
103
221
404
334
312
263
270
158
375
349
373
288
235
265
236
291
355
357
303
299
421
445
371
352
336
357
465
450
384
430
434
624
498
414
368
416
363
308
394
486
526
500
542
299
370
330
363
339
328
391
298
311
358
457
418
455
395
436
435
421
377
316
326
261
455
254
335
362
256
175
242
329
265
336
344
238
378
322
502
376
325
447
547
385
414
448
433
404
295
209
237
324
314
263
247
165
229
308
433
363
439
323
191
332
224
345
449
399
340
283
373
204
237
236
323
331
426
427
468
416
341
430
356
234
252
259
318
286
318
302
444
335
352
418
18
905
426
290
316
311
317
302
353
365
379
271
324
288
435
273
378
306
530
414
394
270
358
357
283
15
1031
285
283
245
244
318
517
360
295
352
512
337
360
187
191
63
828
188
152
137
128
177
96
131
136
205
190
152
162
174
118
191
208
435
363
429
332
227
155
295
102
911
345
246
365
306
229
175
90
141
20
556
118
56
188
368
299
237
231
429
303
339
200
169
339
263
295
241
273
230
314
281
359
369
344
363
6
69
16
139
52
74
83
84
62
49
44
45
41
34
33
25
11
61
201
225
224
276
421
449
433
440
440
336
436
391
335
128
411
260
316
506
413
391
411
430
396
481
457
402
354
391
496
413
475
542
416
463
578
353
449
434
474
336
490
610
339
398
521
408
243
335
466
430
417
487
394
394
377
400
346
382
320
227
281
241
215
262
226
366
347
162
213
328
334
308
243
211
104
211
421
389
407
506
440
550
20
536
680
617
487
459
421
291
284
363
399
429
263
324
301
268
257
295
303
208
213
266
313
409
413
455
491
368
95
214
369
508
485
562
541
509
518
416
475
375
359
287
284
273
256
266
370
344
459
358
395
434
429
403
310
272
270
205
286
317
360
384
345
247
251
238
249
256
264
228
226
245
264
236
216
262
245
264
279
242
224
232
213
129
245
383
380
417
271
298
327
332
208
278
252
281
378
461
486
352
410
338
439
375
390
500
534
432
527
465
382
458
483
482
362
232
172
345
369
461
366
205
290
297
495
464
342
362
329
361
299
405
389
328
410
505
483
500
427
316
244
210
314
329
480
340
394
468
394
613
519
289
328
462
466
467
426
304
408
304
422
470
361
273
289
307
317
402
387
440
528
501
470
522
413
438
314
410
367
321
360
455
411
457
306
390
328
327
337
353
272
365
317
302
296
300
267
250
217
203
255
316
290
326
359
336
299
326
300
349
241
301
231
241
250
222
240
262
253
264
311
292
301
337
252
254
290
286
378
459
446
339
375
342
249
250
188
144
213
173
166
169
151
221
242
327
250
295
259
250
195
198
150
108
85
59
60
57
59
52
46
83
93
115
90
76
92
80
93
54
36
44
46
46
59
59
69
52
43
46
38
31
38
20
20
11
13
16
16
16
16
18
18
18
18
18
16
15
13
13
7
28
31
41
47
42
34
26
8
21
15
16
18
1
10
10
5
5
5
11
5
5
6
6
8
6
10
5
3
8
8
10
11
1
10
8
5
1
5
11
6
10
5
6
10
11
10
10
11
13
13
15
15
18
16
16
10
16
13
18
16
15
11
20
76
8
10
6
3
13
10
8
8
8
11
8
6
1
6
67
13
10
21
23
15
11
23
11
16
13
18
20
13
6
8
5
5
6
1
10
4
8
13
15
18
25
13
18
16
18
16
3
11
16
8
20
51
6
18
26
31
29
23
25
23
13
20
33
12
31
31
29
36
38
29
38
21
33
10
150
20
25
5
13
3
16
18
3
10
8
15
10
13
15
18
13
6
20
103
11
5
10
11
3
8
10
10
10
6
8
8
5
5
1
6
10
16
13
16
6
10
13
20
33
6
10
8
6
6
5
20
10
15
31
8
13
15
10
15
16
8
6
5
5
1
1
3
1
1
1
5
6
6
3
5
6
28
11
11
3
25
8
15
11
15
15
15
20
15
18
11
11
10
10
20
20
15
13
10
13
10
10
6
8
11
16
18
23
8
20
15
13
10
1
10
8
3
5
6
5
6
6
1
47
10
15
10
1
10
6
10
7
11
16
15
11
13
12
8
8
10
6
5
23
5
51
219
210
96
66
74
145
225
217
271
315
320
302
198
195
186
248
280
209
249
228
366
360
310
334
336
352
330
309
125
141
74
188
159
165
363
325
250
255
279
285
296
314
252
279
291
318
72
129
268
303
370
374
324
383
378
279
266
245
183
198
141
232
284
316
336
432
368
272
110
74
82
20
62
65
36
287
331
160
90
146
140
147
137
65
57
64
80
113
36
28
150
90
85
70
29
62
277
188
121
169
117
64
47
77
158
234
204
220
221
195
219
247
278
238
149
196
132
214
179
183
178
252
223
150
131
174
167
173
158
187
201
69
196
206
311
269
157
72
120
191
103
221
404
334
312
263
270
158
375
349
373
288
235
265
236
291
355
357
303
299
421
445
371
352
336
357
465
450
384
430
434
624
498
414
368
416
363
308
394
486
526
500
542
299
370
330
363
339
328
391
298
311
358
457
418
455
395
436
435
421
377
316
326
261
455
254
335
362
256
175
242
329
265
336
344
238
378
322
502
376
325
447
547
385
414
448
433
404
295
209
237
324
314
263
247
165
229
308
433
363
439
323
191
332
224
345
449
399
340
283
373
204
237
236
323
331
426
427
468
416
341
430
356
234
252
259
318
286
318
302
444
335
352
418
18
905
426
290
316
311
317
302
353
365
379
271
324
288
435
273
378
306
530
414
394
270
358
357
283
15
1031
285
283
245
244
318
517
360
295
352
512
337
360
187
191
63
828
188
152
137
128
177
96
131
136
205
190
152
162
174
118
191
208
435
363
429
332
227
155
295
102
911
345
246
365
306
229
175
90
141
20
556
118
56
188
368
299
237
231
429
303
339
200
169
339
263
295
241
273
230
314
281
359
369
344
363
6
