32
24
24
7
7
16
7
7
7
24
32
32
16
24
32
138
57
57
16
127
40
73
57
73
73
73
98
73
90
54
57
49
49
98
98
73
65
49
65
49
49
31
40
57
82
90
114
42
98
73
65
49
7
49
40
15
24
32
24
32
32
7
233
49
73
49
7
49
32
49
35
57
82
73
57
65
60
40
40
49
32
24
114
25
257
1097
1052
482
331
372
725
1123
1087
1354
1575
1600
1508
989
974
930
1238
1398
1044
1246
1142
1830
1802
1550
1670
1680
1762
1652
1547
625
704
368
941
793
823
1817
1627
1249
1274
1396
1427
1482
1571
1260
1397
1455
1588
360
646
1339
1517
1850
1868
1621
1915
1891
1395
1328
1227
915
990
704
1161
1421
1579
1682
2160
1841
1359
548
368
409
98
311
327
179
1434
1653
801
449
728
698
736
687
327
286
319
401
565
178
139
752
449
426
351
147
310
1383
939
605
843
584
319
237
384
790
1170
1019
1100
1105
975
1093
1236
1391
1188
746
982
660
1072
897
915
889
1260
1117
752
654
868
835
865
792
933
1007
346
982
1031
1555
1343
785
360
598
957
515
1107
2021
1669
1560
1317
1350
791
1874
1744
1866
1440
1173
1325
1182
1453
1773
1784
1514
1494
2104
2226
1855
1758
1680
1787
2327
2250
1922
2149
2170
3119
2488
2068
1842
2078
1817
1541
1972
2428
2629
2500
2709
1494
1850
1651
1813
1695
1639
1954
1490
1556
1790
2283
2090
2275
1977
2181
2174
2107
1887
1579
1632
1303
2275
1271
1677
1808
1282
876
1209
1645
1324
1682
1719
1188
1891
1609
2512
1880
1624
2235
2733
1923
2069
2238
2165
2021
1473
1044
1185
1621
1571
1315
1235
826
1146
1541
2163
1817
2193
1616
956
1661
1121
1724
2246
1996
1702
1413
1866
1019
1186
1182
1615
1655
2128
2137
2339
2080
1706
2152
1780
1168
1258
1294
1588
1428
1588
1508
2219
1677
1762
2092
90
4523
2128
1448
1579
1555
1584
1512
1767
1824
1893
1356
1621
1439
2177
1367
1891
1532
2651
2072
1972
1351
1792
1784
1416
77
5155
1424
1416
1227
1219
1591
2586
1799
1473
1758
2561
1686
1800
933
957
314
4139
941
761
687
638
883
482
654
679
1023
952
761
810
868
591
957
1039
2177
1813
2144
1661
1137
777
1473
509
4556
1727
1229
1825
1530
1146
876
449
704
98
2781
589
278
942
1841
1495
1186
1155
2144
1517
1694
998
844
1694
1317
1473
1205
1366
1152
1571
1406
1796
1843
1719
1815
32
344
82
695
262
368
417
420
310
245
221
225
204
171
166
123
57
304
1004
1123
1120
1381
2103
2245
2167
2202
2201
1682
2181
1957
1677
639
2057
1298
1579
2531
2063
1955
2056
2149
1980
2407
2287
2008
1772
1957
2478
2065
2373
2709
2081
2313
2890
1763
2245
2172
2372
1679
2449
3052
1693
1992
2603
2042
1213
1674
2330
2149
2086
2433
1971
1970
1884
1999
1728
1908
1600
1134
1406
1203
1074
1309
1129
1832
1737
812
1063
1639
1668
1538
1217
1055
521
1055
2104
1943
2033
2531
2202
2749
100
2681
3399
3086
2437
2294
2104
1455
1422
1814
1995
2146
1313
1618
1505
1338
1287
1477
1514
1039
1063
1330
1567
2044
2066
2273
2457
1841
474
1072
1847
2539
2427
2810
2704
2543
2591
2079
2374
1876
1793
1436
1422
1366
1280
1330
1851
1719
2295
1790
1974
2172
2146
2015
1550
1360
1351
1023
1431
1583
1801
1918
1727
1235
1257
1188
1243
1279
1321
1140
1128
1223
1321
1178
1078
1309
1224
1319
1395
1212
1120
1162
1063
645
1227
1917
1899
2083
1354
1488
1634
1661
1042
1391
1259
1403
1891
2303
2430
1760
2051
1689
2193
1875
1949
2499
2669
2158
2635
2324
1912
2288
2416
2412
1808
1162
862
1723
1846
2303
1832
1027
1449
1483
2475
2318
1711
1811
1647
1807
1496
2024
1946
1640
2048
2526
2416
2502
2137
1579
1220
1051
1570
1647
2398
1698
1972
2339
1968
3065
2597
1443
1639
2308
2330
2333
2128
1522
2038
1522
2110
2348
1806
1367
1446
1535
1584
2012
1936
2200
2638
2504
2351
2608
2066
2189
1571
2051
1834
1604
1802
2273
2057
2286
1530
1949
1638
1637
1686
1763
1360
1825
1585
1508
1479
1501
1336
1251
1085
1017
1274
1582
1452
1629
1794
1679
1496
1631
1502
1743
1206
1505
1155
1206
1252
1108
1201
1312
1267
1319
1556
1461
1504
1686
1260
1271
1449
1431
1889
2297
2228
1695
1876
1710
1246
1252
938
720
1063
865
828
843
753
1105
1211
1636
1248
1473
1295
1252
976
990
752
540
426
294
302
286
294
262
230
417
466
573
449
381
458
401
466
270
181
221
229
229
294
294
343
262
217
229
188
155
188
98
98
57
65
82
82
82
82
90
90
90
90
90
82
73
65
65
34
139
155
204
237
212
171
131
40
106
73
82
90
7
49
49
24
24
24
57
24
24
32
32
40
32
49
24
16
38
40
49
57
7
49
40
24
7
24
57
32
49
24
32
49
57
49
49
57
65
65
73
73
90
82
82
49
82
65
90
82
73
57
98
382
40
49
32
16
65
49
40
40
40
57
40
32
7
32
335
65
49
106
114
73
57
114
57
82
65
90
98
65
32
40
24
24
32
7
49
21
40
65
73
90
123
65
90
82
90
82
16
57
82
40
98
255
31
90
131
155
147
114
123
114
65
98
163
61
155
155
147
179
188
147
188
107
163
49
752
98
123
24
65
16
82
90
16
49
40
73
49
65
73
90
65
32
98
515
57
24
49
57
13
40
49
49
49
32
40
40
24
24
7
32
49
82
65
82
32
49
65
98
164
32
49
40
32
32
24
98
49
73
155
40
65
73
49
73
82
40
32
24
24
7
7
16
7
7
7
24
32
32
16
24
32
138
57
57
16
127
40
73
57
73
73
73
98
73
90
54
57
49
49
98
98
73
65
49
65
49
49
31
40
57
82
90
114
42
98
73
65
49
7
49
40
15
24
32
24
32
32
7
233
49
73
49
7
49
32
49
35
57
82
73
57
65
60
40
40
49
32
24
114
25
257
1097
1052
482
331
372
725
1123
1087
1354
1575
1600
1508
989
974
930
1238
1398
1044
1246
1142
1830
1802
1550
1670
1680
1762
1652
1547
625
704
368
941
793
823
1817
1627
1249
1274
1396
1427
1482
1571
1260
1397
1455
1588
360
646
1339
1517
1850
1868
1621
1915
1891
1395
1328
1227
915
990
704
1161
1421
1579
1682
2160
1841
1359
548
368
409
98
311
327
179
1434
1653
801
449
728
698
736
687
327
286
319
401
565
178
139
752
449
426
351
147
310
1383
939
605
843
584
319
237
384
790
1170
1019
1100
1105
975
1093
1236
1391
1188
746
982
660
1072
897
915
889
1260
1117
752
654
868
835
865
792
933
1007
346
982
1031
1555
1343
785
360
598
957
515
1107
2021
1669
1560
1317
1350
791
1874
1744
1866
1440
1173
1325
1182
1453
1773
1784
1514
1494
2104
2226
1855
1758
1680
1787
2327
2250
1922
2149
2170
3119
2488
2068
1842
2078
1817
1541
1972
2428
2629
2500
2709
1494
1850
1651
1813
1695
1639
1954
1490
1556
1790
2283
2090
2275
1977
2181
2174
2107
1887
1579
1632
1303
2275
1271
1677
1808
1282
876
1209
1645
1324
1682
1719
1188
1891
1609
2512
1880
1624
2235
2733
1923
2069
2238
2165
2021
1473
1044
1185
1621
1571
1315
1235
826
1146
1541
2163
1817
2193
1616
956
1661
1121
1724
2246
1996
1702
1413
1866
1019
1186
1182
1615
1655
2128
2137
2339
2080
1706
2152
1780
1168
1258
1294
1588
1428
1588
1508
2219
1677
1762
2092
90
4523
2128
1448
1579
1555
1584
1512
1767
1824
1893
1356
1621
1439
2177
1367
1891
1532
2651
2072
1972
1351
1792
1784
1416
77
5155
1424
1416
1227
1219
1591
2586
1799
1473
1758
2561
1686
1800
933
957
314
4139
941
761
687
638
883
482
654
679
1023
952
761
810
868
591
957
1039
2177
1813
2144
1661
1137
777
1473
509
4556
1727
1229
1825
1530
1146
876
449
704
98
2781
589
278
942
1841
1495
1186
1155
2144
1517
1694
998
844
1694
1317
1473
1205
1366
1152
1571
1406
1796
1843
1719
1815
32
344
82
695
262
368
417
420
310
245
221
225
204
171
166
123
57
304
1004
1123
1120
1381
2103
2245
2167
2202
2201
1682
2181
1957
1677
639
2057
1298
1579
2531
2063
1955
2056
2149
1980
2407
2287
2008
1772
1957
2478
2065
2373
2709
2081
2313
2890
1763
2245
2172
2372
1679
2449
3052
1693
1992
2603
2042
1213
1674
2330
2149
2086
2433
1971
1970
1884
1999
1728
1908
1600
1134
1406
1203
1074
1309
1129
1832
1737
812
1063
1639
1668
1538
1217
1055
521
1055
2104
1943
2033
2531
2202
2749
100
2681
3399
3086
2437
2294
2104
1455
1422
1814
1995
2146
1313
1618
1505
1338
1287
1477
1514
1039
1063
1330
1567
2044
2066
2273
2457
1841
474
1072
1847
2539
2427
2810
2704
2543
2591
2079
2374
1876
1793
1436
1422
1366
1280
1330
1851
1719
2295
1790
1974
2172
2146
2015
1550
1360
1351
1023
1431
1583
1801
1918
1727
1235
1257
1188
1243
1279
1321
1140
1128
1223
1321
1178
1078
1309
1224
1319
1395
1212
1120
1162
1063
645
1227
1917
1899
2083
1354
1488
1634
1661
1042
1391
1259
1403
1891
2303
2430
1760
2051
1689
2193
1875
1949
2499
2669
2158
2635
2324
1912
2288
2416
2412
1808
1162
862
1723
1846
2303
1832
1027
1449
1483
2475
2318
1711
1811
1647
1807
1496
2024
1946
1640
2048
2526
2416
2502
2137
1579
1220
1051
1570
1647
2398
1698
1972
2339
1968
3065
2597
1443
1639
2308
2330
2333
2128
1522
2038
1522
2110
2348
1806
1367
1446
1535
1584
2012
1936
2200
2638
2504
2351
2608
2066
2189
1571
2051
1834
1604
1802
2273
2057
2286
1530
1949
1638
1637
1686
1763
1360
1825
1585
1508
1479
1501
1336
1251
1085
1017
1274
1582
1452
1629
1794
1679
1496
1631
1502
1743
1206
1505
1155
1206
1252
1108
1201
1312
1267
1319
1556
1461
1504
1686
1260
1271
1449
1431
1889
2297
2228
1695
1876
1710
1246
1252
938
720
1063
865
828
843
753
1105
1211
1636
1248
1473
1295
1252
976
990
752
540
426
294
302
286
294
262
230
417
466
573
449
381
458
401
466
270
181
221
229
229
294
294
343
262
217
229
188
155
188
98
98
57
65
82
82
82
82
90
90
90
90
90
82
73
65
65
34
139
155
204
237
212
171
131
40
106
73
82
90
7
49
49
24
24
24
57
24
24
32
32
40
32
49
24
16
38
40
49
57
7
49
40
24
7
24
57
32
49
24
32
49
57
49
49
57
65
65
73
73
90
82
82
49
82
65
90
82
73
57
98
382
40
49
32
16
65
49
40
40
40
57
40
32
7
32
335
65
49
106
114
73
57
114
57
82
65
90
98
65
32
40
24
24
32
7
49
21
40
65
73
90
123
65
90
82
90
82
16
57
82
40
98
255
31
90
131
155
147
114
123
114
65
98
163
61
155
155
147
179
188
147
188
107
163
49
752
98
123
24
65
16
82
90
16
49
40
73
49
65
73
90
65
32
98
515
57
24
49
57
13
40
49
49
49
32
40
40
24
24
7
32
49
82
65
82
32
49
65
98
164
32
49
40
32
32
24
98
49
73
155
40
65
73
49
73
82
40
32
24
24
7
7
16
7
7
7
24
32
32
16
24
32
138
57
57
16
127
40
73
57
73
73
73
98
73
90
54
57
49
49
98
98
73
65
49
65
49
49
31
40
57
82
90
114
42
98
73
65
49
7
49
40
15
24
32
24
32
32
7
233
49
73
49
7
49
32
49
35
57
82
73
57
65
60
40
40
49
32
24
114
25
257
1097
1052
482
331
372
725
1123
1087
1354
1575
1600
1508
989
974
930
1238
1398
1044
1246
1142
1830
1802
1550
1670
1680
1762
1652
1547
625
704
368
941
793
823
1817
1627
1249
1274
1396
1427
1482
1571
1260
1397
1455
1588
360
646
1339
1517
1850
1868
1621
1915
1891
1395
1328
1227
915
990
704
1161
1421
1579
1682
2160
1841
1359
548
368
409
98
311
327
179
1434
1653
801
449
728
698
736
687
327
286
319
401
565
178
139
752
449
426
351
147
310
1383
939
605
843
584
319
237
384
790
1170
1019
1100
1105
975
1093
1236
1391
1188
746
982
660
1072
897
915
889
1260
1117
752
654
868
835
865
792
933
1007
346
982
1031
1555
1343
785
360
598
957
515
1107
2021
1669
1560
1317
1350
791
1874
1744
1866
1440
1173
1325
1182
1453
1773
1784
1514
1494
2104
2226
1855
1758
1680
1787
2327
2250
1922
2149
2170
3119
2488
2068
1842
2078
1817
1541
1972
2428
2629
2500
2709
1494
1850
1651
1813
1695
1639
1954
1490
1556
1790
2283
2090
2275
1977
2181
2174
2107
1887
1579
1632
1303
2275
1271
1677
1808
1282
876
1209
1645
1324
1682
1719
1188
1891
1609
2512
1880
1624
2235
2733
1923
2069
2238
2165
2021
1473
1044
1185
1621
1571
1315
1235
826
1146
1541
2163
1817
2193
1616
956
1661
1121
1724
2246
1996
1702
1413
1866
1019
1186
1182
1615
1655
2128
2137
2339
2080
1706
2152
1780
1168
1258
1294
1588
1428
1588
1508
2219
1677
1762
2092
90
4523
2128
1448
1579
1555
1584
1512
1767
1824
1893
1356
1621
1439
2177
1367
1891
1532
2651
2072
1972
1351
1792
1784
1416
77
5155
1424
1416
1227
1219
1591
2586
1799
1473
1758
2561
1686
1800
933
957
314
4139
941
761
687
638
883
482
654
679
1023
952
761
810
868
591
957
1039
2177
1813
2144
1661
1137
777
1473
509
4556
1727
1229
1825
1530
1146
876
449
704
98
2781
589
278
942
1841
1495
1186
1155
2144
1517
1694
998
844
1694
1317
1473
1205
1366
1152
1571
1406
1796
1843
1719
1815
32
