679
669
527
585
495
621
747
465
524
688
592
681
686
629
633
692
133
828
621
712
707
574
707
794
772
737
740
734
627
623
595
728
650
456
568
772
791
666
601
749
749
591
429
731
490
651
686
825
851
678
660
527
573
447
617
557
707
698
760
783
683
740
722
610
721
701
675
642
641
456
422
305
139
233
360
264
145
12
12
12
12
12
12
12
12
12
12
12
12
9
9
12
12
12
12
12
12
9
9
9
9
9
9
9
9
9
9
9
9
9
9
9
9
9
9
9
9
9
9
9
9
9
9
9
9
7
12
18
12
12
12
12
12
12
12
9
12
12
12
12
12
15
18
151
519
218
475
338
328
357
258
328
139
47
21
41
161
464
373
431
378
323
328
308
390
357
285
390
373
434
399
391
446
379
375
288
443
435
473
335
440
432
540
441
600
562
518
564
397
245
3
402
341
558
435
186
725
574
602
492
657
679
530
624
662
536
530
499
406
360
280
241
304
233
233
161
254
272
177
131
177
171
121
142
97
32
71
66
103
92
118
89
74
53
53
71
59
74
66
41
38
168
124
139
112
56
86
100
54
195
168
44
86
44
35
682
461
360
464
350
434
474
348
183
110
109
159
109
130
121
115
96
154
112
127
230
252
343
263
277
218
340
283
170
100
62
92
62
112
257
302
594
589
636
579
403
357
335
473
480
405
218
158
103
224
412
647
536
675
759
480
438
473
486
511
299
201
136
35
630
210
192
286
220
275
612
740
733
630
551
605
554
463
481
598
372
403
765
456
417
427
381
175
224
245
364
269
103
233
427
582
489
517
441
477
487
483
552
500
582
530
536
446
320
473
421
449
245
170
277
272
236
282
449
376
275
239
243
390
230
227
480
489
346
254
238
301
248
301
270
399
320
411
360
178
272
348
314
387
429
449
332
437
480
461
435
310
275
356
461
397
431
159
133
172
239
230
314
555
459
502
421
334
337
187
440
283
288
360
288
384
396
264
307
348
441
698
666
629
471
402
406
484
335
481
536
490
607
465
402
266
335
526
518
523
291
437
421
543
615
689
624
529
524
716
505
391
254
384
468
654
659
615
686
701
824
610
672
536
727
873
775
524
639
617
867
1029
937
971
1068
1121
1206
1027
874
840
942
935
831
887
854
743
698
769
790
775
675
715
852
964
905
554
245
220
372
470
536
624
681
747
692
731
737
607
839
760
530
328
429
734
761
557
604
610
588
403
781
865
666
710
749
843
681
721
630
477
582
545
580
917
875
769
786
692
799
858
775
802
849
760
760
626
574
577
679
805
796
707
1006
571
464
403
546
276
458
298
305
675
840
514
574
644
391
530
896
875
914
881
858
765
675
654
1079
1044
870
713
583
552
598
669
887
681
840
884
884
890
780
790
672
760
728
617
686
805
973
1023
896
992
884
890
833
692
589
568
641
524
568
694
651
536
668
403
487
483
571
671
577
459
614
486
611
370
499
382
568
617
559
592
753
527
568
756
648
633
692
725
744
533
495
650
424
690
581
565
624
715
630
559
733
500
477
384
424
428
343
338
475
367
546
424
414
282
393
497
614
574
452
447
480
520
421
508
500
481
435
620
548
512
632
595
618
659
456
492
499
471
736
607
533
678
594
554
642
691
530
527
579
536
630
744
379
645
650
615
503
608
598
562
632
577
577
668
651
595
668
577
559
805
814
778
769
848
784
766
740
692
763
734
861
836
781
814
749
817
784
710
760
825
812
825
796
672
503
561
500
695
825
839
787
772
713
749
698
749
709
385
402
341
520
323
351
277
264
452
565
706
580
456
668
621
621
607
558
471
505
391
626
621
559
620
536
447
682
568
559
620
530
539
617
530
621
659
615
639
600
583
666
669
733
648
598
666
668
601
548
712
636
648
610
700
692
642
657
703
583
536
417
292
291
343
341
393
378
370
478
427
478
429
555
495
412
419
354
167
106
130
210
35
524
390
329
239
251
286
261
301
195
212
246
393
400
405
335
419
405
361
455
415
461
421
537
412
381
243
425
373
428
375
358
408
341
369
360
376
440
350
461
373
425
273
215
109
92
71
74
68
56
44
44
41
72
186
275
204
177
116
151
133
103
77
68
62
74
94
101
124
121
124
130
97
100
96
83
92
77
50
62
68
77
94
77
77
80
60
59
44
50
41
29
35
29
21
29
47
38
23
18
15
29
32
41
35
12
23
35
23
18
18
18
18
18
18
18
15
12
22
80
74
133
189
236
252
277
239
189
170
157
183
236
246
245
180
192
230
320
289
344
405
236
229
405
334
267
425
201
226
165
109
92
80
38
26
44
47
21
217
730
704
595
539
626
630
417
388
511
246
272
408
335
514
530
592
725
739
695
592
624
679
669
527
585
495
621
747
465
524
688
592
681
686
629
633
692
133
828
621
712
707
574
707
794
772
737
740
734
627
623
595
728
650
456
568
772
791
666
601
749
749
591
429
731
490
651
686
825
851
678
660
527
573
447
617
557
707
698
760
783
683
740
722
610
721
701
675
642
641
456
422
305
139
233
360
264
145
12
12
12
12
12
12
12
12
12
12
12
12
9
9
12
12
12
12
12
12
9
9
9
9
9
9
9
9
9
9
9
9
9
9
9
9
9
9
9
9
9
9
9
9
9
9
9
9
7
12
18
12
12
12
12
12
12
12
9
12
12
12
12
12
15
18
151
519
218
475
338
328
357
258
328
139
47
21
41
161
464
373
431
378
323
328
308
390
357
285
390
373
434
399
391
446
379
375
288
443
435
473
335
440
432
540
441
600
562
518
564
397
245
3
402
341
558
435
186
725
574
602
492
657
679
530
624
662
536
530
499
406
360
280
241
304
233
233
161
254
272
177
131
177
171
121
142
97
32
71
66
103
92
118
89
74
53
53
71
59
74
66
41
38
168
124
139
112
56
86
100
54
195
168
44
86
44
35
682
461
360
464
350
434
474
348
183
110
109
159
109
130
121
115
96
154
112
127
230
252
343
263
277
218
340
283
170
100
62
92
62
112
257
302
594
589
636
579
403
357
335
473
480
405
218
158
103
224
412
647
536
675
759
480
438
473
486
511
299
201
136
35
630
210
192
286
220
275
612
740
733
630
551
605
554
463
481
598
372
403
765
456
417
427
381
175
224
245
364
269
103
233
427
582
489
517
441
477
487
483
552
500
582
530
536
446
320
473
421
449
245
170
277
272
236
282
449
376
275
239
243
390
230
227
480
489
346
254
238
301
248
301
270
399
320
411
360
178
272
348
314
387
429
449
332
437
480
461
435
310
275
356
461
397
431
159
133
172
239
230
314
555
459
502
421
334
337
187
440
283
288
360
288
384
396
264
307
348
441
698
666
629
471
402
406
484
335
481
536
490
607
465
402
266
335
526
518
523
291
437
421
543
615
689
624
529
524
716
505
391
254
384
468
654
659
615
686
701
824
610
672
536
727
873
775
524
639
617
867
1029
937
971
1068
1121
1206
1027
874
840
942
935
831
887
854
743
698
769
790
775
675
715
852
964
905
554
245
220
372
470
536
624
681
747
692
731
737
607
839
760
530
328
429
734
761
557
604
610
588
403
781
865
666
710
749
843
681
721
630
477
582
545
580
917
875
769
786
692
799
858
775
802
849
760
760
626
574
577
679
805
796
707
1006
571
464
403
546
276
458
298
305
675
840
514
574
644
391
530
896
875
914
881
858
765
675
654
1079
1044
870
713
583
552
598
669
887
681
840
884
884
890
780
790
672
760
728
617
686
805
973
1023
896
992
884
890
833
692
589
568
641
524
568
694
651
536
668
403
487
483
571
671
577
459
614
486
611
370
499
382
568
617
559
592
753
527
568
756
648
633
692
725
744
533
495
650
424
690
581
565
624
715
630
559
733
500
477
384
424
428
343
338
475
367
546
424
414
282
393
497
614
574
452
447
480
520
421
508
500
481
435
620
548
512
632
595
618
659
456
492
499
471
736
607
533
678
594
554
642
691
530
527
579
536
630
744
379
645
650
615
503
608
598
562
632
577
577
668
651
595
668
577
559
805
814
778
769
848
784
766
740
692
763
734
861
836
781
814
749
817
784
710
760
825
812
825
796
672
503
561
500
695
825
839
787
772
713
749
698
749
709
385
402
341
520
323
351
277
264
452
565
706
580
456
668
621
621
607
558
471
505
391
626
621
559
620
536
447
682
568
559
620
530
539
617
530
621
659
615
639
600
583
666
669
733
648
598
666
668
601
548
712
636
648
610
700
692
642
657
703
583
536
417
292
291
343
341
393
378
370
478
427
478
429
555
495
412
419
354
167
106
130
210
35
524
390
329
239
251
286
261
301
195
212
246
393
400
405
335
419
405
361
455
415
461
421
537
412
381
243
425
373
428
375
358
408
341
369
360
376
440
350
461
373
425
273
215
109
92
71
74
68
56
44
44
41
72
186
275
204
177
116
151
133
103
77
68
62
74
94
101
124
121
124
130
97
100
96
83
92
77
50
62
68
77
94
77
77
80
60
59
44
50
41
29
35
29
21
29
47
38
23
18
15
29
32
41
35
12
23
35
23
18
18
18
18
18
18
18
15
12
22
80
74
133
189
236
252
277
239
189
170
157
183
236
246
245
180
192
230
320
289
344
405
236
229
405
334
267
425
201
226
165
109
92
80
38
26
44
47
21
217
730
704
595
539
626
630
417
388
511
246
272
408
335
514
530
592
725
739
695
592
624
679
669
527
585
495
621
747
465
524
688
592
681
686
629
633
692
133
828
621
712
707
574
707
794
772
737
740
734
627
623
595
728
650
456
568
772
791
666
601
749
749
591
429
731
490
651
686
825
851
678
660
527
573
447
617
557
707
698
760
783
683
740
722
610
721
701
675
642
641
456
422
305
139
233
360
264
145
12
12
12
12
12
12
12
12
12
12
12
12
9
9
12
12
12
12
12
12
9
9
9
9
9
9
9
9
9
9
9
9
9
9
9
9
9
9
9
9
9
9
9
9
9
9
9
9
7
12
18
12
12
12
12
12
12
12
9
12
12
12
12
12
15
18
151
519
218
475
338
328
357
258
328
139
47
21
41
161
464
373
431
378
323
328
308
390
357
285
390
373
434
399
391
446
379
375
288
443
435
473
335
440
432
540
441
600
562
518
564
397
245
3
402
341
558
435
186
725
574
602
492
657
679
530
624
662
536
530
499
406
360
280
241
304
233
233
161
254
272
177
131
177
171
121
142
97
32
71
66
103
92
118
89
74
53
53
71
59
74
66
41
38
168
124
139
112
56
86
100
54
195
168
44
86
44
35
682
461
360
464
350
434
474
348
183
110
109
159
109
130
121
115
96
154
112
127
230
252
343
263
277
218
340
283
170
100
62
92
62
112
257
302
594
589
636
579
403
357
335
473
480
405
218
158
103
224
412
647
536
675
759
480
438
473
486
511
299
201
136
35
630
210
192
286
220
275
612
740
733
630
551
605
554
463
481
598
372
403
765
456
417
427
381
175
224
245
364
269
103
233
427
582
489
517
441
477
487
483
552
500
582
530
536
446
320
473
421
449
245
170
277
272
236
282
449
376
275
239
243
390
230
227
480
489
346
254
238
301
248
301
270
399
320
411
360
178
272
348
314
387
429
449
332
437
480
461
435
310
275
356
461
397
431
159
133
172
239
230
314
555
459
502
421
334
337
187
440
283
288
360
288
384
396
264
307
348
441
698
666
629
471
402
406
484
335
481
536
490
607
465
402
266
335
526
518
523
291
437
421
543
615
689
624
529
524
716
505
391
254
384
468
654
659
615
686
701
824
610
672
536
727
873
775
524
639
617
867
1029
937
971
1068
1121
1206
1027
874
840
942
935
831
887
854
743
698
769
790
775
675
715
852
964
905
554
245
220
372
470
536
624
681
747
692
731
737
607
839
760
530
328
429
734
761
557
604
610
588
403
781
865
666
710
749
843
681
721
630
477
582
545
580
917
875
769
786
692
799
858
775
802
849
760
760
626
574
577
679
805
796
707
1006
571
464
403
546
276
458
298
305
675
840
514
574
644
391
530
896
875
914
881
858
765
675
654
1079
1044
870
713
583
552
598
669
887
681
840
884
884
890
780
790
672
760
728
617
686
805
973
1023
896
992
884
890
833
692
589
568
641
524
568
694
651
536
668
403
487
483
571
671
577
459
614
486
611
370
499
382
568
617
559
592
753
527
568
756
648
633
692
725
744
533
495
650
424
690
581
565
624
715
630
559
733
500
477
384
424
428
343
338
475
367
546
424
414
282
393
497
614
574
452
447
480
520
421
508
500
481
435
620
548
512
632
595
618
659
456
492
499
471
736
607
533
678
594
554
642
691
530
527
579
536
630
744
379
645
650
615
503
608
598
562
632
577
577
668
651
595
668
577
559
