2012
2034
1945
1923
2119
1960
1916
1849
1731
1908
1834
2152
2090
1952
2034
1871
2041
1960
1776
1901
2063
2031
2063
1989
1679
1259
1403
1251
1738
2063
2097
1967
1930
1783
1871
1746
1871
1772
963
1004
852
1300
808
879
694
660
1130
1413
1765
1450
1140
1669
1553
1553
1517
1396
1177
1263
978
1566
1553
1398
1551
1340
1118
1706
1421
1398
1551
1325
1347
1543
1325
1553
1647
1539
1598
1499
1458
1664
1672
1832
1620
1495
1664
1669
1502
1369
1780
1591
1620
1524
1750
1731
1605
1643
1757
1458
1340
1041
731
727
856
852
982
945
926
1196
1066
1196
1074
1388
1236
1029
1049
886
416
265
325
524
88
1310
974
823
598
628
716
653
753
487
531
615
982
999
1012
837
1049
1012
904
1137
1037
1152
1051
1344
1029
952
608
1063
933
1070
937
896
1019
852
923
901
941
1100
874
1152
933
1063
682
539
273
229
177
184
169
140
111
111
103
180
465
686
510
443
291
377
332
258
192
169
155
184
236
254
310
302
310
325
244
251
239
207
229
192
126
155
169
192
236
192
192
199
150
147
111
126
103
74
88
74
51
74
118
96
59
44
36
74
81
103
88
29
59
88
59
44
44
44
44
44
44
44
36
29
55
199
184
332
472
590
630
694
598
472
424
391
458
590
615
613
450
480
576
800
723
860
1012
590
572
1012
834
667
1063
502
564
413
273
229
199
96
66
111
118
51
542
1824
1761
1487
1347
1566
1576
1041
970
1277
615
679
1019
837
1285
1325
1480
1812
1846
1738
1480
1561
1699
1672
1317
1462
1236
1553
1868
1162
1310
1720
1480
1701
1716
1573
1583
1731
332
2070
1553
1780
1768
1435
1768
1986
1930
1842
1849
1834
1568
1558
1487
1819
1624
1140
1421
1930
1979
1664
1502
1871
1871
1477
1074
1827
1226
1628
1716
2063
2126
1694
1650
1317
1433
1118
1543
1392
1768
1746
1901
1957
1709
1849
1805
1524
1802
1753
1686
1605
1602
1140
1055
763
347
583
901
660
362
29
29
29
29
29
29
29
29
29
29
29
29
22
22
29
29
29
29
29
29
22
22
22
22
22
22
22
22
22
22
22
22
22
22
22
22
22
22
22
22
22
22
22
22
22
22
22
22
18
29
44
29
29
29
29
29
29
29
22
29
29
29
29
29
36
44
377
1297
545
1188
845
819
893
645
819
347
118
51
103
402
1159
933
1078
945
808
819
771
974
893
712
974
933
1085
997
978
1115
948
937
719
1107
1089
1182
837
1100
1081
1351
1103
1499
1406
1295
1410
993
613
7
1004
852
1396
1089
465
1813
1435
1506
1229
1643
1699
1325
1561
1654
1340
1325
1248
1014
901
701
601
761
583
583
402
635
679
443
328
443
428
302
354
244
81
177
165
258
229
295
221
184
132
132
177
147
184
165
103
96
420
310
347
280
140
214
251
136
487
420
111
214
111
88
1705
1152
901
1159
874
1085
1184
871
458
276
273
398
273
325
302
287
239
384
280
317
576
630
856
657
692
545
849
709
424
251
155
229
155
280
642
756
1484
1473
1591
1448
1007
893
837
1182
1199
1012
546
394
258
561
1029
1617
1340
1686
1898
1199
1096
1182
1214
1277
748
502
339
88
1576
524
480
716
549
686
1531
1849
1832
1576
1377
1514
1384
1157
1202
1495
930
1007
1913
1140
1041
1066
952
439
561
613
911
671
258
583
1066
1454
1221
1292
1103
1192
1218
1207
1381
1251
1454
1325
1340
1115
800
1182
1051
1122
613
424
694
679
590
705
1122
941
686
598
608
974
576
568
1199
1221
864
635
594
753
620
753
675
997
800
1026
901
446
679
871
786
967
1074
1122
830
1093
1199
1152
1089
775
686
889
1152
993
1078
398
332
431
598
576
786
1388
1147
1255
1051
834
842
468
1100
709
719
901
719
960
989
660
768
871
1103
1746
1664
1573
1177
1004
1014
1211
837
1203
1340
1226
1517
1162
1004
664
837
1315
1295
1307
727
1093
1051
1358
1539
1724
1561
1321
1310
1790
1263
978
635
960
1170
1635
1647
1539
1716
1753
2060
1524
1679
1340
1817
2182
1937
1310
1598
1543
2167
2573
2344
2428
2669
2802
3016
2568
2186
2100
2355
2336
2078
2218
2134
1856
1746
1923
1975
1937
1686
1787
2130
2411
2263
1384
613
549
930
1174
1340
1561
1701
1868
1731
1827
1842
1517
2097
1901
1325
819
1074
1834
1902
1394
1510
1524
1469
1007
1952
2164
1664
1776
1871
2108
1701
1802
1576
1192
1454
1362
1450
2292
2189
1923
1964
1731
1997
2145
1937
2004
2122
1901
1901
1566
1435
1443
1699
2012
1989
1768
2514
1428
1159
1007
1366
690
1145
746
763
1686
2100
1285
1435
1609
978
1325
2240
2189
2285
2203
2145
1913
1686
1635
2699
2610
2174
1783
1458
1381
1495
1672
2218
1701
2100
2211
2211
2226
1950
1975
1679
1901
1819
1543
1716
2012
2433
2558
2240
2480
2211
2226
2083
1731
1473
1421
1602
1310
1421
1735
1628
1340
1669
1007
1218
1207
1428
1676
1443
1148
1536
1214
1529
926
1248
956
1421
1543
1398
1480
1883
1317
1421
1890
1620
1583
1731
1812
1861
1332
1236
1624
1059
1726
1453
1413
1561
1787
1576
1398
1832
1251
1192
960
1059
1070
856
845
1188
918
1366
1059
1034
705
982
1244
1536
1435
1130
1118
1199
1300
1051
1270
1251
1203
1089
1551
1369
1280
1580
1487
1546
1647
1140
1229
1248
1177
1839
1517
1332
1694
1484
1384
1605
1728
1325
1317
1448
1340
1576
1861
948
1613
1624
1539
1259
1521
1495
1406
1580
1443
1443
1669
1628
1487
1669
1443
1398
2012
2034
1945
1923
2119
1960
1916
1849
1731
1908
1834
2152
2090
1952
2034
1871
2041
1960
1776
1901
2063
2031
2063
1989
1679
1259
1403
1251
1738
2063
2097
1967
1930
1783
1871
1746
1871
1772
963
1004
852
1300
808
879
694
660
1130
1413
1765
1450
1140
1669
1553
1553
1517
1396
1177
1263
978
1566
1553
1398
1551
1340
1118
1706
1421
1398
1551
1325
1347
1543
1325
1553
1647
1539
1598
1499
1458
1664
1672
1832
1620
1495
1664
1669
1502
1369
1780
1591
1620
1524
1750
1731
1605
1643
1757
1458
1340
1041
731
727
856
852
982
945
926
1196
1066
1196
1074
1388
1236
1029
1049
886
416
265
325
524
88
1310
974
823
598
628
716
653
753
487
531
615
982
999
1012
837
1049
1012
904
1137
1037
1152
1051
1344
1029
952
608
1063
933
1070
937
896
1019
852
923
901
941
1100
874
1152
933
1063
682
539
273
229
177
184
169
140
111
111
103
180
465
686
510
443
291
377
332
258
192
169
155
184
236
254
310
302
310
325
244
251
239
207
229
192
126
155
169
192
236
192
192
199
150
147
111
126
103
74
88
74
51
74
118
96
59
44
36
74
81
103
88
29
59
88
59
44
44
44
44
44
44
44
36
29
55
199
184
332
472
590
630
694
598
472
424
391
458
590
615
613
450
480
576
800
723
860
1012
590
572
1012
834
667
1063
502
564
413
273
229
199
96
66
111
118
51
542
1824
1761
1487
1347
1566
1576
1041
970
1277
615
679
1019
837
1285
1325
1480
1812
1846
1738
1480
1561
1699
1672
1317
1462
1236
1553
1868
1162
1310
1720
1480
1701
1716
1573
1583
1731
332
2070
1553
1780
1768
1435
1768
1986
1930
1842
1849
1834
1568
1558
1487
1819
1624
1140
1421
1930
1979
1664
1502
1871
1871
1477
1074
1827
1226
1628
1716
2063
2126
1694
1650
1317
1433
1118
1543
1392
1768
1746
1901
1957
1709
1849
1805
1524
1802
1753
1686
1605
1602
1140
1055
763
347
583
901
660
362
29
29
29
29
29
29
29
29
29
29
29
29
22
22
29
29
29
29
29
29
22
22
22
22
22
22
22
22
22
22
22
22
22
22
22
22
22
22
22
22
22
22
22
22
22
22
22
22
18
29
44
29
29
29
29
29
29
29
22
29
29
29
29
29
36
44
377
1297
545
1188
845
819
893
645
819
347
118
51
103
402
1159
933
1078
945
808
819
771
974
893
712
974
933
1085
997
978
1115
948
937
719
1107
1089
1182
837
1100
1081
1351
1103
1499
1406
1295
1410
993
613
7
1004
852
1396
1089
465
1813
1435
1506
1229
1643
1699
1325
1561
1654
1340
1325
1248
1014
901
701
601
761
583
583
402
635
679
443
328
443
428
302
354
244
81
177
165
258
229
295
221
184
132
132
177
147
184
165
103
96
420
310
347
280
140
214
251
136
487
420
111
214
111
88
1705
1152
901
1159
874
1085
1184
871
458
276
273
398
273
325
302
287
239
384
280
317
576
630
856
657
692
545
849
709
424
251
155
229
155
280
642
756
1484
1473
1591
1448
1007
893
837
1182
1199
1012
546
394
258
561
1029
1617
1340
1686
1898
1199
1096
1182
1214
1277
748
502
339
88
1576
524
480
716
549
686
1531
1849
1832
1576
1377
1514
1384
1157
1202
1495
930
1007
1913
1140
1041
1066
952
439
561
613
911
671
258
583
1066
1454
1221
1292
1103
1192
1218
1207
1381
1251
1454
1325
1340
1115
800
1182
1051
1122
613
424
694
679
590
705
1122
941
686
598
608
974
576
568
1199
1221
864
635
594
753
620
753
675
997
800
1026
901
446
679
871
786
967
1074
1122
830
1093
1199
1152
1089
775
686
889
1152
993
1078
398
332
431
598
576
786
1388
1147
1255
1051
834
842
468
1100
709
719
901
719
960
989
660
768
871
1103
1746
1664
1573
1177
1004
1014
1211
837
1203
1340
1226
1517
1162
1004
664
837
1315
1295
1307
727
1093
1051
1358
1539
1724
1561
1321
1310
1790
1263
978
635
960
1170
1635
1647
1539
1716
1753
2060
1524
1679
1340
1817
2182
1937
1310
1598
1543
2167
2573
2344
2428
2669
2802
3016
2568
2186
2100
2355
2336
2078
2218
2134
1856
1746
1923
1975
1937
1686
1787
2130
2411
2263
1384
613
549
930
1174
1340
1561
1701
1868
1731
1827
1842
1517
2097
1901
1325
819
1074
1834
1902
1394
1510
1524
1469
1007
1952
2164
1664
1776
1871
2108
1701
1802
1576
1192
1454
1362
1450
2292
2189
1923
1964
1731
1997
2145
1937
2004
2122
1901
1901
1566
1435
1443
1699
2012
1989
1768
2514
1428
1159
1007
1366
690
1145
746
763
1686
2100
1285
1435
1609
978
1325
2240
2189
2285
2203
2145
1913
1686
1635
2699
2610
2174
1783
1458
1381
1495
1672
2218
1701
2100
2211
2211
2226
1950
1975
1679
1901
1819
1543
1716
2012
2433
2558
2240
2480
2211
2226
2083
1731
1473
1421
1602
1310
1421
1735
1628
1340
1669
1007
1218
1207
1428
1676
1443
1148
1536
1214
1529
926
1248
956
1421
1543
1398
1480
1883
1317
1421
1890
1620
1583
1731
1812
1861
1332
1236
1624
1059
1726
1453
1413
1561
1787
1576
1398
1832
1251
1192
960
1059
1070
856
845
1188
918
1366
1059
1034
705
982
1244
1536
1435
1130
1118
1199
1300
1051
1270
1251
1203
1089
1551
1369
1280
1580
1487
1546
1647
1140
1229
1248
1177
1839
1517
1332
1694
1484
1384
1605
1728
1325
1317
1448
1340
1576
1861
948
1613
1624
1539
1259
1521
1495
1406
1580
1443
1443
1669
1628
1487
1669
1443
1398
2012
2034
1945
1923
2119
1960
1916
1849
1731
1908
1834
2152
2090
1952
2034
1871
2041
1960
1776
1901
2063
2031
2063
1989
1679
1259
1403
1251
1738
2063
2097
1967
1930
1783
1871
1746
1871
1772
963
1004
852
1300
808
879
694
660
1130
1413
1765
1450
1140
1669
1553
1553
1517
1396
1177
1263
978
1566
1553
1398
1551
1340
1118
1706
1421
1398
1551
1325
1347
1543
1325
1553
1647
1539
1598
1499
1458
1664
1672
1832
1620
1495
1664
1669
1502
1369
1780
1591
1620
1524
1750
1731
1605
1643
1757
1458
1340
1041
731
727
856
852
982
945
926
1196
1066
1196
1074
1388
1236
1029
1049
886
416
265
325
524
88
1310
974
823
598
628
716
653
753
487
531
615
982
999
1012
837
1049
1012
904
1137
1037
1152
1051
1344
1029
952
608
1063
933
1070
937
896
1019
852
923
901
941
1100
874
1152
933
1063
682
539
273
229
177
184
169
140
111
111
103
180
465
686
510
443
291
377
332
258
192
169
155
184
236
254
310
302
310
325
244
251
239
207
229
192
126
155
169
192
236
192
192
199
150
147
111
126
103
74
88
74
51
74
118
96
59
44
36
74
81
103
88
29
59
88
59
44
44
44
44
44
44
44
36
29
55
199
184
332
472
590
630
694
598
472
424
391
458
590
615
613
450
480
576
800
723
860
1012
590
572
1012
834
667
1063
502
564
413
273
229
199
96
66
111
118
51
542
1824
1761
1487
1347
1566
1576
1041
970
1277
615
679
1019
837
1285
1325
1480
1812
1846
1738
1480
1561
1699
1672
1317
1462
1236
1553
1868
1162
1310
1720
1480
1701
1716
1573
1583
1731
332
2070
1553
1780
1768
1435
1768
1986
1930
1842
1849
1834
1568
1558
1487
1819
1624
1140
1421
1930
1979
1664
1502
1871
1871
1477
1074
1827
1226
1628
1716
2063
2126
1694
1650
1317
1433
1118
1543
1392
1768
1746
1901
1957
1709
1849
1805
1524
1802
1753
1686
1605
1602
1140
1055
763
347
583
901
660
362
29
29
29
29
29
29
29
29
29
29
29
29
22
22
29
29
29
29
29
29
22
22
22
22
22
22
22
22
22
22
22
22
22
22
22
22
22
22
22
22
22
22
22
22
22
22
22
22
18
29
44
29
29
29
29
29
29
29
22
29
29
29
29
29
36
44
377
1297
545
1188
845
819
893
645
819
347
118
51
103
402
1159
933
1078
945
808
819
771
974
893
712
974
933
1085
997
978
1115
948
937
719
1107
1089
1182
837
1100
1081
1351
1103
1499
1406
1295
1410
993
613
7
1004
852
1396
1089
465
1813
1435
1506
1229
1643
1699
1325
1561
1654
1340
1325
1248
1014
901
701
601
761
583
583
402
635
679
443
328
443
428
302
354
244
81
177
165
258
229
295
221
184
132
132
177
147
184
165
103
96
420
310
347
280
140
214
251
136
487
420
111
214
111
88
1705
1152
901
1159
874
1085
1184
871
458
276
273
398
273
325
302
287
239
384
280
317
576
630
856
657
692
545
849
709
424
251
155
229
155
280
642
756
1484
1473
1591
1448
1007
893
837
1182
1199
1012
546
394
258
561
1029
1617
1340
1686
1898
1199
1096
1182
1214
1277
748
502
339
88
1576
524
480
716
549
686
1531
1849
1832
1576
1377
1514
1384
1157
1202
1495
930
1007
1913
1140
1041
1066
952
439
561
613
911
671
258
583
1066
1454
1221
1292
1103
1192
1218
1207
1381
1251
1454
1325
1340
1115
800
1182
1051
1122
613
424
694
679
590
705
1122
941
686
598
608
974
576
568
1199
1221
864
635
594
753
620
753
675
997
800
1026
901
446
679
871
786
967
1074
1122
830
1093
1199
1152
1089
775
686
889
1152
993
1078
398
332
431
598
576
786
1388
1147
1255
1051
834
842
468
1100
709
719
901
719
960
989
660
768
871
1103
1746
1664
1573
1177
1004
1014
1211
837
1203
1340
1226
1517
1162
1004
664
837
1315
1295
1307
727
1093
1051
1358
1539
1724
1561
1321
1310
1790
1263
978
635
960
1170
1635
1647
1539
1716
1753
2060
1524
1679
1340
1817
2182
1937
1310
1598
1543
2167
2573
2344
2428
2669
2802
3016
2568
2186
2100
2355
2336
2078
2218
2134
1856
1746
1923
1975
1937
1686
1787
2130
2411
2263
1384
613
549
930
1174
1340
1561
1701
1868
1731
1827
1842
1517
2097
1901
1325
819
1074
1834
1902
1394
1510
1524
1469
1007
1952
2164
1664
1776
1871
2108
1701
1802
1576
1192
1454
1362
1450
2292
2189
1923
1964
1731
1997
2145
1937
2004
2122
1901
1901
1566
1435
1443
1699
2012
1989
1768
2514
1428
1159
1007
1366
690
1145
746
763
1686
2100
1285
1435
1609
978
1325
2240
2189
2285
2203
2145
1913
1686
1635
2699
2610
2174
1783
1458
1381
1495
1672
2218
1701
2100
2211
2211
2226
1950
1975
1679
1901
1819
1543
1716
2012
2433
2558
2240
2480
2211
2226
2083
1731
1473
1421
1602
1310
1421
1735
1628
1340
1669
1007
1218
1207
1428
1676
1443
1148
1536
1214
1529
926
1248
956
1421
1543
1398
1480
1883
1317
1421
1890
1620
1583
1731
1812
1861
1332
1236
1624
1059
1726
1453
1413
1561
1787
1576
1398
1832
1251
1192
960
1059
1070
856
845
1188
918
1366
1059
1034
705
982
1244
1536
1435
1130
1118
1199
1300
1051
1270
1251
1203
1089
1551
1369
1280
1580
1487
1546
1647
1140
1229
1248
1177
1839
1517
1332
1694
1484
1384
1605
1728
1325
1317
1448
1340
1576
1861
948
1613
1624
1539
1259
1521
1495
1406
1580
1443
1443
1669
1628
1487
1669
1443
1398
