215
155
30
97
140
139
124
162
103
109
112
97
132
107
99
112
91
116
93
116
71
98
112
102
113
134
153
182
199
189
187
172
182
175
185
193
198
208
40
295
194
184
203
204
222
196
204
205
200
229
201
145
144
164
175
96
23
47
89
78
125
163
187
131
82
81
96
102
128
144
83
71
109
63
53
46
33
29
46
119
212
170
177
135
178
133
138
146
148
171
242
133
185
121
148
63
116
101
99
99
77
93
85
101
118
132
141
161
145
122
132
133
151
193
193
197
198
177
166
79
248
331
337
291
112
125
122
111
145
283
248
264
345
185
83
40
191
281
190
220
270
223
184
206
348
309
530
467
352
355
362
350
343
360
169
83
84
126
184
216
211
187
59
201
184
142
149
97
124
129
94
116
94
109
149
96
94
134
129
55
69
74
122
102
102
83
46
4
9
275
371
338
297
327
266
361
395
336
273
274
317
368
326
337
372
302
308
335
321
315
285
308
202
133
155
200
147
141
172
102
88
96
76
45
172
93
86
77
79
97
112
77
79
79
59
26
73
52
50
103
50
94
109
52
69
40
40
13
132
45
99
66
116
122
197
189
142
143
232
178
172
187
229
200
205
63
115
116
61
23
81
143
119
102
254
249
163
220
213
198
212
151
91
79
52
66
85
106
72
133
160
184
212
240
393
390
399
308
155
311
261
249
347
427
368
196
262
144
222
80
133
135
180
278
289
337
412
385
321
238
335
316
327
329
353
495
486
445
507
437
250
394
423
411
448
431
437
532
516
495
533
534
571
465
574
506
484
478
438
459
483
303
379
369
351
402
384
417
391
494
474
456
536
407
411
415
496
481
386
366
286
456
419
441
304
372
370
456
373
462
426
431
495
519
594
334
431
514
570
507
585
499
437
437
528
427
558
473
482
430
295
486
555
443
454
425
353
412
467
479
481
374
345
437
476
489
512
358
287
347
294
245
366
389
299
233
293
355
296
239
326
436
305
358
448
483
402
439
378
473
530
504
368
446
396
405
423
454
377
401
330
374
384
420
326
317
370
373
379
437
277
277
240
273
297
211
186
171
282
142
167
122
40
17
83
108
162
159
36
153
182
365
297
237
225
187
197
155
95
98
59
147
151
167
175
192
141
205
221
236
250
186
228
225
236
216
205
221
182
40
159
202
159
144
180
208
147
112
170
142
188
157
176
179
187
213
206
217
213
244
177
258
217
245
245
178
262
211
227
189
158
210
260
242
326
290
301
248
291
298
247
184
257
261
245
177
228
235
189
262
193
236
206
221
216
276
196
81
251
158
185
188
197
111
171
210
205
214
209
165
208
237
176
235
150
194
185
185
187
189
191
206
199
180
126
168
139
139
146
145
139
106
121
159
135
131
140
159
96
125
116
162
136
172
159
155
110
132
99
122
68
106
109
65
83
82
285
254
363
175
320
211
113
200
314
180
228
208
225
212
165
294
188
124
136
185
224
167
195
114
81
73
54
43
36
33
31
40
59
50
93
112
100
100
140
112
100
89
80
108
148
159
202
144
176
133
157
160
125
171
159
167
201
167
138
138
149
47
140
159
99
91
142
62
89
57
277
187
186
231
310
245
297
318
237
263
158
191
178
139
129
112
123
132
98
150
177
199
233
112
183
148
173
205
243
230
202
262
266
280
268
189
246
293
189
203
158
127
107
119
115
112
51
73
67
112
109
115
132
66
86
50
132
85
90
125
80
69
49
59
40
173
147
127
154
142
93
114
125
71
93
122
83
79
50
59
64
79
53
51
66
36
15
46
66
81
80
125
90
202
145
131
98
112
119
152
132
269
258
171
122
73
43
51
36
138
73
87
79
122
148
114
132
100
102
128
108
175
165
157
192
181
189
204
227
156
118
115
354
269
346
305
280
186
199
246
227
197
96
65
145
104
108
112
193
197
248
241
318
256
291
348
369
368
366
347
363
437
307
337
340
372
443
460
384
350
327
312
346
353
366
264
262
187
232
222
169
208
160
125
115
148
178
111
160
157
105
109
45
238
299
232
236
332
309
237
295
219
242
247
250
239
226
272
270
275
277
358
265
262
341
334
317
289
293
233
292
232
251
262
248
278
279
315
220
324
241
237
270
270
318
322
321
310
369
265
308
344
325
317
289
368
397
437
310
258
386
258
134
246
207
252
335
333
294
338
221
278
277
311
257
183
265
166
119
170
269
204
206
208
252
249
224
255
218
326
374
281
340
200
248
172
258
215
274
303
190
218
171
166
127
278
303
325
311
315
341
316
323
313
258
326
294
406
370
313
254
208
139
212
231
255
139
224
219
196
131
232
211
229
223
205
194
216
313
287
346
362
395
353
359
355
375
311
403
374
389
396
393
496
43
19
109
159
421
565
282
235
415
270
295
241
428
313
460
405
234
260
222
246
277
185
125
164
174
176
167
159
120
119
106
70
76
54
76
59
83
290
342
327
361
366
308
313
331
202
309
175
176
140
148
135
208
186
228
109
101
73
62
185
178
191
253
238
106
122
202
125
75
46
20
69
130
277
349
219
327
193
206
227
307
277
240
269
293
220
125
210
290
257
248
193
248
365
324
198
119
86
273
310
284
221
278
219
212
188
186
154
131
73
43
74
96
73
66
96
99
88
96
66
70
120
139
92
101
166
201
169
157
175
132
86
98
83
70
129
155
167
211
178
112
125
83
112
85
135
179
124
139
95
116
105
93
105
127
288
174
176
174
198
215
216
159
249
242
167
134
182
154
136
211
254
261
203
219
170
125
89
61
33
50
121
181
236
196
176
125
272
177
252
178
291
345
219
271
246
207
63
128
289
346
437
305
308
281
300
271
282
367
272
318
363
350
399
428
410
321
416
295
384
407
304
361
344
381
350
380
382
328
308
283
279
166
256
239
294
233
275
272
183
219
198
140
161
133
141
147
205
120
186
193
172
71
93
234
176
286
281
266
295
327
436
330
318
372
304
216
259
142
200
195
129
202
187
223
195
139
240
224
237
239
224
199
249
193
268
268
279
301
273
223
287
228
262
272
292
182
280
239
226
116
109
201
191
177
149
162
220
116
122
226
234
201
147
270
186
175
210
215
224
232
186
155
210
240
209
165
218
187
209
173
142
138
168
189
145
154
3
206
237
83
53
57
76
106
55
53
125
122
86
79
89
82
76
53
56
48
40
66
74
264
215
155
30
97
140
139
124
162
103
109
112
97
132
107
99
112
91
116
93
116
71
98
112
102
113
134
153
182
199
189
187
172
182
175
185
193
198
208
40
295
194
184
203
204
222
196
204
205
200
229
201
145
144
164
175
96
23
47
89
78
125
163
187
131
82
81
96
102
128
144
83
71
109
63
53
46
33
29
46
119
212
170
177
135
178
133
138
146
148
171
242
133
185
121
148
63
116
101
99
99
77
93
85
101
118
132
141
161
145
122
132
133
151
193
193
197
198
177
166
79
248
331
337
291
112
125
122
111
145
283
248
264
345
185
83
40
191
281
190
220
270
223
184
206
348
309
530
467
352
355
362
350
343
360
169
83
84
126
184
216
211
187
59
201
184
142
149
97
124
129
94
116
94
109
149
96
94
134
129
55
69
74
122
102
102
83
46
4
9
275
371
338
297
327
266
361
395
336
273
274
317
368
326
337
372
302
308
335
321
315
285
308
202
133
155
200
147
141
172
102
88
96
76
45
172
93
86
77
79
97
112
77
79
79
59
26
73
52
50
103
50
94
109
52
69
40
40
13
132
45
99
66
116
122
197
189
142
143
232
178
172
187
229
200
205
63
115
116
61
23
81
143
119
102
254
249
163
220
213
198
212
151
91
79
52
66
85
106
72
133
160
184
212
240
393
390
399
308
155
311
261
249
347
427
368
196
262
144
222
80
133
135
180
278
289
337
412
385
321
238
335
316
327
329
353
495
486
445
507
437
250
394
423
411
448
431
437
532
516
495
533
534
571
465
574
506
484
478
438
459
483
303
379
369
351
402
384
417
391
494
474
456
536
407
411
415
496
481
386
366
286
456
419
441
304
372
370
456
373
462
426
431
495
519
594
334
431
514
570
507
585
499
437
437
528
427
558
473
482
430
295
486
555
443
454
425
353
412
467
479
481
374
345
437
476
489
512
358
287
347
294
245
366
389
299
233
293
355
296
239
326
436
305
358
448
483
402
439
378
473
530
504
368
446
396
405
423
454
377
401
330
374
384
420
326
317
370
373
379
437
277
277
240
273
297
211
186
171
282
142
167
122
40
17
83
108
162
159
36
153
182
365
297
237
225
187
197
155
95
98
59
147
151
167
175
192
141
205
221
236
250
186
228
225
236
216
205
221
182
40
159
202
159
144
180
208
147
112
170
142
188
157
176
179
187
213
206
217
213
244
177
258
217
245
245
178
262
211
227
189
158
210
260
242
326
290
301
248
291
298
247
184
257
261
245
177
228
235
189
262
193
236
206
221
216
276
196
81
251
158
185
188
197
111
171
210
205
214
209
165
208
237
176
235
150
194
185
185
187
189
191
206
199
180
126
168
139
139
146
145
139
106
121
159
135
131
140
159
96
125
116
162
136
172
159
155
110
132
99
122
68
106
109
65
83
82
285
254
363
175
320
211
113
200
314
180
228
208
225
212
165
294
188
124
136
185
224
167
195
114
81
73
54
43
36
33
31
40
59
50
93
112
100
100
140
112
100
89
80
108
148
159
202
144
176
133
157
160
125
171
159
167
201
167
138
138
149
47
140
159
99
91
142
62
89
57
277
187
186
231
310
245
297
318
237
263
158
191
178
139
129
112
123
132
98
150
177
199
233
112
183
148
173
205
243
230
202
262
266
280
268
189
246
293
189
203
158
127
107
119
115
112
51
73
67
112
109
115
132
66
86
50
132
85
90
125
80
69
49
59
40
173
147
127
154
142
93
114
125
71
93
122
83
79
50
59
64
79
53
51
66
36
15
46
66
81
80
125
90
202
145
131
98
112
119
152
132
269
258
171
122
73
43
51
36
138
73
87
79
122
148
114
132
100
102
128
108
175
165
157
192
181
189
204
227
156
118
115
354
269
346
305
280
186
199
246
227
197
96
65
145
104
108
112
193
197
248
241
318
256
291
348
369
368
366
347
363
437
307
337
340
372
443
460
384
350
327
312
346
353
366
264
262
187
232
222
169
208
160
125
115
148
178
111
160
157
105
109
45
238
299
232
236
332
309
237
295
219
242
247
250
239
226
272
270
275
277
358
265
262
341
334
317
289
293
233
292
232
251
262
248
278
279
315
220
324
241
237
270
270
318
322
321
310
369
265
308
344
325
317
289
368
397
437
310
258
386
258
134
246
207
252
335
333
294
338
221
278
277
311
257
183
265
166
119
170
269
204
206
208
252
249
224
255
218
326
374
281
340
200
248
172
258
215
274
303
190
218
171
166
127
278
303
325
311
315
341
316
323
313
258
326
294
406
370
313
254
208
139
212
231
255
139
224
219
196
131
232
211
229
223
205
194
216
313
287
346
362
395
353
359
355
375
311
403
374
389
396
393
496
43
19
109
159
421
565
282
235
415
270
295
241
428
313
460
405
234
260
222
246
277
185
125
164
174
176
167
159
120
119
106
70
76
54
76
59
83
290
342
327
361
366
308
313
331
202
309
175
176
140
148
135
208
186
228
109
101
73
62
185
178
191
253
238
106
122
202
125
75
46
20
69
130
277
349
219
327
193
206
227
307
277
240
269
293
220
125
210
290
257
248
193
248
365
324
198
119
86
273
310
284
221
278
219
212
188
186
154
131
73
43
74
96
73
66
96
99
88
96
66
70
120
139
92
101
166
201
169
157
175
132
86
98
83
70
129
155
167
211
178
112
125
83
112
85
135
179
124
139
95
116
105
93
105
127
288
174
176
174
198
215
216
159
249
242
167
134
182
154
136
211
254
261
203
219
170
125
89
61
33
50
121
181
236
196
176
125
272
177
252
178
291
345
219
271
246
207
63
128
289
346
437
305
308
281
300
271
282
367
272
318
363
350
399
428
410
321
416
295
384
407
304
361
344
381
350
380
382
328
308
283
279
166
256
239
294
233
275
272
183
219
198
140
161
133
141
147
205
120
186
193
172
71
93
234
176
286
281
266
295
327
436
330
318
372
304
216
259
142
200
195
129
202
187
223
195
139
240
224
237
239
224
199
249
193
268
268
279
301
273
223
287
228
262
272
292
182
280
239
226
116
109
201
191
177
149
162
220
116
122
226
234
201
147
270
186
175
210
215
224
232
186
155
210
240
209
165
218
187
209
173
142
138
168
189
145
154
3
206
237
83
53
57
76
106
55
53
125
122
86
79
89
82
76
53
56
48
40
66
74
264
215
155
30
97
140
139
124
162
103
109
112
97
132
107
99
112
91
116
93
116
71
98
112
102
113
134
153
182
199
189
187
172
182
175
185
193
198
208
40
295
194
184
203
204
222
196
204
205
200
229
201
145
144
164
175
96
23
47
89
78
125
163
187
131
82
81
96
102
128
144
83
71
109
63
53
46
33
29
46
119
212
170
177
135
178
133
138
146
148
171
242
133
185
121
148
63
116
101
99
99
77
93
85
101
118
132
141
161
145
122
132
133
151
193
193
197
198
177
166
79
248
331
337
291
112
125
122
111
145
283
248
264
345
185
83
40
191
281
190
220
270
223
184
206
348
309
530
467
352
355
362
350
343
360
169
83
84
126
184
216
211
187
59
201
184
142
149
97
124
129
94
116
94
109
149
96
94
134
129
55
69
74
122
102
102
83
46
4
9
275
371
338
297
327
266
361
395
336
273
274
317
368
326
337
372
302
308
335
321
315
285
308
202
133
155
200
147
141
172
102
88
96
76
45
172
93
86
77
79
97
112
77
79
79
59
26
73
52
50
103
50
94
109
52
69
40
40
13
132
45
99
66
116
122
197
189
142
143
232
178
172
187
229
200
205
63
115
116
61
23
81
143
119
102
254
249
163
220
213
198
212
151
91
79
52
66
85
106
72
133
160
184
212
240
393
390
399
308
155
311
261
249
347
427
368
196
262
144
222
80
133
135
180
278
289
337
412
385
321
238
335
316
327
329
353
495
486
445
507
437
250
394
423
411
448
431
437
532
516
495
533
534
571
465
574
506
484
478
438
459
483
303
379
369
351
402
384
417
391
494
474
456
536
407
411
415
496
481
386
366
286
456
419
441
304
372
370
456
373
462
426
431
495
519
594
334
431
514
570
507
585
499
437
437
528
427
558
473
482
430
295
486
555
443
454
425
353
412
467
479
481
374
345
437
476
489
512
358
287
347
294
245
366
389
299
233
293
355
296
239
326
436
305
358
448
483
402
439
378
473
530
504
368
446
396
405
423
454
377
401
330
374
384
420
326
317
370
373
379
437
277
277
240
273
297
211
186
171
282
142
167
122
40
17
83
108
162
159
36
153
182
365
297
237
225
187
197
155
95
98
59
147
151
167
175
192
141
205
221
236
250
186
228
225
236
216
205
221
182
40
159
202
159
144
180
208
147
112
170
142
188
157
176
179
187
213
206
217
213
244
177
258
217
245
245
178
262
211
227
189
158
210
260
242
326
290
301
248
291
298
247
184
257
261
245
177
228
235
189
262
193
236
206
221
216
276
196
81
251
158
185
188
197
111
171
210
205
214
209
165
208
237
176
235
150
194
185
185
187
189
191
206
199
180
126
168
139
139
146
145
139
106
121
159
135
131
140
159
96
125
116
162
136
172
159
155
110
132
99
122
68
106
109
65
83
82
285
254
363
175
320
211
113
200
314
180
228
208
225
212
165
294
188
124
136
185
224
167
195
114
81
73
54
43
36
33
31
40
59
50
93
112
100
100
140
112
100
89
80
108
148
159
202
144
176
133
157
160
125
171
159
167
201
167
138
138
149
47
140
159
99
91
142
62
89
57
277
187
186
231
310
245
297
318
237
263
158
191
178
139
129
112
123
132
98
150
177
199
233
112
183
148
173
205
243
230
202
262
266
280
268
189
246
293
189
203
158
127
107
119
115
112
51
73
67
112
109
115
132
66
86
50
132
85
90
125
80
69
49
59
40
173
147
127
154
142
93
114
125
71
93
122
83
79
50
59
64
79
53
51
66
36
15
46
66
81
80
125
90
202
145
131
98
112
119
152
132
269
258
171
122
73
43
51
36
138
73
87
79
122
148
114
132
100
102
128
108
175
165
157
192
181
189
204
227
156
118
115
354
269
346
305
280
186
199
246
227
197
96
65
145
104
108
112
193
197
248
241
318
256
291
348
369
368
366
347
363
437
307
337
340
372
443
460
384
350
327
312
346
353
366
264
262
187
232
222
169
208
160
125
115
148
178
111
160
157
105
109
45
238
299
232
236
332
309
237
295
219
242
247
250
239
226
272
270
275
277
358
265
262
341
334
317
289
293
233
292
232
251
262
248
278
279
315
220
324
241
237
270
270
318
322
321
310
369
265
308
344
325
317
289
368
397
437
310
258
386
258
134
246
207
252
335
333
294
338
221
278
277
311
257
183
265
166
119
170
269
204
206
208
252
249
224
255
218
326
374
281
340
200
248
172
258
215
274
303
190
218
171
166
127
278
303
325
311
315
341
316
323
313
258
326
294
406
370
313
254
208
139
212
231
255
139
224
219
196
131
232
211
229
223
205
194
216
313
287
346
362
395
353
359
355
375
311
403
374
389
396
393
496
43
