371
240
360
377
348
271
337
350
328
356
321
290
268
304
331
242
295
268
288
247
203
224
291
286
270
253
258
344
306
174
315
338
311
335
279
275
183
269
274
234
256
315
301
369
322
297
365
330
277
265
331
336
323
353
326
318
360
296
289
331
368
314
268
329
354
480
323
345
352
275
319
296
292
317
315
334
322
295
252
249
291
378
247
277
274
295
329
282
272
214
222
334
324
194
306
221
77
209
213
189
209
144
104
111
144
162
75
215
128
110
168
215
82
129
65
56
68
91
56
147
80
191
141
91
61
76
68
55
115
40
85
74
135
95
87
97
97
70
92
118
64
73
85
37
88
64
65
68
38
71
73
43
71
44
41
109
50
65
46
71
47
26
38
141
167
171
189
205
271
329
179
223
181
206
171
139
145
151
160
69
77
56
35
222
67
15
26
150
103
142
176
157
16
269
192
97
114
144
113
100
111
57
71
68
82
153
212
158
148
100
79
127
177
131
116
82
68
65
209
203
171
185
146
128
126
184
130
96
76
109
117
143
91
77
76
56
71
50
82
74
82
49
79
66
73
62
43
32
38
29
48
131
56
29
62
32
65
53
45
47
102
76
151
100
47
237
206
220
113
56
134
38
38
53
97
236
239
238
119
116
178
133
138
117
92
118
103
64
112
101
81
120
158
256
202
250
292
259
308
296
318
331
331
346
309
131
230
311
364
291
321
375
405
280
255
258
288
273
290
302
363
319
169
175
147
193
154
156
165
163
229
263
160
197
139
182
211
168
159
236
222
170
118
134
170
184
157
192
198
198
202
158
219
234
239
197
245
218
258
268
211
282
268
276
304
232
241
275
308
315
351
358
332
210
203
248
286
293
244
310
346
315
233
250
324
308
298
296
273
242
214
218
351
283
325
228
286
304
304
319
401
248
275
345
290
303
318
366
311
246
241
104
313
255
282
283
242
268
310
233
252
248
194
126
112
88
195
279
281
321
229
310
311
234
378
231
241
241
301
367
293
345
307
310
320
324
299
175
289
334
242
330
239
334
344
324
349
299
340
316
354
354
314
281
2
259
472
400
59
85
148
168
270
248
360
322
320
369
384
397
276
209
225
198
110
68
121
61
59
70
129
151
121
98
79
148
227
146
53
41
38
26
96
103
188
248
179
150
104
102
138
167
133
132
122
88
163
133
85
115
115
128
115
65
65
113
177
164
67
123
208
243
222
211
209
220
178
191
185
197
220
175
88
41
200
270
204
209
252
213
137
226
294
229
328
289
144
234
319
252
269
271
325
289
345
422
346
214
206
193
288
303
226
153
113
212
179
169
122
283
332
278
291
293
224
214
341
256
294
255
294
190
188
222
234
157
169
153
121
192
219
209
225
149
225
228
233
273
274
243
172
104
82
230
252
253
265
265
307
296
215
237
178
222
162
119
229
262
234
156
181
124
77
91
149
187
202
214
173
220
244
248
268
240
247
247
233
144
235
238
246
237
239
167
270
264
235
274
286
303
300
324
316
310
285
237
159
102
148
141
112
160
122
95
134
72
231
209
183
106
78
218
306
292
237
313
390
298
387
287
310
283
222
212
284
271
241
295
418
313
284
283
289
269
278
321
228
246
198
211
172
107
298
285
266
268
242
190
244
296
265
192
94
35
26
262
321
299
253
368
371
295
240
240
233
176
158
138
136
173
268
192
237
274
199
325
264
314
286
278
264
213
171
86
100
134
103
6
159
148
147
140
341
364
370
350
394
379
317
461
343
251
202
15
23
171
128
164
117
211
293
351
394
418
339
438
363
324
299
353
319
362
313
343
372
349
296
314
193
89
59
205
326
370
389
300
244
225
225
182
146
135
151
158
152
166
106
76
87
109
141
150
101
100
34
318
352
306
292
295
214
248
308
322
155
214
239
215
142
113
132
65
65
55
156
125
84
104
112
78
75
73
48
62
61
91
62
62
49
65
48
71
29
29
32
22
79
50
35
23
20
12
23
19
20
9
9
76
19
62
47
39
59
50
28
32
6
97
17
20
31
118
79
57
85
82
94
50
38
41
26
34
44
56
41
76
61
134
199
162
145
166
132
70
99
173
194
91
57
62
40
56
62
117
145
176
169
320
258
207
252
285
399
414
426
327
307
278
238
288
237
308
271
319
402
424
363
394
346
309
332
322
300
261
279
295
290
307
274
417
352
302
342
402
400
343
380
350
363
337
303
376
312
238
268
304
301
255
261
266
278
308
276
361
307
348
220
358
231
277
327
337
386
362
383
358
437
394
348
147
89
76
104
280
361
348
313
329
275
282
308
285
307
345
339
215
296
263
275
374
412
314
313
294
259
274
198
317
274
277
161
124
97
67
56
53
92
184
279
297
222
329
271
214
228
319
342
327
218
297
226
287
259
280
122
152
117
197
202
224
185
140
109
26
76
117
148
261
301
293
304
289
390
387
322
244
245
259
285
244
359
256
319
249
200
270
252
226
256
237
227
266
279
221
146
190
173
120
159
243
237
158
181
163
206
111
117
56
88
88
63
153
192
257
254
280
245
236
316
301
288
286
287
289
292
333
286
337
331
330
363
355
247
350
340
357
340
386
408
271
387
351
276
349
355
380
412
375
340
368
307
373
337
372
354
364
356
341
273
379
371
256
311
175
317
316
293
223
278
273
207
277
196
273
236
220
261
280
296
306
307
360
346
344
371
240
360
377
348
271
337
350
328
356
321
290
268
304
331
242
295
268
288
247
203
224
291
286
270
253
258
344
306
174
315
338
311
335
279
275
183
269
274
234
256
315
301
369
322
297
365
330
277
265
331
336
323
353
326
318
360
296
289
331
368
314
268
329
354
480
323
345
352
275
319
296
292
317
315
334
322
295
252
249
291
378
247
277
274
295
329
282
272
214
222
334
324
194
306
221
77
209
213
189
209
144
104
111
144
162
75
215
128
110
168
215
82
129
65
56
68
91
56
147
80
191
141
91
61
76
68
55
115
40
85
74
135
95
87
97
97
70
92
118
64
73
85
37
88
64
65
68
38
71
73
43
71
44
41
109
50
65
46
71
47
26
38
141
167
171
189
205
271
329
179
223
181
206
171
139
145
151
160
69
77
56
35
222
67
15
26
150
103
142
176
157
16
269
192
97
114
144
113
100
111
57
71
68
82
153
212
158
148
100
79
127
177
131
116
82
68
65
209
203
171
185
146
128
126
184
130
96
76
109
117
143
91
77
76
56
71
50
82
74
82
49
79
66
73
62
43
32
38
29
48
131
56
29
62
32
65
53
45
47
102
76
151
100
47
237
206
220
113
56
134
38
38
53
97
236
239
238
119
116
178
133
138
117
92
118
103
64
112
101
81
120
158
256
202
250
292
259
308
296
318
331
331
346
309
131
230
311
364
291
321
375
405
280
255
258
288
273
290
302
363
319
169
175
147
193
154
156
165
163
229
263
160
197
139
182
211
168
159
236
222
170
118
134
170
184
157
192
198
198
202
158
219
234
239
197
245
218
258
268
211
282
268
276
304
232
241
275
308
315
351
358
332
210
203
248
286
293
244
310
346
315
233
250
324
308
298
296
273
242
214
218
351
283
325
228
286
304
304
319
401
248
275
345
290
303
318
366
311
246
241
104
313
255
282
283
242
268
310
233
252
248
194
126
112
88
195
279
281
321
229
310
311
234
378
231
241
241
301
367
293
345
307
310
320
324
299
175
289
334
242
330
239
334
344
324
349
299
340
316
354
354
314
281
2
259
472
400
59
85
148
168
270
248
360
322
320
369
384
397
276
209
225
198
110
68
121
61
59
70
129
151
121
98
79
148
227
146
53
41
38
26
96
103
188
248
179
150
104
102
138
167
133
132
122
88
163
133
85
115
115
128
115
65
65
113
177
164
67
123
208
243
222
211
209
220
178
191
185
197
220
175
88
41
200
270
204
209
252
213
137
226
294
229
328
289
144
234
319
252
269
271
325
289
345
422
346
214
206
193
288
303
226
153
113
212
179
169
122
283
332
278
291
293
224
214
341
256
294
255
294
190
188
222
234
157
169
153
121
192
219
209
225
149
225
228
233
273
274
243
172
104
82
230
252
253
265
265
307
296
215
237
178
222
162
119
229
262
234
156
181
124
77
91
149
187
202
214
173
220
244
248
268
240
247
247
233
144
235
238
246
237
239
167
270
264
235
274
286
303
300
324
316
310
285
237
159
102
148
141
112
160
122
95
134
72
231
209
183
106
78
218
306
292
237
313
390
298
387
287
310
283
222
212
284
271
241
295
418
313
284
283
289
269
278
321
228
246
198
211
172
107
298
285
266
268
242
190
244
296
265
192
94
35
26
262
321
299
253
368
371
295
240
240
233
176
158
138
136
173
268
192
237
274
199
325
264
314
286
278
264
213
171
86
100
134
103
6
159
148
147
140
341
364
370
350
394
379
317
461
343
251
202
15
23
171
128
164
117
211
293
351
394
418
339
438
363
324
299
353
319
362
313
343
372
349
296
314
193
89
59
205
326
370
389
300
244
225
225
182
146
135
151
158
152
166
106
76
87
109
141
150
101
100
34
318
352
306
292
295
214
248
308
322
155
214
239
215
142
113
132
65
65
55
156
125
84
104
112
78
75
73
48
62
61
91
62
62
49
65
48
71
29
29
32
22
79
50
35
23
20
12
23
19
20
9
9
76
19
62
47
39
59
50
28
32
6
97
17
20
31
118
79
57
85
82
94
50
38
41
26
34
44
56
41
76
61
134
199
162
145
166
132
70
99
173
194
91
57
62
40
56
62
117
145
176
169
320
258
207
252
285
399
414
426
327
307
278
238
288
237
308
271
319
402
424
363
394
346
309
332
322
300
261
279
295
290
307
274
417
352
302
342
402
400
343
380
350
363
337
303
376
312
238
268
304
301
255
261
266
278
308
276
361
307
348
220
358
231
277
327
337
386
362
383
358
437
394
348
147
89
76
104
280
361
348
313
329
275
282
308
285
307
345
339
215
296
263
275
374
412
314
313
294
259
274
198
317
274
277
161
124
97
67
56
53
92
184
279
297
222
329
271
214
228
319
342
327
218
297
226
287
259
280
122
152
117
197
202
224
185
140
109
26
76
117
148
261
301
293
304
289
390
387
322
244
245
259
285
244
359
256
319
249
200
270
252
226
256
237
227
266
279
221
146
190
173
120
159
243
237
158
181
163
206
111
117
56
88
88
63
153
192
257
254
280
245
236
316
301
288
286
287
289
292
333
286
337
331
330
363
355
247
350
340
357
340
386
408
271
387
351
276
349
355
380
412
375
340
368
307
373
337
372
354
364
356
341
273
379
371
256
311
175
317
316
293
223
278
273
207
277
196
273
236
220
261
280
296
306
307
360
346
344
371
240
360
377
348
271
337
350
328
356
321
290
268
304
331
242
295
268
288
247
203
224
291
286
270
253
258
344
306
174
315
338
311
335
279
275
183
269
274
234
256
315
301
369
322
297
365
330
277
265
331
336
323
353
326
318
360
296
289
331
368
314
268
329
354
480
323
345
352
275
319
296
292
317
315
334
322
295
252
249
291
378
247
277
274
295
329
282
272
214
222
334
324
194
306
221
77
209
213
189
209
144
104
111
144
162
75
215
128
110
168
215
82
129
65
56
68
91
56
147
80
191
141
91
61
76
68
55
115
40
85
74
135
95
87
97
97
70
92
118
64
73
85
37
88
64
65
68
38
71
73
43
71
44
41
109
50
65
46
71
47
26
38
141
167
171
189
205
271
329
179
223
181
206
171
139
145
151
160
69
77
56
35
222
67
15
26
150
103
142
176
157
16
269
192
97
114
144
113
100
111
57
71
68
82
153
212
158
148
100
79
127
177
131
116
82
68
65
209
203
171
185
146
128
126
184
130
96
76
109
117
143
91
77
76
56
71
50
82
74
82
49
79
66
73
62
43
32
38
29
48
131
56
29
62
32
65
53
45
47
102
76
151
100
47
237
206
220
113
56
134
38
38
53
97
236
239
238
119
116
178
133
138
117
92
118
103
64
112
101
81
120
158
256
202
250
292
259
308
296
318
331
331
346
309
131
230
311
364
291
321
375
405
280
255
258
288
273
290
302
363
319
169
175
147
193
154
156
165
163
229
263
160
197
139
182
211
168
159
236
222
170
118
134
170
184
157
192
198
198
202
158
219
234
239
197
245
218
258
268
211
282
268
276
304
232
241
275
308
315
351
358
332
210
203
248
286
293
244
310
346
315
233
250
324
308
298
296
273
242
214
218
351
283
325
228
286
304
304
319
401
248
275
345
290
303
318
366
311
246
241
104
313
255
282
283
242
268
310
233
252
248
194
126
112
88
195
279
281
321
229
310
311
234
378
231
241
241
301
367
293
345
307
310
320
324
299
175
289
334
242
330
239
334
344
324
349
299
340
316
354
354
314
281
