1891
1260
1083
863
976
1226
1329
1182
1009
862
822
727
821
786
1015
962
581
1182
894
897
1132
1211
1112
1123
1219
1730
883
659
757
1018
907
807
941
863
716
889
1141
1589
1640
1313
748
1278
1390
1068
734
847
1156
1250
1316
1094
1235
1140
1035
721
863
1102
1041
1379
1558
1033
1235
1181
1656
1660
1598
1543
1258
1416
1008
1314
1338
1252
1313
762
958
769
1129
727
653
1011
1038
1384
1061
1073
1082
783
1117
1123
1035
771
584
854
895
935
941
918
1112
945
791
1061
1074
1275
1273
763
634
1269
1058
1284
1027
941
1272
982
885
681
543
704
754
630
842
830
832
907
801
853
596
932
722
596
422
508
514
466
414
719
839
982
1050
697
452
571
548
405
788
866
999
929
607
610
747
613
363
331
364
461
565
514
372
232
297
199
810
481
481
414
431
156
165
282
232
258
282
249
237
314
297
348
231
381
297
149
199
190
348
232
417
763
561
624
481
264
314
165
182
132
82
56
99
215
149
132
99
65
52
99
82
82
132
82
115
165
272
249
215
123
215
165
65
401
149
132
49
709
381
143
99
65
82
82
115
132
170
888
992
1759
1369
876
892
722
467
490
841
649
697
683
777
771
680
508
788
926
1020
1373
1181
1507
1724
1722
1505
1228
1645
1800
1448
1366
1387
1375
1266
1270
1083
558
731
1232
1816
1285
1044
1241
1179
480
797
649
830
426
565
818
1528
995
1352
970
1190
1061
1360
2009
1901
1703
1566
1266
1812
1606
874
297
405
398
340
364
275
1176
1405
1332
1156
921
1052
1211
1094
1053
933
1413
1671
1739
1114
1401
1634
2009
1792
2302
1668
2543
2143
2003
1917
1370
1625
1798
1926
1909
1863
1819
1785
1942
1747
1505
1739
1396
1615
1480
1671
1686
926
1363
1640
1159
1249
1490
1206
1311
1014
1009
880
716
496
780
592
813
741
1549
1355
1304
1288
1470
2091
1056
613
560
797
370
448
326
314
414
385
297
249
182
80
581
1014
615
845
643
565
267
692
1502
1422
1477
1518
1684
1678
1710
1830
2040
1595
2002
1715
1340
1373
738
797
1596
1565
1540
1470
1305
1094
1307
1290
1496
1363
1216
1083
2043
1498
1627
1771
1901
1566
2152
1748
2299
973
1420
1275
2002
1882
1546
2240
1568
1615
1443
1543
1637
1763
2097
1918
1792
1838
1728
1457
1750
2015
1599
1396
1756
1689
1563
1522
1659
2389
1615
1030
1457
1812
1097
1126
1255
906
1801
2220
1774
765
1282
803
1023
534
1129
809
1319
877
1408
1020
1501
1294
1193
1384
1282
1413
1341
1214
545
853
847
621
1343
1392
1451
1809
1739
1768
1733
1446
1739
1657
1552
1422
1511
1521
1549
1505
1407
1575
1622
1461
1622
1631
1473
1583
1513
1499
1684
1769
1237
1692
1715
1278
1847
1170
1863
1929
1610
1675
1625
1779
1112
1918
1847
1671
927
1378
1428
1727
1738
1745
1231
819
1501
334
431
656
771
935
970
1036
1091
1219
1326
235
1859
3059
1857
2247
2064
2125
2548
2275
2466
2481
2117
1675
2419
1763
2551
2572
1112
2325
1926
2194
2595
2205
2153
2281
2316
2545
2275
2574
2716
2044
2956
2408
2868
2137
2044
1956
2794
2659
2772
1270
2384
2087
2376
2102
2457
2882
2548
1525
1917
2508
2213
1735
2419
1897
2630
3011
2067
2099
2735
2587
2381
2704
2105
2234
2460
2229
2430
2021
1912
1606
2316
1766
1050
341
1319
1140
1159
1345
1612
1750
1569
1413
1217
1202
1586
2062
1627
1999
2323
2328
2079
2006
2103
2162
1601
2005
1921
1712
1804
1936
1716
1766
1753
199
534
531
736
826
1376
2342
1756
2241
2257
1903
2250
2162
2129
1965
1989
1722
2005
2354
2593
1904
2094
1989
2185
2106
2213
1697
1982
1970
2213
2319
2722
1914
1656
1646
1622
1467
1833
1642
1411
1445
1622
1757
1845
2117
1105
1763
1555
2071
1642
2492
1986
1510
1833
1824
1983
2190
1826
2178
1710
1686
2064
1674
1475
1662
1083
747
601
1351
1704
1357
1055
1525
995
1307
953
581
1681
331
839
1360
1495
1724
1689
1578
1756
1340
1686
2460
2668
2314
1030
548
769
886
1096
473
748
1580
1892
1841
1791
1775
2041
2164
2250
2121
1706
1181
1885
2038
2099
2243
1642
1780
1692
1584
1437
1774
2043
1724
2120
2017
1299
845
868
1170
1149
1134
706
742
948
1252
1083
727
165
704
772
709
1654
1395
1542
1675
1819
1470
1099
880
788
1008
1156
1317
1555
1249
1076
199
707
282
27
920
464
229
1562
1549
1933
1824
1492
1225
1387
1278
1067
785
481
637
771
604
640
1141
1337
1706
1451
1502
1445
1558
1273
1355
1124
1460
1074
1656
2376
1829
2486
1965
2647
2317
2442
2423
2483
2357
2310
1372
2349
2026
2665
2428
2408
2091
2431
2687
1653
1769
2314
2264
2281
2630
2908
3049
2493
1442
1498
1442
1575
1862
2106
2508
2067
2983
2150
2519
2508
2660
2379
2147
2311
2387
2398
2304
2543
1690
2376
2055
2296
1458
1504
1120
1153
1032
1472
1628
1531
1372
1525
1229
1615
1302
1530
1360
1543
1757
1565
1596
1405
1337
1540
1829
1845
2062
2416
2328
2036
2587
2331
2044
2352
2281
1891
2425
2046
2244
2833
2650
1989
1440
1662
1701
2040
2431
2398
1986
1791
1804
1562
1349
1404
1672
1173
1348
1452
1753
1055
1041
686
511
414
290
249
282
398
698
630
683
507
565
426
464
414
355
414
381
763
290
297
249
581
630
880
266
436
760
897
1024
1038
713
728
941
1071
1153
1193
1023
1219
1017
1288
1082
806
1178
1208
1039
962
1217
932
962
762
448
539
566
463
695
964
1560
1287
1212
904
1149
942
788
589
581
235
331
297
297
414
316
481
244
1291
631
199
722
750
651
753
1129
1002
868
794
997
782
930
1073
892
841
671
835
788
1009
967
762
959
1258
1211
1595
1495
1431
1291
1038
1317
1255
1361
1645
1411
1269
1612
1272
1335
1296
1684
1586
1366
1370
1349
1508
1563
1829
1091
2663
2030
2628
1158
1628
1099
1684
1625
1006
1173
819
1132
1052
997
874
988
988
1005
1052
1555
2474
1806
2568
2099
1694
1085
845
1484
1287
1281
1381
1216
1660
1499
1445
1782
1552
1357
1578
1637
1436
1263
1352
1577
1630
1528
1366
1419
1074
1860
1728
1789
1091
1276
2118
1757
1733
1806
1735
1346
1912
1692
1200
1495
1747
1533
1662
1514
1563
2021
1442
1203
1322
1179
326
498
578
469
364
188
680
255
381
329
498
284
232
82
82
168
548
340
282
348
369
531
490
596
745
865
880
549
1124
1504
1222
1144
1135
565
637
939
558
656
697
578
222
498
231
431
947
1050
932
1126
936
1355
1150
1146
1229
1082
686
413
863
927
464
448
466
398
1355
1367
1546
2112
1433
1856
1498
1173
1592
1797
2017
1525
1622
1615
1068
1442
1504
1196
1017
1687
1481
2097
1777
1578
1511
1056
1250
1602
1637
1504
962
1099
1152
1392
1514
1551
1821
1499
1044
1659
1683
1452
795
1012
1294
1214
1596
1426
1228
1337
1083
1420
1499
1299
1530
1243
1891
1260
1083
863
976
1226
1329
1182
1009
862
822
727
821
786
1015
962
581
1182
894
897
1132
1211
1112
1123
1219
1730
883
659
757
1018
907
807
941
863
716
889
1141
1589
1640
1313
748
1278
1390
1068
734
847
1156
1250
1316
1094
1235
1140
1035
721
863
1102
1041
1379
1558
1033
1235
1181
1656
1660
1598
1543
1258
1416
1008
1314
1338
1252
1313
762
958
769
1129
727
653
1011
1038
1384
1061
1073
1082
783
1117
1123
1035
771
584
854
895
935
941
918
1112
945
791
1061
1074
1275
1273
763
634
1269
1058
1284
1027
941
1272
982
885
681
543
704
754
630
842
830
832
907
801
853
596
932
722
596
422
508
514
466
414
719
839
982
1050
697
452
571
548
405
788
866
999
929
607
610
747
613
363
331
364
461
565
514
372
232
297
199
810
481
481
414
431
156
165
282
232
258
282
249
237
314
297
348
231
381
297
149
199
190
348
232
417
763
561
624
481
264
314
165
182
132
82
56
99
215
149
132
99
65
52
99
82
82
132
82
115
165
272
249
215
123
215
165
65
401
149
132
49
709
381
143
99
65
82
82
115
132
170
888
992
1759
1369
876
892
722
467
490
841
649
697
683
777
771
680
508
788
926
1020
1373
1181
1507
1724
1722
1505
1228
1645
1800
1448
1366
1387
1375
1266
1270
1083
558
731
1232
1816
1285
1044
1241
1179
480
797
649
830
426
565
818
1528
995
1352
970
1190
1061
1360
2009
1901
1703
1566
1266
1812
1606
874
297
405
398
340
364
275
1176
1405
1332
1156
921
1052
1211
1094
1053
933
1413
1671
1739
1114
1401
1634
2009
1792
2302
1668
2543
2143
2003
1917
1370
1625
1798
1926
1909
1863
1819
1785
1942
1747
1505
1739
1396
1615
1480
1671
1686
926
1363
1640
1159
1249
1490
1206
1311
1014
1009
880
716
496
780
592
813
741
1549
1355
1304
1288
1470
2091
1056
613
560
797
370
448
326
314
414
385
297
249
182
80
581
1014
615
845
643
565
267
692
1502
1422
1477
1518
1684
1678
1710
1830
2040
1595
2002
1715
1340
1373
738
797
1596
1565
1540
1470
1305
1094
1307
1290
1496
1363
1216
1083
2043
1498
1627
1771
1901
1566
2152
1748
2299
973
1420
1275
2002
1882
1546
2240
1568
1615
1443
1543
1637
1763
2097
1918
1792
1838
1728
1457
1750
2015
1599
1396
1756
1689
1563
1522
1659
2389
1615
1030
1457
1812
1097
1126
1255
906
1801
2220
1774
765
1282
803
1023
534
1129
809
1319
877
1408
1020
1501
1294
1193
1384
1282
1413
1341
1214
545
853
847
621
1343
1392
1451
1809
1739
1768
1733
1446
1739
1657
1552
1422
1511
1521
1549
1505
1407
1575
1622
1461
1622
1631
1473
1583
1513
1499
1684
1769
1237
1692
1715
1278
1847
1170
1863
1929
1610
1675
1625
1779
1112
1918
1847
1671
927
1378
1428
1727
1738
1745
1231
819
1501
334
431
656
771
935
970
1036
1091
1219
1326
235
1859
3059
1857
2247
2064
2125
2548
2275
2466
2481
2117
1675
2419
1763
2551
2572
1112
2325
1926
2194
2595
2205
2153
2281
2316
2545
2275
2574
2716
2044
2956
2408
2868
2137
2044
1956
2794
2659
2772
1270
2384
2087
2376
2102
2457
2882
2548
1525
1917
2508
2213
1735
2419
1897
2630
3011
2067
2099
2735
2587
2381
2704
2105
2234
2460
2229
2430
2021
1912
1606
2316
1766
1050
341
1319
1140
1159
1345
1612
1750
1569
1413
1217
1202
1586
2062
1627
1999
2323
2328
2079
2006
2103
2162
1601
2005
1921
1712
1804
1936
1716
1766
1753
199
534
531
736
826
1376
2342
1756
2241
2257
1903
2250
2162
2129
1965
1989
1722
2005
2354
2593
1904
2094
1989
2185
2106
2213
1697
1982
1970
2213
2319
2722
1914
1656
1646
1622
1467
1833
1642
1411
1445
1622
1757
1845
2117
1105
1763
1555
2071
1642
2492
1986
1510
1833
1824
1983
2190
1826
2178
1710
1686
2064
1674
1475
1662
1083
747
601
1351
1704
1357
1055
1525
995
1307
953
581
1681
331
839
1360
1495
1724
1689
1578
1756
1340
1686
2460
2668
2314
1030
548
769
886
1096
473
748
1580
1892
1841
1791
1775
2041
2164
2250
2121
1706
1181
1885
2038
2099
2243
1642
1780
1692
1584
1437
1774
2043
1724
2120
2017
1299
845
868
1170
1149
1134
706
742
948
1252
1083
727
165
704
772
709
1654
1395
1542
1675
1819
1470
1099
880
788
1008
1156
1317
1555
1249
1076
199
707
282
27
920
464
229
1562
1549
1933
1824
1492
1225
1387
1278
1067
785
481
637
771
604
640
1141
1337
1706
1451
1502
1445
1558
1273
1355
1124
1460
1074
1656
2376
1829
2486
1965
2647
2317
2442
2423
2483
2357
2310
1372
2349
2026
2665
2428
2408
2091
2431
2687
1653
1769
2314
2264
2281
2630
2908
3049
2493
1442
1498
1442
1575
1862
2106
2508
2067
2983
2150
2519
2508
2660
2379
2147
2311
2387
2398
2304
2543
1690
2376
2055
2296
1458
1504
1120
1153
1032
1472
1628
1531
1372
1525
1229
1615
1302
1530
1360
1543
1757
1565
1596
1405
1337
1540
1829
1845
2062
2416
2328
2036
2587
2331
2044
2352
2281
1891
2425
2046
2244
2833
2650
1989
1440
1662
1701
2040
2431
2398
1986
1791
1804
1562
1349
1404
1672
1173
1348
1452
1753
1055
1041
686
511
414
290
249
282
398
698
630
683
507
565
426
464
414
355
414
381
763
290
297
249
581
630
880
266
436
760
897
1024
1038
713
728
941
1071
1153
1193
1023
1219
1017
1288
1082
806
1178
1208
1039
962
1217
932
962
762
448
539
566
463
695
964
1560
1287
1212
904
1149
942
788
589
581
235
331
297
297
414
316
481
244
1291
631
199
722
750
651
753
1129
1002
868
794
997
782
930
1073
892
841
671
835
788
1009
967
762
959
1258
1211
1595
1495
1431
1291
1038
1317
1255
1361
1645
1411
1269
1612
1272
1335
1296
1684
1586
1366
1370
1349
1508
1563
1829
1091
2663
2030
2628
1158
1628
1099
1684
1625
1006
1173
819
1132
1052
997
874
988
988
1005
1052
1555
2474
1806
2568
2099
1694
1085
845
1484
1287
1281
1381
1216
1660
1499
1445
1782
1552
1357
1578
1637
1436
1263
1352
1577
1630
1528
1366
1419
1074
1860
1728
1789
1091
1276
2118
1757
1733
1806
1735
1346
1912
1692
1200
1495
1747
1533
1662
1514
1563
2021
1442
1203
1322
1179
326
498
578
469
364
188
680
255
381
329
498
284
232
82
82
168
548
340
282
348
369
531
490
596
745
865
880
549
1124
1504
1222
1144
1135
565
637
939
558
656
697
578
222
498
231
431
947
1050
932
1126
936
1355
1150
1146
1229
1082
686
413
863
927
464
448
466
398
1355
1367
1546
2112
1433
1856
1498
1173
1592
1797
2017
1525
1622
1615
1068
1442
1504
1196
1017
1687
1481
2097
1777
1578
1511
1056
1250
1602
1637
1504
962
1099
1152
1392
1514
1551
1821
1499
1044
1659
1683
1452
795
1012
1294
1214
1596
1426
1228
1337
1083
1420
1499
1299
1530
1243
1891
1260
1083
863
976
1226
1329
1182
1009
862
822
727
821
786
1015
962
581
1182
894
897
1132
1211
1112
1123
1219
1730
883
659
757
1018
907
807
941
863
716
889
1141
1589
1640
1313
748
1278
1390
1068
734
847
1156
1250
1316
1094
1235
1140
1035
721
863
1102
1041
1379
1558
1033
1235
1181
1656
1660
1598
1543
1258
1416
1008
1314
1338
1252
1313
762
958
769
1129
727
653
1011
1038
1384
1061
1073
1082
783
1117
1123
1035
771
584
854
895
935
941
918
1112
945
791
1061
1074
1275
1273
763
634
1269
1058
1284
1027
941
1272
982
885
681
543
704
754
630
842
830
832
907
801
853
596
932
722
596
422
508
514
466
414
719
839
982
1050
697
452
571
548
405
788
866
999
929
607
610
747
613
363
331
364
461
565
514
372
232
297
199
810
481
481
414
431
156
165
282
232
258
282
249
237
314
297
348
231
381
297
149
199
190
348
232
417
763
561
624
481
264
314
165
182
132
82
56
99
215
149
132
99
65
52
99
82
82
132
82
115
165
272
249
215
123
215
165
65
401
149
132
49
709
381
143
99
65
82
82
115
132
170
888
992
1759
1369
876
892
722
467
490
841
649
697
683
777
771
680
508
788
926
1020
1373
1181
1507
1724
1722
1505
1228
1645
1800
1448
1366
1387
1375
1266
1270
1083
558
731
1232
1816
1285
1044
1241
1179
480
797
649
830
426
565
818
1528
995
1352
970
1190
1061
1360
2009
1901
1703
1566
1266
1812
1606
874
297
405
398
340
364
275
1176
1405
1332
1156
921
1052
1211
1094
1053
933
1413
1671
1739
1114
1401
1634
2009
1792
2302
1668
2543
2143
2003
1917
1370
1625
1798
1926
1909
1863
1819
1785
1942
1747
1505
1739
1396
1615
1480
1671
1686
926
1363
1640
1159
1249
1490
1206
1311
1014
1009
880
716
496
780
592
813
741
1549
1355
1304
1288
1470
2091
1056
613
560
797
370
448
326
314
414
385
297
249
182
80
581
1014
615
845
643
565
267
692
1502
1422
1477
1518
1684
1678
1710
1830
2040
1595
2002
1715
1340
1373
738
797
1596
1565
1540
1470
1305
1094
1307
1290
1496
1363
1216
1083
2043
1498
1627
1771
1901
1566
2152
1748
2299
973
1420
1275
2002
1882
1546
2240
1568
1615
1443
1543
1637
1763
2097
1918
1792
1838
1728
1457
1750
2015
1599
1396
1756
1689
1563
1522
1659
2389
1615
1030
1457
1812
1097
1126
1255
906
1801
2220
1774
765
1282
803
1023
534
1129
809
1319
877
1408
1020
1501
1294
1193
1384
1282
1413
1341
1214
545
853
847
621
1343
1392
1451
1809
1739
1768
1733
1446
1739
1657
1552
1422
1511
1521
1549
1505
1407
1575
1622
1461
1622
1631
1473
1583
1513
1499
1684
1769
1237
1692
1715
1278
1847
1170
1863
1929
1610
1675
1625
1779
1112
1918
1847
1671
927
1378
1428
1727
1738
1745
1231
819
1501
334
431
656
771
935
970
1036
1091
1219
1326
235
