1290
932
181
580
838
833
742
972
617
655
675
582
793
642
595
675
548
695
557
695
424
588
675
610
678
804
918
1092
1192
1134
1125
1030
1092
1050
1110
1156
1190
1246
238
1769
1163
1107
1221
1223
1331
1177
1226
1228
1199
1377
1205
867
863
985
1049
575
138
285
535
470
753
976
1125
787
493
488
575
615
771
865
495
424
655
381
317
278
198
172
278
711
1273
1021
1065
809
1070
798
831
878
885
1029
1453
800
1110
724
887
379
695
606
591
595
461
555
512
604
706
791
847
965
873
733
793
798
905
1161
1159
1183
1188
1065
996
475
1489
1988
2021
1749
669
747
733
664
869
1700
1489
1585
2070
1108
495
238
1145
1685
1139
1319
1622
1341
1107
1239
2088
1852
3182
2803
2110
2128
2170
2099
2057
2159
1016
495
506
756
1103
1295
1266
1121
354
1206
1105
853
892
584
744
773
564
695
562
651
892
577
566
804
773
328
415
446
733
610
610
495
278
22
54
1651
2228
2030
1783
1959
1596
2168
2373
2014
1640
1644
1901
2206
1954
2021
2235
1812
1847
2010
1926
1890
1712
1848
1214
798
932
1199
880
845
1032
615
526
575
455
268
1032
557
515
461
475
580
675
464
475
473
354
158
435
310
297
617
297
564
655
310
415
238
241
78
793
268
595
397
695
731
1183
1134
853
856
1390
1068
1034
1123
1371
1203
1232
376
688
695
365
138
484
856
713
611
1524
1493
976
1322
1279
1186
1270
907
546
475
314
395
512
635
430
798
960
1101
1273
1442
2356
2342
2393
1847
929
1868
1566
1497
2084
2561
2206
1177
1569
865
1330
481
800
813
1083
1667
1732
2021
2471
2311
1928
1426
2008
1896
1963
1975
2121
2971
2913
2672
3042
2619
1498
2362
2536
2469
2690
2587
2623
3194
3098
2970
3198
3202
3425
2790
3445
3033
2906
2866
2630
2752
2895
1818
2271
2215
2108
2411
2302
2502
2347
2962
2843
2737
3214
2443
2467
2492
2979
2886
2317
2199
1718
2734
2514
2648
1825
2233
2222
2736
2240
2770
2554
2585
2970
3115
3566
2006
2585
3086
3421
3044
3508
2995
2619
2623
3165
2560
3349
2837
2892
2578
1770
2915
3331
2658
2723
2551
2119
2471
2799
2873
2886
2242
2070
2625
2855
2933
3069
2150
1722
2084
1763
1468
2195
2335
1794
1397
1756
2131
1776
1433
1957
2614
1832
2150
2687
2895
2414
2632
2269
2841
3180
3022
2208
2676
2375
2427
2540
2725
2260
2405
1977
2244
2304
2520
1954
1899
2219
2237
2277
2621
1663
1663
1439
1640
1780
1266
1117
1027
1691
854
1003
733
238
103
495
646
971
952
216
916
1092
2191
1785
1420
1348
1119
1179
932
568
588
356
882
909
1000
1050
1152
845
1228
1326
1417
1500
1117
1370
1351
1413
1297
1230
1328
1090
238
954
1210
954
862
1079
1250
882
669
1018
853
1130
943
1056
1076
1123
1279
1239
1302
1281
1462
1059
1551
1304
1473
1473
1070
1569
1268
1364
1132
949
1263
1558
1455
1956
1738
1805
1486
1743
1790
1480
1103
1540
1567
1469
1061
1368
1408
1136
1575
1157
1417
1237
1328
1299
1654
1177
486
1507
951
1112
1130
1183
666
1025
1259
1230
1284
1253
992
1248
1420
1058
1409
902
1166
1112
1108
1125
1134
1148
1235
1192
1081
758
1010
834
833
878
869
833
633
726
952
809
784
840
952
579
753
695
972
814
1032
952
932
658
793
595
733
410
635
655
392
495
490
1711
1526
2177
1050
1917
1264
677
1201
1883
1083
1370
1246
1348
1273
992
1763
1128
744
818
1112
1342
1000
1168
682
488
435
323
258
218
198
185
238
356
299
561
675
600
602
842
675
600
535
477
649
891
952
1212
865
1058
800
941
958
749
1025
954
1000
1205
1000
831
831
892
283
842
952
591
544
853
370
535
339
1660
1119
1114
1388
1861
1473
1781
1908
1420
1576
949
1145
1068
836
776
673
740
793
588
900
1061
1195
1399
673
1097
887
1038
1230
1460
1379
1214
1573
1598
1682
1611
1134
1477
1756
1134
1221
949
760
640
715
689
675
307
435
405
675
653
689
793
395
515
299
793
508
542
753
483
415
296
356
238
1036
883
764
925
854
555
682
753
428
559
733
501
475
297
356
383
475
317
305
395
218
87
278
395
484
481
753
539
1210
873
785
590
675
711
912
789
1616
1547
1029
733
435
258
307
218
825
435
521
475
733
891
684
793
599
615
769
646
1052
990
940
1154
1087
1134
1224
1361
934
707
689
2122
1616
2073
1832
1680
1114
1194
1475
1362
1179
575
392
873
624
649
675
1156
1183
1487
1446
1907
1536
1747
2086
2211
2209
2199
2081
2179
2619
1839
2019
2037
2235
2658
2763
2302
2099
1961
1874
2075
2121
2193
1582
1575
1123
1391
1333
1016
1246
960
753
688
889
1068
664
961
943
631
655
272
1428
1792
1393
1415
1992
1856
1422
1770
1313
1455
1480
1500
1431
1359
1634
1620
1647
1660
2148
1593
1569
2046
2004
1899
1734
1760
1399
1751
1395
1506
1569
1487
1671
1674
1892
1319
1941
1446
1420
1620
1622
1907
1930
1928
1858
2213
1593
1850
2063
1950
1903
1732
2206
2380
2619
1859
1549
2318
1547
805
1475
1243
1515
2010
1999
1767
2030
1328
1667
1662
1863
1544
1096
1587
996
711
1019
1616
1226
1237
1246
1513
1493
1344
1529
1310
1956
2242
1687
2039
1199
1487
1034
1551
1288
1642
1819
1141
1310
1025
994
764
1669
1819
1950
1865
1892
2046
1896
1939
1878
1549
1957
1761
2436
2220
1876
1524
1250
833
1273
1384
1531
834
1344
1317
1177
785
1393
1268
1377
1341
1228
1165
1293
1879
1722
2073
2170
2369
2119
2151
2130
2251
1867
2416
2244
2335
2376
2360
2975
258
114
657
952
2525
3392
1694
1408
2491
1620
1769
1446
2567
1879
2757
2429
1404
1560
1331
1477
1660
1112
749
987
1045
1056
1000
952
722
717
635
417
455
327
455
356
495
1738
2050
1963
2168
2199
1847
1879
1988
1214
1856
1050
1058
838
887
807
1246
1114
1366
655
604
435
370
1110
1070
1146
1517
1429
635
733
1212
753
448
278
118
415
782
1662
2095
1312
1963
1161
1239
1362
1841
1663
1440
1616
1756
1321
753
1261
1738
1540
1487
1157
1489
2190
1946
1188
713
517
1636
1858
1703
1328
1671
1315
1270
1127
1116
922
787
439
258
443
575
435
395
575
595
530
575
395
421
720
833
550
604
994
1205
1012
940
1050
789
515
586
495
421
773
932
1000
1266
1070
673
753
495
675
512
813
1072
744
833
571
695
628
555
628
762
1729
1045
1056
1041
1190
1290
1293
954
1493
1455
1005
804
1090
923
818
1264
1526
1567
1219
1317
1018
753
535
368
198
297
724
1085
1417
1174
1058
749
1633
1059
1515
1068
1743
2068
1317
1629
1478
1243
381
767
1736
2073
2623
1832
1850
1685
1800
1627
1691
2200
1634
1908
2179
2099
2396
2567
2462
1926
2496
1769
2302
2442
1821
2164
2063
2286
2097
2282
2293
1966
1848
1700
1676
998
1536
1433
1763
1397
1647
1631
1097
1317
1186
840
969
796
849
882
1230
718
1117
1161
1030
424
555
1404
1056
1716
1685
1598
1772
1965
2614
1983
1910
2233
1827
1295
1553
851
1203
1168
773
1210
1121
1339
1172
833
1442
1346
1422
1437
1342
1195
1491
1156
1607
1605
1673
1807
1640
1337
1722
1366
1569
1634
1751
1090
1682
1431
1353
695
657
1208
1145
1061
894
971
1322
695
731
1355
1404
1208
882
1618
1114
1050
1257
1288
1342
1395
1114
929
1263
1439
1253
990
1308
1119
1252
1036
853
829
1007
1136
869
927
16
1237
1424
495
317
345
455
635
330
317
753
731
513
472
535
493
455
317
337
287
238
395
444
1582
1290
932
181
580
838
833
742
972
617
655
675
582
793
642
595
675
548
695
557
695
424
588
675
610
678
804
918
1092
1192
1134
1125
1030
1092
1050
1110
1156
1190
1246
238
1769
1163
1107
1221
1223
1331
1177
1226
1228
1199
1377
1205
867
863
985
1049
575
138
285
535
470
753
976
1125
787
493
488
575
615
771
865
495
424
655
381
317
278
198
172
278
711
1273
1021
1065
809
1070
798
831
878
885
1029
1453
800
1110
724
887
379
695
606
591
595
461
555
512
604
706
791
847
965
873
733
793
798
905
1161
1159
1183
1188
1065
996
475
1489
1988
2021
1749
669
747
733
664
869
1700
1489
1585
2070
1108
495
238
1145
1685
1139
1319
1622
1341
1107
1239
2088
1852
3182
2803
2110
2128
2170
2099
2057
2159
1016
495
506
756
1103
1295
1266
1121
354
1206
1105
853
892
584
744
773
564
695
562
651
892
577
566
804
773
328
415
446
733
610
610
495
278
22
54
1651
2228
2030
1783
1959
1596
2168
2373
2014
1640
1644
1901
2206
1954
2021
2235
1812
1847
2010
1926
1890
1712
1848
1214
798
932
1199
880
845
1032
615
526
575
455
268
1032
557
515
461
475
580
675
464
475
473
354
158
435
310
297
617
297
564
655
310
415
238
241
78
793
268
595
397
695
731
1183
1134
853
856
1390
1068
1034
1123
1371
1203
1232
376
688
695
365
138
484
856
713
611
1524
1493
976
1322
1279
1186
1270
907
546
475
314
395
512
635
430
798
960
1101
1273
1442
2356
2342
2393
1847
929
1868
1566
1497
2084
2561
2206
1177
1569
865
1330
481
800
813
1083
1667
1732
2021
2471
2311
1928
1426
2008
1896
1963
1975
2121
2971
2913
2672
3042
2619
1498
2362
2536
2469
2690
2587
2623
3194
3098
2970
3198
3202
3425
2790
3445
3033
2906
2866
2630
2752
2895
1818
2271
2215
2108
2411
2302
2502
2347
2962
2843
2737
3214
2443
2467
2492
2979
2886
2317
2199
1718
2734
2514
2648
1825
2233
2222
2736
2240
2770
2554
2585
2970
3115
3566
2006
2585
3086
3421
3044
3508
2995
2619
2623
3165
2560
3349
2837
2892
2578
1770
2915
3331
2658
2723
2551
2119
2471
2799
2873
2886
2242
2070
2625
2855
2933
3069
2150
1722
2084
1763
1468
2195
2335
1794
1397
1756
2131
1776
1433
1957
2614
1832
2150
2687
2895
2414
2632
2269
2841
3180
3022
2208
2676
2375
2427
2540
2725
2260
2405
1977
2244
2304
2520
1954
1899
2219
2237
2277
2621
1663
1663
1439
1640
1780
1266
1117
1027
1691
854
1003
733
238
103
495
646
971
952
216
916
1092
2191
1785
1420
1348
1119
1179
932
568
588
356
882
909
1000
1050
1152
845
1228
1326
1417
1500
1117
1370
1351
1413
1297
1230
1328
1090
238
954
1210
954
862
1079
1250
882
669
1018
853
1130
943
1056
1076
1123
1279
1239
1302
1281
1462
1059
1551
1304
1473
1473
1070
1569
1268
1364
1132
949
1263
1558
1455
1956
1738
1805
1486
1743
1790
1480
1103
1540
1567
1469
1061
1368
1408
1136
1575
1157
1417
1237
1328
1299
1654
1177
486
1507
951
1112
1130
1183
666
1025
1259
1230
1284
1253
992
1248
1420
1058
1409
902
1166
1112
1108
1125
1134
1148
1235
1192
1081
758
1010
834
833
878
869
833
633
726
952
809
784
840
952
579
753
695
972
814
1032
952
932
658
793
595
733
410
635
655
392
495
490
1711
1526
2177
1050
1917
1264
677
1201
1883
1083
1370
1246
1348
1273
992
1763
1128
744
818
1112
1342
1000
1168
682
488
435
323
258
218
198
185
238
356
299
561
675
600
602
842
675
600
535
477
649
891
952
1212
865
1058
800
941
958
749
1025
954
1000
1205
1000
831
831
892
283
842
952
591
544
853
370
535
339
1660
1119
1114
1388
1861
1473
1781
1908
1420
1576
949
1145
1068
836
776
673
740
793
588
900
1061
1195
1399
673
1097
887
1038
1230
1460
1379
1214
1573
1598
1682
1611
1134
1477
1756
1134
1221
949
760
640
715
689
675
307
435
405
675
653
689
793
395
515
299
793
508
542
753
483
415
296
356
238
1036
883
764
925
854
555
682
753
428
559
733
501
475
297
356
383
475
317
305
395
218
87
278
395
484
481
753
539
1210
873
785
590
675
711
912
789
1616
1547
1029
733
435
258
307
218
825
435
521
475
733
891
684
793
599
615
769
646
1052
990
940
1154
1087
1134
1224
1361
934
707
689
2122
1616
2073
1832
1680
1114
1194
1475
1362
1179
575
392
873
624
649
675
1156
1183
1487
1446
1907
1536
1747
2086
2211
2209
2199
2081
2179
2619
1839
2019
2037
2235
2658
2763
2302
2099
1961
1874
2075
2121
2193
1582
1575
1123
1391
1333
1016
1246
960
753
688
889
1068
664
961
943
631
655
272
1428
1792
1393
1415
1992
1856
1422
1770
1313
1455
1480
1500
1431
1359
1634
1620
1647
1660
2148
1593
1569
2046
2004
1899
1734
1760
1399
1751
1395
1506
1569
1487
1671
1674
1892
1319
1941
1446
1420
1620
1622
1907
1930
1928
1858
2213
1593
1850
2063
1950
1903
1732
2206
2380
2619
1859
1549
2318
1547
805
1475
1243
1515
2010
1999
1767
2030
1328
1667
1662
1863
1544
1096
1587
996
711
1019
1616
1226
1237
1246
1513
1493
1344
1529
1310
1956
2242
1687
2039
1199
1487
1034
1551
1288
1642
1819
1141
1310
1025
994
764
1669
1819
1950
1865
1892
2046
1896
1939
1878
1549
1957
1761
2436
2220
1876
1524
1250
833
1273
1384
1531
834
1344
1317
1177
785
1393
1268
1377
1341
1228
1165
1293
1879
1722
2073
2170
2369
2119
2151
2130
2251
1867
2416
2244
2335
2376
2360
2975
258
114
657
952
2525
3392
1694
1408
2491
1620
1769
1446
2567
1879
2757
2429
1404
1560
1331
1477
1660
1112
749
987
1045
1056
1000
952
722
717
635
417
455
327
455
356
495
1738
2050
1963
2168
2199
1847
1879
1988
1214
1856
1050
1058
838
887
807
1246
1114
1366
655
604
435
370
1110
1070
1146
1517
1429
635
733
1212
753
448
278
118
415
782
1662
2095
1312
1963
1161
1239
1362
1841
1663
1440
1616
1756
1321
753
1261
1738
1540
1487
1157
1489
2190
1946
1188
713
517
1636
1858
1703
1328
1671
1315
1270
1127
1116
922
787
439
258
443
575
435
395
575
595
530
575
395
421
720
833
550
604
994
1205
1012
940
1050
789
515
586
495
421
773
932
1000
1266
1070
673
753
495
675
512
813
1072
744
833
571
695
628
555
628
762
1729
1045
1056
1041
1190
1290
1293
954
1493
1455
1005
804
1090
923
818
1264
1526
1567
1219
1317
1018
753
535
368
198
297
724
1085
1417
1174
1058
749
1633
1059
1515
1068
1743
2068
1317
1629
1478
1243
381
767
1736
2073
2623
1832
1850
1685
1800
1627
1691
2200
1634
1908
2179
2099
2396
2567
2462
1926
2496
1769
2302
2442
1821
2164
2063
2286
2097
2282
2293
1966
1848
1700
1676
998
1536
1433
1763
1397
1647
1631
1097
1317
1186
840
969
796
849
882
1230
718
1117
1161
1030
424
555
1404
1056
1716
1685
1598
1772
1965
2614
1983
1910
2233
1827
1295
1553
851
1203
1168
773
1210
1121
1339
1172
833
1442
1346
1422
1437
1342
1195
1491
1156
1607
1605
1673
1807
1640
1337
1722
1366
1569
1634
1751
1090
1682
1431
1353
695
657
1208
1145
1061
894
971
1322
695
731
1355
1404
1208
882
1618
1114
1050
1257
1288
1342
1395
1114
929
1263
1439
1253
990
1308
1119
1252
1036
853
829
1007
1136
869
927
16
1237
1424
495
317
345
455
635
330
317
753
731
513
472
535
493
455
317
337
287
238
395
444
1582
1290
932
181
580
838
833
742
972
617
655
675
582
793
642
595
675
548
695
557
695
424
588
675
610
678
804
918
1092
1192
1134
1125
1030
1092
1050
1110
1156
1190
1246
238
1769
1163
1107
1221
1223
1331
1177
1226
1228
1199
1377
1205
867
863
985
1049
575
138
285
535
470
753
976
1125
787
493
488
575
615
771
865
495
424
655
381
317
278
198
172
278
711
1273
1021
1065
809
1070
798
831
878
885
1029
1453
800
1110
724
887
379
695
606
591
595
461
555
512
604
706
791
847
965
873
733
793
798
905
1161
1159
1183
1188
1065
996
475
1489
1988
2021
1749
669
747
733
664
869
1700
1489
1585
2070
1108
495
238
1145
1685
1139
1319
1622
1341
1107
1239
2088
1852
3182
2803
2110
2128
2170
2099
2057
2159
1016
495
506
756
1103
1295
1266
1121
354
1206
1105
853
892
584
744
773
564
695
562
651
892
577
566
804
773
328
415
446
733
610
610
495
278
22
54
1651
2228
2030
1783
1959
1596
2168
2373
2014
1640
1644
1901
2206
1954
2021
2235
1812
1847
2010
1926
1890
1712
1848
1214
798
932
1199
880
845
1032
615
526
575
455
268
1032
557
515
461
475
580
675
464
475
473
354
158
435
310
297
617
297
564
655
310
415
238
241
78
793
268
595
397
695
731
1183
1134
853
856
1390
1068
1034
1123
1371
1203
1232
376
688
695
365
138
484
856
713
611
1524
1493
976
1322
1279
1186
1270
907
546
475
314
395
512
635
430
798
960
1101
1273
1442
2356
2342
2393
1847
929
1868
1566
1497
2084
2561
2206
1177
1569
865
1330
481
800
813
1083
1667
1732
2021
2471
2311
1928
1426
2008
1896
1963
1975
2121
2971
2913
2672
3042
2619
1498
2362
2536
2469
2690
2587
2623
3194
3098
2970
3198
3202
3425
2790
3445
3033
2906
2866
2630
2752
2895
1818
2271
2215
2108
2411
2302
2502
2347
2962
2843
2737
3214
2443
2467
2492
2979
2886
2317
2199
1718
2734
2514
2648
1825
2233
2222
2736
2240
2770
2554
2585
2970
3115
3566
2006
2585
3086
3421
3044
3508
2995
2619
2623
3165
2560
3349
2837
2892
2578
1770
2915
3331
2658
2723
2551
2119
2471
2799
2873
2886
2242
2070
2625
2855
2933
3069
2150
1722
2084
1763
1468
2195
2335
1794
1397
1756
2131
1776
1433
1957
2614
1832
2150
2687
2895
2414
2632
2269
2841
3180
3022
2208
2676
2375
2427
2540
2725
2260
2405
1977
2244
2304
2520
1954
1899
2219
2237
2277
2621
1663
1663
1439
1640
1780
1266
1117
1027
1691
854
1003
733
238
103
495
646
971
952
216
916
1092
2191
1785
1420
1348
1119
1179
932
568
588
356
882
909
1000
1050
1152
845
1228
1326
1417
1500
1117
1370
1351
1413
1297
1230
1328
1090
238
954
1210
954
862
1079
1250
882
669
1018
853
1130
943
1056
1076
1123
1279
1239
1302
1281
1462
1059
1551
1304
1473
1473
1070
1569
1268
1364
1132
949
1263
1558
1455
1956
1738
1805
1486
1743
1790
1480
1103
1540
1567
1469
1061
1368
1408
1136
1575
1157
1417
1237
1328
1299
1654
1177
486
1507
951
1112
1130
1183
666
1025
1259
1230
1284
1253
992
1248
1420
1058
1409
902
1166
1112
1108
1125
1134
1148
1235
1192
1081
758
1010
834
833
878
869
833
633
726
952
809
784
840
952
579
753
695
972
814
1032
952
932
658
793
595
733
410
635
655
392
495
490
1711
1526
2177
1050
1917
1264
677
1201
1883
1083
1370
1246
1348
1273
992
1763
1128
744
818
1112
1342
1000
1168
682
488
435
323
258
218
198
185
238
356
299
561
675
600
602
842
675
600
535
477
649
891
952
1212
865
1058
800
941
958
749
1025
954
1000
1205
1000
831
831
892
283
842
952
591
544
853
370
535
339
1660
1119
1114
1388
1861
1473
1781
1908
1420
1576
949
1145
1068
836
776
673
740
793
588
900
1061
1195
1399
673
1097
887
1038
1230
1460
1379
1214
1573
1598
1682
1611
1134
1477
1756
1134
1221
949
760
640
715
689
675
307
435
405
675
653
689
793
395
515
299
793
508
542
753
483
415
296
356
238
1036
883
764
925
854
555
682
753
428
559
733
501
475
297
356
383
475
317
305
395
218
87
278
395
484
481
753
539
1210
873
785
590
675
711
912
789
1616
1547
1029
733
435
258
307
218
825
435
521
475
733
891
684
793
599
615
769
646
1052
990
940
1154
1087
1134
1224
1361
934
707
689
2122
1616
2073
1832
1680
1114
1194
1475
1362
1179
575
392
873
624
649
675
1156
1183
1487
1446
1907
1536
1747
2086
2211
2209
2199
2081
2179
2619
1839
2019
2037
2235
2658
2763
2302
2099
1961
1874
2075
2121
2193
1582
1575
1123
1391
1333
1016
1246
960
753
688
889
1068
664
961
943
631
655
272
1428
1792
1393
1415
1992
1856
1422
1770
1313
1455
1480
1500
1431
1359
1634
1620
1647
1660
2148
1593
1569
2046
2004
1899
1734
1760
1399
1751
1395
1506
1569
1487
1671
1674
1892
1319
1941
1446
1420
1620
1622
1907
1930
1928
1858
2213
1593
1850
2063
1950
1903
1732
2206
2380
2619
1859
1549
2318
1547
805
1475
1243
1515
2010
1999
1767
2030
1328
1667
1662
1863
1544
1096
1587
996
711
1019
1616
1226
1237
1246
1513
1493
1344
1529
1310
1956
2242
1687
2039
1199
1487
1034
1551
1288
1642
1819
1141
1310
1025
994
764
1669
1819
1950
1865
1892
2046
1896
1939
1878
1549
1957
1761
2436
2220
1876
1524
1250
833
1273
1384
1531
834
1344
1317
1177
785
1393
1268
1377
1341
1228
1165
1293
1879
1722
2073
2170
2369
2119
2151
2130
2251
1867
2416
2244
2335
2376
2360
2975
258
