1075
777
151
484
698
694
618
810
514
546
562
485
661
535
496
562
457
579
464
579
354
490
562
508
565
670
765
910
993
945
937
859
910
875
925
963
992
1039
198
1474
969
922
1017
1019
1110
981
1022
1023
999
1147
1004
723
720
821
874
479
115
237
446
392
627
813
937
656
411
407
479
512
642
721
413
354
546
317
265
231
165
144
231
593
1061
851
887
674
892
665
692
732
738
857
1211
667
925
603
739
316
579
505
493
496
384
463
426
503
588
659
706
804
727
611
661
665
754
967
966
986
990
887
830
396
1241
1657
1684
1457
558
623
611
553
724
1416
1241
1321
1725
924
413
198
954
1404
949
1099
1351
1117
922
1032
1740
1543
2651
2336
1758
1773
1808
1749
1714
1799
847
413
422
630
919
1079
1055
934
295
1005
921
710
744
487
620
644
470
579
469
543
744
481
472
670
644
274
346
372
611
508
508
413
231
18
45
1376
1856
1692
1486
1633
1330
1806
1977
1678
1367
1370
1584
1838
1628
1684
1862
1510
1539
1675
1605
1575
1427
1540
1011
665
777
999
733
704
860
512
438
479
379
224
860
464
429
384
396
484
562
387
396
395
295
132
363
258
248
514
248
470
546
258
346
198
201
65
661
224
496
331
579
609
986
945
710
714
1158
890
862
936
1143
1002
1026
313
573
579
304
115
404
714
594
509
1270
1244
813
1102
1066
989
1058
756
455
396
262
330
426
529
358
665
800
918
1061
1202
1964
1952
1994
1539
774
1557
1305
1247
1737
2134
1838
981
1308
721
1108
401
667
677
902
1389
1444
1684
2059
1926
1607
1188
1673
1580
1636
1646
1767
2476
2428
2227
2535
2183
1249
1968
2113
2057
2242
2156
2186
2662
2582
2475
2665
2668
2854
2325
2871
2528
2422
2388
2192
2293
2413
1515
1893
1846
1757
2009
1918
2085
1956
2469
2369
2281
2679
2036
2056
2077
2482
2405
1930
1832
1432
2278
2095
2207
1521
1861
1852
2280
1867
2308
2128
2154
2475
2596
2972
1672
2154
2571
2851
2537
2924
2496
2183
2186
2638
2133
2791
2364
2410
2148
1475
2429
2775
2215
2269
2125
1766
2059
2333
2395
2405
1868
1725
2187
2379
2444
2558
1791
1435
1737
1469
1223
1829
1946
1495
1164
1463
1776
1480
1194
1631
2178
1527
1791
2239
2413
2012
2193
1891
2367
2650
2518
1840
2230
1979
2023
2116
2271
1884
2004
1648
1870
1920
2100
1628
1583
1849
1864
1897
2184
1386
1386
1199
1367
1483
1055
931
856
1409
712
836
611
198
86
413
538
809
794
180
763
910
1826
1487
1184
1123
933
983
777
473
490
296
735
757
833
875
960
704
1023
1105
1181
1250
931
1141
1126
1178
1081
1025
1107
909
198
795
1008
795
718
899
1042
735
558
848
710
942
786
880
896
936
1066
1032
1085
1067
1218
883
1292
1087
1227
1227
892
1308
1057
1137
943
791
1052
1299
1212
1630
1448
1504
1238
1453
1492
1234
919
1283
1306
1224
884
1140
1173
946
1312
964
1181
1031
1107
1082
1379
981
405
1256
792
927
942
986
555
854
1049
1025
1070
1045
827
1040
1184
881
1175
751
972
927
924
937
945
957
1029
993
901
632
842
695
694
732
724
694
528
605
794
674
653
700
794
482
627
579
810
679
860
794
777
549
661
496
611
342
529
546
327
413
408
1426
1271
1814
875
1598
1054
564
1001
1569
902
1141
1039
1123
1061
827
1469
940
620
682
927
1119
833
974
568
407
363
269
215
181
165
154
198
296
249
467
562
500
502
701
562
500
446
398
541
742
794
1010
721
881
667
785
798
624
854
795
833
1004
833
692
692
744
236
701
794
493
454
710
308
446
283
1383
933
928
1156
1551
1227
1484
1590
1184
1314
791
954
890
697
647
561
617
661
490
750
884
996
1166
561
915
739
865
1025
1217
1149
1011
1311
1332
1401
1342
945
1231
1463
945
1017
791
633
534
596
574
562
255
363
337
562
544
574
661
330
429
249
661
423
452
627
402
346
246
296
198
863
736
636
771
712
463
568
627
357
466
611
417
396
248
296
319
396
265
254
330
181
73
231
330
404
401
627
449
1008
727
655
491
562
593
760
658
1347
1289
857
611
363
215
255
181
688
363
434
396
611
742
570
661
499
512
641
538
877
825
783
961
905
945
1020
1134
779
590
574
1769
1347
1728
1527
1400
928
995
1229
1135
983
479
327
727
520
541
562
963
986
1240
1205
1589
1280
1456
1738
1843
1841
1832
1734
1816
2183
1533
1683
1698
1862
2215
2302
1918
1749
1634
1562
1729
1767
1828
1318
1312
936
1159
1111
847
1039
800
627
573
741
890
553
801
786
526
546
227
1190
1494
1161
1179
1660
1546
1185
1475
1094
1212
1234
1250
1193
1132
1362
1350
1373
1383
1790
1327
1308
1705
1670
1583
1445
1466
1166
1459
1162
1255
1308
1240
1392
1395
1577
1099
1618
1205
1184
1350
1351
1589
1608
1607
1548
1844
1327
1542
1719
1625
1586
1444
1838
1983
2183
1549
1291
1932
1289
671
1229
1036
1262
1675
1666
1472
1692
1107
1389
1385
1553
1286
913
1323
830
593
850
1347
1022
1031
1039
1261
1244
1120
1274
1091
1630
1868
1406
1699
999
1240
862
1292
1073
1368
1516
951
1091
854
828
636
1391
1516
1625
1554
1577
1705
1580
1616
1565
1291
1631
1468
2030
1850
1563
1270
1042
694
1061
1153
1276
695
1120
1097
981
655
1161
1057
1147
1117
1023
971
1078
1566
1435
1728
1808
1974
1766
1793
1775
1876
1556
2014
1870
1946
1980
1967
2479
215
95
547
794
2104
2827
1412
1173
2076
1350
1474
1205
2139
1566
2298
2024
1170
1300
1110
1231
1383
927
624
822
871
880
833
794
602
597
529
348
379
272
379
296
413
1448
1708
1636
1806
1832
1539
1566
1657
1011
1546
875
881
698
739
673
1039
928
1138
546
503
363
308
925
892
955
1264
1191
529
611
1010
627
373
231
98
346
652
1385
1746
1093
1636
967
1032
1135
1534
1386
1200
1347
1463
1101
627
1051
1448
1283
1240
964
1241
1825
1622
990
594
431
1364
1548
1419
1107
1392
1096
1058
939
930
768
656
366
215
369
479
363
330
479
496
441
479
330
351
600
694
458
503
828
1004
844
783
875
658
429
488
413
351
644
777
833
1055
892
561
627
413
562
426
677
893
620
694
476
579
523
463
523
635
1441
871
880
868
992
1075
1078
795
1244
1212
837
670
909
769
682
1054
1271
1306
1016
1097
848
627
446
307
165
248
603
904
1181
978
881
624
1361
883
1262
890
1453
1723
1097
1357
1232
1036
317
639
1447
1728
2186
1527
1542
1404
1500
1356
1409
1834
1362
1590
1816
1749
1997
2139
2051
1605
2080
1474
1918
2035
1518
1803
1719
1905
1748
1902
1911
1639
1540
1416
1397
831
1280
1194
1469
1164
1373
1359
915
1097
989
700
807
664
707
735
1025
599
931
967
859
354
463
1170
880
1430
1404
1332
1477
1637
2178
1652
1592
1861
1522
1079
1294
709
1002
974
644
1008
934
1116
977
694
1202
1122
1185
1197
1119
996
1243
963
1339
1338
1394
1506
1367
1114
1435
1138
1308
1362
1459
909
1401
1193
1128
579
547
1007
954
884
745
809
1102
579
609
1129
1170
1007
735
1348
928
875
1048
1073
1119
1162
928
774
1052
1199
1045
825
1090
933
1043
863
710
691
839
946
724
772
14
1031
1187
413
265
287
379
529
275
265
627
609
428
393
446
411
379
265
281
239
198
330
370
1318
1075
777
151
484
698
694
618
810
514
546
562
485
661
535
496
562
457
579
464
579
354
490
562
508
565
670
765
910
993
945
937
859
910
875
925
963
992
1039
198
1474
969
922
1017
1019
1110
981
1022
1023
999
1147
1004
723
720
821
874
479
115
237
446
392
627
813
937
656
411
407
479
512
642
721
413
354
546
317
265
231
165
144
231
593
1061
851
887
674
892
665
692
732
738
857
1211
667
925
603
739
316
579
505
493
496
384
463
426
503
588
659
706
804
727
611
661
665
754
967
966
986
990
887
830
396
1241
1657
1684
1457
558
623
611
553
724
1416
1241
1321
1725
924
413
198
954
1404
949
1099
1351
1117
922
1032
1740
1543
2651
2336
1758
1773
1808
1749
1714
1799
847
413
422
630
919
1079
1055
934
295
1005
921
710
744
487
620
644
470
579
469
543
744
481
472
670
644
274
346
372
611
508
508
413
231
18
45
1376
1856
1692
1486
1633
1330
1806
1977
1678
1367
1370
1584
1838
1628
1684
1862
1510
1539
1675
1605
1575
1427
1540
1011
665
777
999
733
704
860
512
438
479
379
224
860
464
429
384
396
484
562
387
396
395
295
132
363
258
248
514
248
470
546
258
346
198
201
65
661
224
496
331
579
609
986
945
710
714
1158
890
862
936
1143
1002
1026
313
573
579
304
115
404
714
594
509
1270
1244
813
1102
1066
989
1058
756
455
396
262
330
426
529
358
665
800
918
1061
1202
1964
1952
1994
1539
774
1557
1305
1247
1737
2134
1838
981
1308
721
1108
401
667
677
902
1389
1444
1684
2059
1926
1607
1188
1673
1580
1636
1646
1767
2476
2428
2227
2535
2183
1249
1968
2113
2057
2242
2156
2186
2662
2582
2475
2665
2668
2854
2325
2871
2528
2422
2388
2192
2293
2413
1515
1893
1846
1757
2009
1918
2085
1956
2469
2369
2281
2679
2036
2056
2077
2482
2405
1930
1832
1432
2278
2095
2207
1521
1861
1852
2280
1867
2308
2128
2154
2475
2596
2972
1672
2154
2571
2851
2537
2924
2496
2183
2186
2638
2133
2791
2364
2410
2148
1475
2429
2775
2215
2269
2125
1766
2059
2333
2395
2405
1868
1725
2187
2379
2444
2558
1791
1435
1737
1469
1223
1829
1946
1495
1164
1463
1776
1480
1194
1631
2178
1527
1791
2239
2413
2012
2193
1891
2367
2650
2518
1840
2230
1979
2023
2116
2271
1884
2004
1648
1870
1920
2100
1628
1583
1849
1864
1897
2184
1386
1386
1199
1367
1483
1055
931
856
1409
712
836
611
198
86
413
538
809
794
180
763
910
1826
1487
1184
1123
933
983
777
473
490
296
735
757
833
875
960
704
1023
1105
1181
1250
931
1141
1126
1178
1081
1025
1107
909
198
795
1008
795
718
899
1042
735
558
848
710
942
786
880
896
936
1066
1032
1085
1067
1218
883
1292
1087
1227
1227
892
1308
1057
1137
943
791
1052
1299
1212
1630
1448
1504
1238
1453
1492
1234
919
1283
1306
1224
884
1140
1173
946
1312
964
1181
1031
1107
1082
1379
981
405
1256
792
927
942
986
555
854
1049
1025
1070
1045
827
1040
1184
881
1175
751
972
927
924
937
945
957
1029
993
901
632
842
695
694
732
724
694
528
605
794
674
653
700
794
482
627
579
810
679
860
794
777
549
661
496
611
342
529
546
327
413
408
1426
1271
1814
875
1598
1054
564
1001
1569
902
1141
1039
1123
1061
827
1469
940
620
682
927
1119
833
974
568
407
363
269
215
181
165
154
198
296
249
467
562
500
502
701
562
500
446
398
541
742
794
1010
721
881
667
785
798
624
854
795
833
1004
833
692
692
744
236
701
794
493
454
710
308
446
283
1383
933
928
1156
1551
1227
1484
1590
1184
1314
791
954
890
697
647
561
617
661
490
750
884
996
1166
561
915
739
865
1025
1217
1149
1011
1311
1332
1401
1342
945
1231
1463
945
1017
791
633
534
596
574
562
255
363
337
562
544
574
661
330
429
249
661
423
452
627
402
346
246
296
198
863
736
636
771
712
463
568
627
357
466
611
417
396
248
296
319
396
265
254
330
181
73
231
330
404
401
627
449
1008
727
655
491
562
593
760
658
1347
1289
857
611
363
215
255
181
688
363
434
396
611
742
570
661
499
512
641
538
877
825
783
961
905
945
1020
1134
779
590
574
1769
1347
1728
1527
1400
928
995
1229
1135
983
479
327
727
520
541
562
963
986
1240
1205
1589
1280
1456
1738
1843
1841
1832
1734
1816
2183
1533
1683
1698
1862
2215
2302
1918
1749
1634
1562
1729
1767
1828
1318
1312
936
1159
1111
847
1039
800
627
573
741
890
553
801
786
526
546
227
1190
1494
1161
1179
1660
1546
1185
1475
1094
1212
1234
1250
1193
1132
1362
1350
1373
1383
1790
1327
1308
1705
1670
1583
1445
1466
1166
1459
1162
1255
1308
1240
1392
1395
1577
1099
1618
1205
1184
1350
1351
1589
1608
1607
1548
1844
1327
1542
1719
1625
1586
1444
1838
1983
2183
1549
1291
1932
1289
671
1229
1036
1262
1675
1666
1472
1692
1107
1389
1385
1553
1286
913
1323
830
593
850
1347
1022
1031
1039
1261
1244
1120
1274
1091
1630
1868
1406
1699
999
1240
862
1292
1073
1368
1516
951
1091
854
828
636
1391
1516
1625
1554
1577
1705
1580
1616
1565
1291
1631
1468
2030
1850
1563
1270
1042
694
1061
1153
1276
695
1120
1097
981
655
1161
1057
1147
1117
1023
971
1078
1566
1435
1728
1808
1974
1766
1793
1775
1876
1556
2014
1870
1946
1980
1967
2479
215
95
547
794
2104
2827
1412
1173
2076
1350
1474
1205
2139
1566
2298
2024
1170
1300
1110
1231
1383
927
624
822
871
880
833
794
602
597
529
348
379
272
379
296
413
1448
1708
1636
1806
1832
1539
1566
1657
1011
1546
875
881
698
739
673
1039
928
1138
546
503
363
308
925
892
955
1264
1191
529
611
1010
627
373
231
98
346
652
1385
1746
1093
1636
967
1032
1135
1534
1386
1200
1347
1463
1101
627
1051
1448
1283
1240
964
1241
1825
1622
990
594
431
1364
1548
1419
1107
1392
1096
1058
939
930
768
656
366
215
369
479
363
330
479
496
441
479
330
351
600
694
458
503
828
1004
844
783
875
658
429
488
413
351
644
777
833
1055
892
561
627
413
562
426
677
893
620
694
476
579
523
463
523
635
1441
871
880
868
992
1075
1078
795
1244
1212
837
670
909
769
682
1054
1271
1306
1016
1097
848
627
446
307
165
248
603
904
1181
978
881
624
1361
883
1262
890
1453
1723
1097
1357
1232
1036
317
639
1447
1728
2186
1527
1542
1404
1500
1356
1409
1834
1362
1590
1816
1749
1997
2139
2051
1605
2080
1474
1918
2035
1518
1803
1719
1905
1748
1902
1911
1639
1540
1416
1397
831
1280
1194
1469
1164
1373
1359
915
1097
989
700
807
664
707
735
1025
599
931
967
859
354
463
1170
880
1430
1404
1332
1477
1637
2178
1652
1592
1861
1522
1079
1294
709
1002
974
644
1008
934
1116
977
694
1202
1122
1185
1197
1119
996
1243
963
1339
1338
1394
1506
1367
1114
1435
1138
1308
1362
1459
909
1401
1193
1128
579
547
1007
954
884
745
809
1102
579
609
1129
1170
1007
735
1348
928
875
1048
1073
1119
1162
928
774
1052
1199
1045
825
1090
933
1043
863
710
691
839
946
724
772
14
1031
1187
413
265
287
379
529
275
265
627
609
428
393
446
411
379
265
281
239
198
330
370
1318
1075
777
151
484
698
694
618
810
514
546
562
485
661
535
496
562
457
579
464
579
354
490
562
508
565
670
765
910
993
945
937
859
910
875
925
963
992
1039
198
1474
969
922
1017
1019
1110
981
1022
1023
999
1147
1004
723
720
821
874
479
115
237
446
392
627
813
937
656
411
407
479
512
642
721
413
354
546
317
265
231
165
144
231
593
1061
851
887
674
892
665
692
732
738
857
1211
667
925
603
739
316
579
505
493
496
384
463
426
503
588
659
706
804
727
611
661
665
754
967
966
986
990
887
830
396
1241
1657
1684
1457
558
623
611
553
724
1416
1241
1321
1725
924
413
198
954
1404
949
1099
1351
1117
922
1032
1740
1543
2651
2336
1758
1773
1808
1749
1714
1799
847
413
422
630
919
1079
1055
934
295
1005
921
710
744
487
620
644
470
579
469
543
744
481
472
670
644
274
346
372
611
508
508
413
231
18
45
1376
1856
1692
1486
1633
1330
1806
1977
1678
1367
1370
1584
1838
1628
1684
1862
1510
1539
1675
1605
1575
1427
1540
1011
665
777
999
733
704
860
512
438
479
379
224
860
464
429
384
396
484
562
387
396
395
295
132
363
258
248
514
248
470
546
258
346
198
201
65
661
224
496
331
579
609
986
945
710
714
1158
890
862
936
1143
1002
1026
313
573
579
304
115
404
714
594
509
1270
1244
813
1102
1066
989
1058
756
455
396
262
330
426
529
358
665
800
918
1061
1202
1964
1952
1994
1539
774
1557
1305
1247
1737
2134
1838
981
1308
721
1108
401
667
677
902
1389
1444
1684
2059
1926
1607
1188
1673
1580
1636
1646
1767
2476
2428
2227
2535
2183
1249
1968
2113
2057
2242
2156
2186
2662
2582
2475
2665
2668
2854
2325
2871
2528
2422
2388
2192
2293
2413
1515
1893
1846
1757
2009
1918
2085
1956
2469
2369
2281
2679
2036
2056
2077
2482
2405
1930
1832
1432
2278
2095
2207
1521
1861
1852
2280
1867
2308
2128
2154
2475
2596
2972
1672
2154
2571
2851
2537
2924
2496
2183
2186
2638
2133
2791
2364
2410
2148
1475
2429
2775
2215
2269
2125
1766
2059
2333
2395
2405
1868
1725
2187
2379
2444
2558
1791
1435
1737
1469
1223
1829
1946
1495
1164
1463
1776
1480
1194
1631
2178
1527
1791
2239
2413
2012
2193
1891
2367
2650
2518
1840
2230
1979
2023
2116
2271
1884
2004
1648
1870
1920
2100
1628
1583
1849
1864
1897
2184
1386
1386
1199
1367
1483
1055
931
856
1409
712
836
611
198
86
413
538
809
794
180
763
910
1826
1487
1184
1123
933
983
777
473
490
296
735
757
833
875
960
704
1023
1105
1181
1250
931
1141
1126
1178
1081
1025
1107
909
198
795
1008
795
718
899
1042
735
558
848
710
942
786
880
896
936
1066
1032
1085
1067
1218
883
1292
1087
1227
1227
892
1308
1057
1137
943
791
1052
1299
1212
1630
1448
1504
1238
1453
1492
1234
919
1283
1306
1224
884
1140
1173
946
1312
964
1181
1031
1107
1082
1379
981
405
1256
792
927
942
986
555
854
1049
1025
1070
1045
827
1040
1184
881
1175
751
972
927
924
937
945
957
1029
993
901
632
842
695
694
732
724
694
528
605
794
674
653
700
794
482
627
579
810
679
860
794
777
549
661
496
611
342
529
546
327
413
408
1426
1271
1814
875
1598
1054
564
1001
1569
902
1141
1039
1123
1061
827
1469
940
620
682
927
1119
833
974
568
407
363
269
215
181
165
154
198
296
249
467
562
500
502
701
562
500
446
398
541
742
794
1010
721
881
667
785
798
624
854
795
833
1004
833
692
692
744
236
701
794
493
454
710
308
446
283
1383
933
928
1156
1551
1227
1484
1590
1184
1314
791
954
890
697
647
561
617
661
490
750
884
996
1166
561
915
739
865
1025
1217
1149
1011
1311
1332
1401
1342
945
1231
1463
945
1017
791
633
534
596
574
562
255
363
337
562
544
574
661
330
429
249
661
423
452
627
402
346
246
296
198
863
736
636
771
712
463
568
627
357
466
611
417
396
248
296
319
396
265
254
330
181
73
231
330
404
401
627
449
1008
727
655
491
562
593
760
658
1347
1289
857
611
363
215
255
181
688
363
434
396
611
742
570
661
499
512
641
538
877
825
783
961
905
945
1020
1134
779
590
574
1769
1347
1728
1527
1400
928
995
1229
1135
983
479
327
727
520
541
562
963
986
1240
1205
1589
1280
1456
1738
1843
1841
1832
1734
1816
2183
1533
1683
1698
1862
2215
2302
1918
1749
1634
1562
1729
1767
1828
1318
1312
936
1159
1111
847
1039
800
627
573
741
890
553
801
786
526
546
227
1190
1494
1161
1179
1660
1546
1185
1475
1094
1212
1234
1250
1193
1132
1362
1350
1373
1383
1790
1327
1308
1705
1670
1583
1445
1466
1166
1459
1162
1255
1308
1240
1392
1395
1577
1099
1618
1205
1184
1350
1351
1589
1608
1607
1548
1844
1327
1542
1719
1625
1586
1444
1838
1983
2183
1549
1291
1932
1289
671
1229
1036
1262
1675
1666
1472
1692
1107
1389
1385
1553
1286
913
1323
830
593
850
1347
1022
1031
1039
1261
1244
1120
1274
1091
1630
1868
1406
1699
999
1240
862
1292
1073
1368
1516
951
1091
854
828
636
1391
1516
1625
1554
1577
1705
1580
1616
1565
1291
1631
1468
2030
1850
1563
1270
1042
694
1061
1153
1276
695
1120
1097
981
655
1161
1057
1147
1117
1023
971
1078
1566
1435
1728
1808
1974
1766
1793
1775
1876
1556
2014
1870
1946
1980
1967
2479
215
