741
481
720
754
697
542
674
700
657
713
642
579
536
608
662
483
590
537
576
494
406
447
582
572
541
507
517
688
612
348
629
675
622
671
558
549
367
538
548
467
513
630
602
737
645
595
730
660
553
531
661
673
647
705
651
636
720
592
578
661
736
628
537
659
708
959
645
689
705
549
637
592
583
633
629
667
645
591
504
497
581
757
494
553
549
590
658
564
544
427
444
667
649
388
612
441
155
418
427
378
419
288
207
222
288
324
151
429
256
220
336
430
165
259
130
111
135
183
112
294
160
383
283
183
122
153
135
110
229
80
171
149
271
190
175
194
194
139
184
235
127
147
171
74
177
128
129
135
77
141
147
86
141
88
82
217
99
129
93
141
94
53
76
281
335
342
377
411
541
658
357
447
361
412
343
278
291
302
320
138
153
111
71
444
134
29
53
300
206
283
351
314
31
538
384
193
228
289
226
200
222
114
141
135
164
306
424
316
297
200
157
254
354
262
232
165
135
130
418
405
342
371
293
255
252
367
260
191
152
217
235
287
181
154
153
113
141
100
165
149
165
98
159
131
147
123
85
65
76
59
95
262
111
59
123
64
129
106
90
94
205
153
302
200
94
475
412
440
226
111
268
76
76
106
193
472
478
477
237
233
356
266
277
235
185
237
206
128
223
203
162
241
317
513
405
499
584
518
617
591
636
662
662
691
618
262
459
622
727
582
642
749
810
559
510
515
576
546
581
604
726
637
339
350
293
387
307
312
330
327
458
526
321
393
278
364
423
336
317
471
444
339
235
267
340
367
314
384
395
396
404
317
437
468
479
393
490
437
516
535
423
565
537
552
608
464
482
550
616
629
701
716
663
420
405
496
571
587
488
621
693
630
465
500
648
617
595
593
546
483
429
437
703
565
650
455
573
607
607
638
803
495
550
691
579
607
636
732
622
492
482
207
626
510
564
566
485
537
619
466
504
495
387
252
223
177
390
559
562
643
458
619
622
469
756
463
481
482
603
734
585
690
613
619
641
647
598
350
578
668
485
661
478
667
688
648
698
597
680
633
707
708
628
563
5
519
944
801
117
171
297
335
541
496
719
644
641
738
768
795
552
418
450
396
220
136
241
122
117
139
257
301
241
196
159
297
454
291
106
82
76
53
192
206
377
496
359
300
209
205
277
334
265
264
244
176
326
266
170
230
229
256
230
129
129
226
355
328
134
247
415
486
444
422
418
440
356
383
371
395
439
350
177
81
400
539
407
418
504
427
275
452
588
457
657
577
289
468
638
505
538
542
650
578
689
845
693
428
411
387
577
605
452
307
226
424
357
337
243
566
665
556
581
586
448
427
682
512
588
510
588
381
377
444
468
313
339
306
241
384
437
418
450
298
451
457
465
547
548
486
343
208
165
460
504
506
530
530
615
592
430
473
355
444
325
238
458
524
468
311
363
247
155
183
298
374
403
428
347
439
489
496
535
481
493
493
467
287
471
475
493
473
479
335
541
528
469
548
572
606
600
648
632
620
569
475
318
204
295
283
224
321
244
191
267
144
463
419
366
212
156
436
611
584
473
626
779
597
775
574
620
567
445
424
569
541
482
591
836
626
569
566
579
538
556
642
457
492
395
422
343
215
596
570
531
537
484
381
488
592
530
385
188
71
51
524
642
597
506
736
743
591
481
480
466
353
316
276
272
346
536
384
475
548
398
650
528
628
572
556
528
426
342
173
200
269
206
11
317
296
293
280
682
729
739
699
789
758
634
922
685
503
404
29
47
342
256
328
234
422
585
702
787
836
679
877
727
649
598
705
638
725
626
686
743
698
592
627
385
178
117
410
652
739
778
601
489
450
451
364
292
270
302
317
303
333
212
151
174
217
282
300
201
200
68
636
704
612
584
590
428
497
615
645
309
428
479
430
283
225
264
129
129
110
312
249
168
208
223
156
149
147
96
123
121
183
123
123
99
129
95
143
59
59
65
43
159
99
71
47
41
23
47
38
41
17
17
153
38
123
94
79
117
100
56
65
11
194
35
41
63
235
159
115
171
163
188
99
76
82
53
68
88
111
82
153
121
269
397
323
290
333
265
141
199
346
389
183
113
123
79
111
124
233
290
352
339
640
516
415
503
571
798
828
851
654
615
555
476
576
474
616
543
638
804
847
727
788
693
619
665
645
600
521
558
590
579
615
548
834
705
604
684
803
801
686
761
700
725
673
605
753
623
477
536
608
602
511
523
532
557
616
552
722
615
697
439
715
462
555
654
674
772
725
766
715
874
788
695
293
178
153
207
560
721
697
627
659
551
563
616
570
614
690
679
429
593
525
550
747
823
628
626
588
519
548
397
634
548
554
321
247
194
134
111
106
185
368
558
595
444
658
543
427
455
638
684
653
436
593
453
575
518
561
243
305
234
393
405
449
371
279
217
53
153
234
296
522
602
586
608
579
780
774
644
488
490
518
569
489
718
513
638
499
401
540
505
452
512
474
453
532
559
442
292
379
347
240
319
486
474
315
362
325
412
222
234
111
177
177
127
307
384
515
509
560
489
472
633
601
576
572
574
577
583
666
571
673
662
659
726
710
494
700
679
713
679
771
816
541
774
702
552
697
710
760
823
750
679
736
614
745
674
743
707
728
713
682
547
758
742
512
621
350
633
632
586
446
556
546
414
553
392
546
471
439
522
560
592
612
614
721
692
687
741
481
720
754
697
542
674
700
657
713
642
579
536
608
662
483
590
537
576
494
406
447
582
572
541
507
517
688
612
348
629
675
622
671
558
549
367
538
548
467
513
630
602
737
645
595
730
660
553
531
661
673
647
705
651
636
720
592
578
661
736
628
537
659
708
959
645
689
705
549
637
592
583
633
629
667
645
591
504
497
581
757
494
553
549
590
658
564
544
427
444
667
649
388
612
441
155
418
427
378
419
288
207
222
288
324
151
429
256
220
336
430
165
259
130
111
135
183
112
294
160
383
283
183
122
153
135
110
229
80
171
149
271
190
175
194
194
139
184
235
127
147
171
74
177
128
129
135
77
141
147
86
141
88
82
217
99
129
93
141
94
53
76
281
335
342
377
411
541
658
357
447
361
412
343
278
291
302
320
138
153
111
71
444
134
29
53
300
206
283
351
314
31
538
384
193
228
289
226
200
222
114
141
135
164
306
424
316
297
200
157
254
354
262
232
165
135
130
418
405
342
371
293
255
252
367
260
191
152
217
235
287
181
154
153
113
141
100
165
149
165
98
159
131
147
123
85
65
76
59
95
262
111
59
123
64
129
106
90
94
205
153
302
200
94
475
412
440
226
111
268
76
76
106
193
472
478
477
237
233
356
266
277
235
185
237
206
128
223
203
162
241
317
513
405
499
584
518
617
591
636
662
662
691
618
262
459
622
727
582
642
749
810
559
510
515
576
546
581
604
726
637
339
350
293
387
307
312
330
327
458
526
321
393
278
364
423
336
317
471
444
339
235
267
340
367
314
384
395
396
404
317
437
468
479
393
490
437
516
535
423
565
537
552
608
464
482
550
616
629
701
716
663
420
405
496
571
587
488
621
693
630
465
500
648
617
595
593
546
483
429
437
703
565
650
455
573
607
607
638
803
495
550
691
579
607
636
732
622
492
482
207
626
510
564
566
485
537
619
466
504
495
387
252
223
177
390
559
562
643
458
619
622
469
756
463
481
482
603
734
585
690
613
619
641
647
598
350
578
668
485
661
478
667
688
648
698
597
680
633
707
708
628
563
5
519
944
801
117
171
297
335
541
496
719
644
641
738
768
795
552
418
450
396
220
136
241
122
117
139
257
301
241
196
159
297
454
291
106
82
76
53
192
206
377
496
359
300
209
205
277
334
265
264
244
176
326
266
170
230
229
256
230
129
129
226
355
328
134
247
415
486
444
422
418
440
356
383
371
395
439
350
177
81
400
539
407
418
504
427
275
452
588
457
657
577
289
468
638
505
538
542
650
578
689
845
693
428
411
387
577
605
452
307
226
424
357
337
243
566
665
556
581
586
448
427
682
512
588
510
588
381
377
444
468
313
339
306
241
384
437
418
450
298
451
457
465
547
548
486
343
208
165
460
504
506
530
530
615
592
430
473
355
444
325
238
458
524
468
311
363
247
155
183
298
374
403
428
347
439
489
496
535
481
493
493
467
287
471
475
493
473
479
335
541
528
469
548
572
606
600
648
632
620
569
475
318
204
295
283
224
321
244
191
267
144
463
419
366
212
156
436
611
584
473
626
779
597
775
574
620
567
445
424
569
541
482
591
836
626
569
566
579
538
556
642
457
492
395
422
343
215
596
570
531
537
484
381
488
592
530
385
188
71
51
524
642
597
506
736
743
591
481
480
466
353
316
276
272
346
536
384
475
548
398
650
528
628
572
556
528
426
342
173
200
269
206
11
317
296
293
280
682
729
739
699
789
758
634
922
685
503
404
29
47
342
256
328
234
422
585
702
787
836
679
877
727
649
598
705
638
725
626
686
743
698
592
627
385
178
117
410
652
739
778
601
489
450
451
364
292
270
302
317
303
333
212
151
174
217
282
300
201
200
68
636
704
612
584
590
428
497
615
645
309
428
479
430
283
225
264
129
129
110
312
249
168
208
223
156
149
147
96
123
121
183
123
123
99
129
95
143
59
59
65
43
159
99
71
47
41
23
47
38
41
17
17
153
38
123
94
79
117
100
56
65
11
194
35
41
63
235
159
115
171
163
188
99
76
82
53
68
88
111
82
153
121
269
397
323
290
333
265
141
199
346
389
183
113
123
79
111
124
233
290
352
339
640
516
415
503
571
798
828
851
654
615
555
476
576
474
616
543
638
804
847
727
788
693
619
665
645
600
521
558
590
579
615
548
834
705
604
684
803
801
686
761
700
725
673
605
753
623
477
536
608
602
511
523
532
557
616
552
722
615
697
439
715
462
555
654
674
772
725
766
715
874
788
695
293
178
153
207
560
721
697
627
659
551
563
616
570
614
690
679
429
593
525
550
747
823
628
626
588
519
548
397
634
548
554
321
247
194
134
111
106
185
368
558
595
444
658
543
427
455
638
684
653
436
593
453
575
518
561
243
305
234
393
405
449
371
279
217
53
153
234
296
522
602
586
608
579
780
774
644
488
490
518
569
489
718
513
638
499
401
540
505
452
512
474
453
532
559
442
292
379
347
240
319
486
474
315
362
325
412
222
234
111
177
177
127
307
384
515
509
560
489
472
633
601
576
572
574
577
583
666
571
673
662
659
726
710
494
700
679
713
679
771
816
541
774
702
552
697
710
760
823
750
679
736
614
745
674
743
707
728
713
682
547
758
742
512
621
350
633
632
586
446
556
546
414
553
392
546
471
439
522
560
592
612
614
721
692
687
741
481
720
754
697
542
674
700
657
713
642
579
536
608
662
483
590
537
576
494
406
447
582
572
541
507
517
688
612
348
629
675
622
671
558
549
367
538
548
467
513
630
602
737
645
595
730
660
553
531
661
673
647
705
651
636
720
592
578
661
736
628
537
659
708
959
645
689
705
549
637
592
583
633
629
667
645
591
504
497
581
757
494
553
549
590
658
564
544
427
444
667
649
388
612
441
155
418
427
378
419
288
207
222
288
324
151
429
256
220
336
430
165
259
130
111
135
183
112
294
160
383
283
183
122
153
135
110
229
80
171
149
271
190
175
194
194
139
184
235
127
147
171
74
177
128
129
135
77
141
147
86
141
88
82
217
99
129
93
141
94
53
76
281
335
342
377
411
541
658
357
447
361
412
343
278
291
302
320
138
153
111
71
444
134
29
53
300
206
283
351
314
31
538
384
193
228
289
226
200
222
114
141
135
164
306
424
316
297
200
157
254
354
262
232
165
135
130
418
405
342
371
293
255
252
367
260
191
152
217
235
287
181
154
153
113
141
100
165
149
165
98
159
131
147
123
85
65
76
59
95
262
111
59
123
64
129
106
90
94
205
153
302
200
94
475
412
440
226
111
268
76
76
106
193
472
478
477
237
233
356
266
277
235
185
237
206
128
223
203
162
241
317
513
405
499
584
518
617
591
636
662
662
691
618
262
459
622
727
582
642
749
810
559
510
515
576
546
581
604
726
637
339
350
293
387
307
312
330
327
458
526
321
393
278
364
423
336
317
471
444
339
235
267
340
367
314
384
395
396
404
317
437
468
479
393
490
437
516
535
423
565
537
552
608
464
482
550
616
629
701
716
663
420
405
496
571
587
488
621
693
630
465
500
648
617
595
593
546
483
429
437
703
565
650
455
573
607
607
638
803
495
550
691
579
607
636
732
622
492
482
207
626
510
564
566
485
537
619
466
504
495
387
252
223
177
390
559
562
643
458
619
622
469
756
463
481
482
603
734
585
690
613
619
641
647
598
350
578
668
485
661
478
667
688
648
698
597
680
633
707
708
628
563
