257
293
261
266
234
223
257
305
308
344
403
388
339
431
388
341
392
380
315
404
341
374
472
442
332
240
277
284
340
405
400
331
298
301
260
225
234
279
196
225
242
292
176
174
114
85
69
48
41
47
66
116
105
114
84
94
71
77
69
59
69
63
127
48
50
41
97
105
147
44
73
127
149
171
173
119
121
157
179
192
199
170
203
169
215
180
134
196
201
173
160
203
155
160
127
75
90
94
77
116
161
260
214
202
151
191
157
131
98
97
39
55
50
50
69
53
80
41
215
105
33
120
125
109
125
188
167
145
132
166
130
155
179
149
140
112
139
131
168
161
127
160
210
202
266
249
239
215
173
220
209
227
274
235
211
269
212
223
216
281
264
228
228
225
251
261
305
182
444
338
438
193
271
183
281
271
168
196
137
189
175
166
146
165
165
167
175
259
412
301
428
350
282
181
141
247
214
213
230
203
277
250
241
297
259
226
263
273
239
210
225
263
272
255
228
236
179
310
288
298
182
213
353
293
289
301
289
224
319
282
200
249
291
255
277
252
261
337
240
201
220
197
54
83
96
78
61
31
113
42
63
55
83
47
39
14
14
28
91
57
47
58
61
89
82
99
124
144
147
92
187
251
204
191
189
94
106
157
93
109
116
96
37
83
38
72
158
175
155
188
156
226
192
191
205
180
114
69
144
155
77
75
78
66
226
228
258
352
239
309
250
196
265
299
336
254
270
269
178
240
251
199
169
281
247
350
296
263
252
176
208
267
273
251
160
183
192
232
252
258
304
250
174
276
280
242
133
169
216
202
266
238
205
223
181
237
250
216
255
207
315
210
181
144
163
204
222
197
168
144
137
121
137
131
169
160
97
197
149
149
189
202
185
187
203
288
147
110
126
170
151
135
157
144
119
148
190
265
273
219
125
213
232
178
122
141
193
208
219
182
206
190
172
120
144
184
174
230
260
172
206
197
276
277
266
257
210
236
168
219
223
209
219
127
160
128
188
121
109
168
173
231
177
179
180
131
186
187
172
128
97
142
149
156
157
153
185
158
132
177
179
212
212
127
106
211
176
214
171
157
212
164
147
114
91
117
126
105
140
138
139
151
134
142
99
155
120
99
70
85
86
78
69
120
140
164
175
116
75
95
91
68
131
144
166
155
101
102
124
102
60
55
61
77
94
86
62
39
50
33
135
80
80
69
72
26
28
47
39
43
47
41
39
52
50
58
38
63
50
25
33
32
58
39
70
127
94
104
80
44
52
28
30
22
14
9
16
36
25
22
16
11
9
16
14
14
22
14
19
28
45
41
36
20
36
28
11
67
25
22
8
118
63
24
16
11
14
14
19
22
28
148
165
293
228
146
149
120
78
82
140
108
116
114
129
128
113
85
131
154
170
229
197
251
287
287
251
205
274
300
241
228
231
229
211
212
181
93
122
205
303
214
174
207
197
80
133
108
138
71
94
136
255
166
225
162
198
177
227
335
317
284
261
211
302
268
146
50
68
66
57
61
46
196
234
222
193
154
175
202
182
176
156
235
278
290
186
233
272
335
299
384
278
424
357
334
319
228
271
300
321
318
311
303
297
324
291
251
290
233
269
247
278
281
154
227
273
193
208
248
201
219
169
168
147
119
83
130
99
136
123
258
226
217
215
245
349
176
102
93
133
62
75
54
52
69
64
50
41
30
13
97
169
102
141
107
94
45
115
250
237
246
253
281
280
285
305
340
266
334
286
223
229
123
133
266
261
257
245
218
182
218
215
249
227
203
181
340
250
271
295
317
261
359
291
383
162
237
212
334
314
258
373
261
269
241
257
273
294
350
320
299
306
288
243
292
336
267
233
293
281
261
254
276
398
269
172
243
302
183
188
209
151
300
370
296
127
214
134
170
89
188
135
220
146
235
170
250
216
199
231
214
235
224
202
91
142
141
103
224
232
242
301
290
295
289
241
290
276
259
237
252
253
258
251
234
263
270
244
270
272
246
264
252
250
281
295
206
282
286
213
308
195
311
321
268
279
271
296
185
320
308
278
155
230
238
288
290
291
205
137
250
56
72
109
128
156
162
173
182
203
221
39
310
510
310
375
344
354
425
379
411
414
353
279
403
294
425
429
185
387
321
366
432
367
359
380
386
424
379
429
453
341
493
401
478
356
341
326
466
443
462
212
397
348
396
350
409
480
425
254
319
418
369
289
403
316
438
502
344
350
456
431
397
451
351
372
410
372
405
337
319
268
386
294
175
57
220
190
193
224
269
292
262
235
203
200
264
344
271
333
387
388
346
334
351
360
267
334
320
285
301
323
286
294
292
33
89
89
123
138
229
390
293
374
376
317
375
360
355
328
332
287
334
392
432
317
349
332
364
351
369
283
330
328
369
386
454
319
276
274
270
245
306
274
235
241
270
293
308
353
184
294
259
345
274
415
331
252
306
304
331
365
304
363
285
281
344
279
246
277
181
124
100
225
284
226
176
254
166
218
159
97
280
55
140
227
249
287
281
263
293
223
281
410
445
386
172
91
128
148
183
79
125
263
315
307
298
296
340
361
375
354
284
197
314
340
350
374
274
297
282
264
240
296
340
287
353
336
216
141
145
195
191
189
118
124
158
209
181
121
28
117
129
118
276
232
257
279
303
245
183
147
131
168
193
220
259
208
179
33
118
47
5
153
77
38
260
258
322
304
249
204
231
213
178
131
80
106
128
101
107
190
223
284
242
250
241
260
212
226
187
243
179
276
396
305
414
328
441
386
407
404
414
393
385
229
392
338
444
405
401
349
405
448
275
295
386
377
380
438
485
508
416
240
250
240
263
310
351
418
344
497
358
420
418
443
397
358
385
398
400
384
424
282
396
342
383
243
251
187
192
172
245
271
255
229
254
205
269
217
255
227
257
293
261
266
234
223
257
305
308
344
403
388
339
431
388
341
392
380
315
404
341
374
472
442
332
240
277
284
340
405
400
331
298
301
260
225
234
279
196
225
242
292
176
174
114
85
69
48
41
47
66
116
105
114
84
94
71
77
69
59
69
63
127
48
50
41
97
105
147
44
73
127
149
171
173
119
121
157
179
192
199
170
203
169
215
180
134
196
201
173
160
203
155
160
127
75
90
94
77
116
161
260
214
202
151
191
157
131
98
97
39
55
50
50
69
53
80
41
215
105
33
120
125
109
125
188
167
145
132
166
130
155
179
149
140
112
139
131
168
161
127
160
210
202
266
249
239
215
173
220
209
227
274
235
211
269
212
223
216
281
264
228
228
225
251
261
305
182
444
338
438
193
271
183
281
271
168
196
137
189
175
166
146
165
165
167
175
259
412
301
428
350
282
181
141
247
214
213
230
203
277
250
241
297
259
226
263
273
239
210
225
263
272
255
228
236
179
310
288
298
182
213
353
293
289
301
289
224
319
282
200
249
291
255
277
252
261
337
240
201
220
197
54
83
96
78
61
31
113
42
63
55
83
47
39
14
14
28
91
57
47
58
61
89
82
99
124
144
147
92
187
251
204
191
189
94
106
157
93
109
116
96
37
83
38
72
158
175
155
188
156
226
192
191
205
180
114
69
144
155
77
75
78
66
226
228
258
352
239
309
250
196
265
299
336
254
270
269
178
240
251
199
169
281
247
350
296
263
252
176
208
267
273
251
160
183
192
232
252
258
304
250
174
276
280
242
133
169
216
202
266
238
205
223
181
237
250
216
255
207
315
210
181
144
163
204
222
197
168
144
137
121
137
131
169
160
97
197
149
149
189
202
185
187
203
288
147
110
126
170
151
135
157
144
119
148
190
265
273
219
125
213
232
178
122
141
193
208
219
182
206
190
172
120
144
184
174
230
260
172
206
197
276
277
266
257
210
236
168
219
223
209
219
127
160
128
188
121
109
168
173
231
177
179
180
131
186
187
172
128
97
142
149
156
157
153
185
158
132
177
179
212
212
127
106
211
176
214
171
157
212
164
147
114
91
117
126
105
140
138
139
151
134
142
99
155
120
99
70
85
86
78
69
120
140
164
175
116
75
95
91
68
131
144
166
155
101
102
124
102
60
55
61
77
94
86
62
39
50
33
135
80
80
69
72
26
28
47
39
43
47
41
39
52
50
58
38
63
50
25
33
32
58
39
70
127
94
104
80
44
52
28
30
22
14
9
16
36
25
22
16
11
9
16
14
14
22
14
19
28
45
41
36
20
36
28
11
67
25
22
8
118
63
24
16
11
14
14
19
22
28
148
165
293
228
146
149
120
78
82
140
108
116
114
129
128
113
85
131
154
170
229
197
251
287
287
251
205
274
300
241
228
231
229
211
212
181
93
122
205
303
214
174
207
197
80
133
108
138
71
94
136
255
166
225
162
198
177
227
335
317
284
261
211
302
268
146
50
68
66
57
61
46
196
234
222
193
154
175
202
182
176
156
235
278
290
186
233
272
335
299
384
278
424
357
334
319
228
271
300
321
318
311
303
297
324
291
251
290
233
269
247
278
281
154
227
273
193
208
248
201
219
169
168
147
119
83
130
99
136
123
258
226
217
215
245
349
176
102
93
133
62
75
54
52
69
64
50
41
30
13
97
169
102
141
107
94
45
115
250
237
246
253
281
280
285
305
340
266
334
286
223
229
123
133
266
261
257
245
218
182
218
215
249
227
203
181
340
250
271
295
317
261
359
291
383
162
237
212
334
314
258
373
261
269
241
257
273
294
350
320
299
306
288
243
292
336
267
233
293
281
261
254
276
398
269
172
243
302
183
188
209
151
300
370
296
127
214
134
170
89
188
135
220
146
235
170
250
216
199
231
214
235
224
202
91
142
141
103
224
232
242
301
290
295
289
241
290
276
259
237
252
253
258
251
234
263
270
244
270
272
246
264
252
250
281
295
206
282
286
213
308
195
311
321
268
279
271
296
185
320
308
278
155
230
238
288
290
291
205
137
250
56
72
109
128
156
162
173
182
203
221
39
310
510
310
375
344
354
425
379
411
414
353
279
403
294
425
429
185
387
321
366
432
367
359
380
386
424
379
429
453
341
493
401
478
356
341
326
466
443
462
212
397
348
396
350
409
480
425
254
319
418
369
289
403
316
438
502
344
350
456
431
397
451
351
372
410
372
405
337
319
268
386
294
175
57
220
190
193
224
269
292
262
235
203
200
264
344
271
333
387
388
346
334
351
360
267
334
320
285
301
323
286
294
292
33
89
89
123
138
229
390
293
374
376
317
375
360
355
328
332
287
334
392
432
317
349
332
364
351
369
283
330
328
369
386
454
319
276
274
270
245
306
274
235
241
270
293
308
353
184
294
259
345
274
415
331
252
306
304
331
365
304
363
285
281
344
279
246
277
181
124
100
225
284
226
176
254
166
218
159
97
280
55
140
227
249
287
281
263
293
223
281
410
445
386
172
91
128
148
183
79
125
263
315
307
298
296
340
361
375
354
284
197
314
340
350
374
274
297
282
264
240
296
340
287
353
336
216
141
145
195
191
189
118
124
158
209
181
121
28
117
129
118
276
232
257
279
303
245
183
147
131
168
193
220
259
208
179
33
118
47
5
153
77
38
260
258
322
304
249
204
231
213
178
131
80
106
128
101
107
190
223
284
242
250
241
260
212
226
187
243
179
276
396
305
414
328
441
386
407
404
414
393
385
229
392
338
444
405
401
349
405
448
275
295
386
377
380
438
485
508
416
240
250
240
263
310
351
418
344
497
358
420
418
443
397
358
385
398
400
384
424
282
396
342
383
243
251
187
192
172
245
271
255
229
254
205
269
217
255
227
257
293
261
266
234
223
257
305
308
344
403
388
339
431
388
341
392
380
315
404
341
374
472
442
332
240
277
284
340
405
400
331
298
301
260
225
234
279
196
225
242
292
176
174
114
85
69
48
41
47
66
116
105
114
84
94
71
77
69
59
69
63
127
48
50
41
97
105
147
44
73
127
149
171
173
119
121
157
179
192
199
170
203
169
215
180
134
196
201
173
160
203
155
160
127
75
90
94
77
116
161
260
214
202
151
191
157
131
98
97
39
55
50
50
69
53
80
41
215
105
33
120
125
109
125
188
167
145
132
166
130
155
179
149
140
112
139
131
168
161
127
160
210
202
266
249
239
215
173
220
209
227
274
235
211
269
212
223
216
281
264
228
228
225
251
261
305
182
444
338
438
193
271
183
281
271
168
196
137
189
175
166
146
165
165
167
175
259
412
301
428
350
282
181
141
247
214
213
230
203
277
250
241
297
259
226
263
273
239
210
225
263
272
255
228
236
179
310
288
298
182
213
353
293
289
301
289
224
319
282
200
249
291
255
277
252
261
337
240
201
220
197
54
83
96
78
61
31
113
42
63
55
83
47
39
14
14
28
91
57
47
58
61
89
82
99
124
144
147
92
187
251
204
191
189
94
106
157
93
109
116
96
37
83
38
72
158
175
155
188
156
226
192
191
205
180
114
69
144
155
77
75
78
66
226
228
258
352
239
309
250
196
265
299
336
254
270
269
178
240
251
199
169
281
247
350
296
263
252
176
208
267
273
251
160
183
192
232
252
258
304
250
174
276
280
242
133
169
216
202
266
238
205
223
181
237
250
216
255
207
315
210
181
144
163
204
222
197
168
144
137
121
137
131
169
160
97
197
149
149
189
202
185
187
203
288
147
110
126
170
151
135
157
144
119
148
190
265
273
219
125
213
232
178
122
141
193
208
219
182
206
190
172
120
144
184
174
230
260
172
206
197
276
277
266
257
210
236
168
219
223
209
219
127
160
128
188
121
109
168
173
231
177
179
180
131
186
187
172
128
97
142
149
156
157
153
185
158
132
177
179
212
212
127
106
211
176
214
171
157
212
164
147
114
91
117
126
105
140
138
139
151
134
142
99
155
120
99
70
85
86
78
69
120
140
164
175
116
75
95
91
68
131
144
166
155
101
102
124
102
60
55
61
77
94
86
62
39
50
33
135
80
80
69
72
26
28
47
39
43
47
41
39
52
50
58
38
63
50
25
33
32
58
39
70
127
94
104
80
44
52
28
30
22
14
9
16
36
25
22
16
11
9
16
14
14
22
14
19
28
45
41
36
20
36
28
11
67
25
22
8
118
63
24
16
11
14
14
19
22
28
148
165
293
228
146
149
120
78
82
140
108
116
114
129
128
113
85
131
154
170
229
197
251
287
287
251
205
274
300
241
228
231
229
211
212
181
93
122
205
303
214
174
207
197
80
133
108
138
71
94
136
255
166
225
162
198
177
227
335
317
284
261
211
302
268
146
50
68
66
57
61
46
196
234
222
193
154
175
202
182
176
156
235
278
290
186
233
272
335
299
384
278
424
357
334
319
228
271
300
321
318
311
303
297
324
291
251
290
233
269
247
278
281
154
227
273
193
208
248
201
219
169
168
147
119
83
130
99
136
123
258
226
217
215
245
349
176
102
93
133
62
75
54
52
69
64
50
41
30
13
97
169
102
141
107
94
45
115
250
237
246
253
281
280
285
305
340
266
334
286
223
229
123
133
266
261
257
245
218
182
218
215
249
227
203
181
340
250
271
295
317
261
359
291
383
162
237
212
334
314
258
373
261
269
241
257
273
294
350
320
299
306
288
243
292
336
267
233
293
281
261
254
276
398
269
172
243
302
183
188
209
151
300
370
296
127
214
134
170
89
188
135
220
146
235
170
250
216
199
231
214
235
224
202
91
142
141
103
224
232
242
301
290
295
289
241
290
276
259
237
252
253
258
251
234
263
270
244
270
272
246
264
252
250
281
295
206
282
286
213
308
195
311
321
268
279
271
296
185
320
308
278
155
230
238
288
290
291
205
137
250
56
72
109
128
156
162
173
182
203
221
39
