2224
1442
2161
2261
2090
1626
2022
2100
1970
2138
1927
1738
1609
1823
1985
1450
1770
1610
1727
1483
1219
1342
1746
1717
1622
1520
1550
2064
1835
1045
1888
2025
1865
2012
1675
1647
1100
1615
1644
1402
1538
1891
1807
2211
1935
1785
2190
1980
1660
1592
1983
2019
1940
2116
1954
1909
2159
1775
1733
1983
2208
1885
1610
1977
2124
2878
1936
2067
2114
1647
1912
1777
1749
1899
1888
2001
1935
1772
1512
1492
1744
2271
1483
1660
1646
1770
1974
1691
1631
1282
1331
2001
1946
1163
1835
1324
464
1255
1281
1134
1257
864
622
667
864
971
452
1287
767
659
1009
1290
494
777
389
334
405
548
336
883
480
1148
848
548
365
459
405
331
688
241
512
446
812
569
525
583
583
418
552
706
381
441
512
223
530
383
388
405
231
423
441
257
423
265
245
652
297
388
278
423
283
158
229
843
1005
1027
1132
1232
1623
1974
1072
1341
1084
1237
1029
835
872
906
961
415
460
334
212
1331
402
87
158
900
619
850
1053
942
94
1615
1153
580
683
866
677
601
665
341
423
405
491
917
1271
948
890
601
472
762
1061
787
696
494
405
389
1253
1216
1026
1113
879
766
757
1101
780
573
457
652
704
861
544
462
459
338
423
299
494
446
494
294
476
394
441
370
255
194
229
176
286
787
334
176
370
192
388
317
271
283
614
459
906
601
281
1425
1236
1320
677
334
804
229
229
317
580
1416
1433
1431
712
698
1068
799
830
704
554
711
619
384
670
609
485
722
950
1538
1215
1497
1751
1555
1851
1773
1907
1985
1985
2074
1853
787
1378
1867
2182
1746
1927
2248
2429
1678
1529
1546
1728
1639
1743
1811
2177
1912
1016
1051
880
1160
922
935
990
980
1373
1578
963
1179
835
1093
1268
1008
951
1413
1332
1018
706
801
1019
1101
943
1152
1185
1187
1211
950
1311
1405
1436
1179
1470
1310
1549
1605
1268
1694
1610
1655
1825
1391
1446
1651
1848
1888
2104
2148
1990
1260
1216
1487
1714
1760
1465
1862
2079
1890
1395
1499
1943
1851
1786
1778
1639
1450
1286
1310
2108
1696
1949
1366
1718
1822
1822
1915
2408
1486
1651
2072
1738
1820
1907
2197
1865
1475
1446
622
1877
1531
1691
1697
1454
1610
1857
1399
1513
1486
1161
757
670
530
1169
1676
1685
1928
1374
1857
1867
1407
2268
1389
1444
1447
1809
2201
1756
2069
1840
1857
1922
1941
1793
1051
1733
2004
1454
1982
1434
2001
2064
1945
2095
1791
2040
1898
2122
2124
1885
1688
15
1557
2831
2402
352
512
890
1006
1622
1489
2158
1933
1922
2214
2303
2384
1657
1255
1350
1189
659
407
724
367
352
418
772
904
724
588
476
890
1363
874
317
247
229
158
575
619
1131
1489
1076
901
627
614
830
1003
796
793
733
527
979
799
510
691
688
767
690
388
388
677
1064
984
401
740
1245
1458
1332
1266
1253
1321
1068
1148
1113
1184
1318
1050
530
244
1200
1618
1221
1253
1512
1281
824
1357
1764
1371
1970
1731
866
1405
1915
1515
1613
1626
1949
1733
2067
2534
2079
1284
1234
1160
1730
1815
1355
921
678
1271
1072
1011
730
1699
1995
1667
1744
1759
1344
1282
2046
1536
1764
1529
1764
1142
1131
1331
1404
940
1016
917
724
1152
1311
1255
1349
895
1352
1370
1395
1641
1643
1457
1030
623
494
1379
1513
1517
1591
1591
1844
1777
1290
1420
1066
1331
974
715
1373
1571
1405
934
1089
741
464
548
895
1122
1210
1284
1040
1318
1467
1487
1605
1442
1479
1479
1400
862
1412
1426
1478
1420
1436
1005
1622
1583
1408
1643
1715
1817
1799
1945
1896
1859
1707
1425
955
611
885
848
672
963
733
572
801
433
1389
1257
1098
635
468
1308
1833
1752
1420
1877
2337
1790
2324
1723
1859
1701
1334
1271
1706
1623
1446
1772
2508
1877
1706
1697
1736
1613
1668
1925
1370
1475
1185
1266
1030
644
1788
1709
1594
1610
1452
1142
1465
1777
1589
1155
565
212
153
1571
1925
1791
1517
2209
2229
1772
1442
1439
1397
1058
948
829
817
1039
1609
1153
1425
1643
1195
1949
1584
1883
1717
1667
1584
1279
1026
518
599
806
619
34
951
887
880
840
2045
2187
2218
2098
2366
2274
1903
2765
2056
1508
1211
87
141
1026
767
984
703
1266
1756
2106
2361
2507
2037
2631
2180
1946
1794
2116
1915
2174
1878
2059
2230
2093
1777
1882
1156
535
352
1229
1956
2218
2335
1802
1467
1349
1352
1092
875
809
906
950
909
998
635
454
523
652
846
901
604
601
205
1907
2111
1835
1751
1770
1284
1491
1846
1935
927
1284
1436
1290
850
675
791
388
388
329
937
748
504
625
670
467
447
441
289
370
363
548
370
370
296
388
286
428
176
176
194
129
476
297
212
141
123
69
141
113
123
52
52
459
115
370
283
236
352
300
168
194
34
583
105
123
189
706
476
344
512
489
565
297
229
247
158
204
265
334
245
459
363
806
1192
969
869
998
795
422
596
1039
1166
548
339
370
237
334
373
699
871
1056
1016
1920
1549
1244
1510
1712
2395
2484
2553
1961
1844
1665
1428
1727
1421
1848
1628
1915
2411
2542
2180
2364
2079
1856
1995
1935
1801
1563
1675
1770
1738
1844
1643
2502
2114
1811
2053
2410
2402
2058
2282
2100
2176
2020
1815
2258
1870
1431
1607
1823
1806
1533
1568
1596
1670
1849
1655
2167
1844
2090
1318
2146
1386
1664
1961
2022
2316
2174
2298
2146
2623
2363
2085
880
533
459
622
1681
2164
2090
1880
1977
1652
1689
1848
1710
1841
2069
2037
1287
1778
1576
1651
2242
2469
1885
1877
1764
1557
1644
1190
1903
1643
1662
964
741
581
402
334
317
554
1105
1673
1785
1331
1974
1628
1282
1366
1914
2051
1959
1307
1780
1358
1725
1554
1683
730
914
703
1179
1215
1347
1113
838
652
158
459
703
888
1567
1806
1757
1825
1736
2340
2322
1932
1463
1470
1555
1707
1467
2153
1538
1914
1496
1202
1620
1515
1355
1536
1421
1360
1597
1676
1326
875
1137
1040
719
956
1458
1423
946
1087
976
1237
667
703
334
530
530
380
921
1153
1544
1526
1680
1468
1416
1898
1804
1727
1715
1722
1731
1749
1998
1714
2020
1985
1978
2177
2129
1483
2100
2038
2140
2038
2314
2447
1623
2322
2106
1655
2092
2129
2281
2469
2251
2038
2208
1841
2235
2022
2230
2122
2184
2138
2046
1641
2274
2226
1536
1864
1050
1899
1896
1757
1339
1668
1639
1242
1660
1176
1638
1413
1318
1565
1680
1775
1836
1841
2163
2075
2062
2224
1442
2161
2261
2090
1626
2022
2100
1970
2138
1927
1738
1609
1823
1985
1450
1770
1610
1727
1483
1219
1342
1746
1717
1622
1520
1550
2064
1835
1045
1888
2025
1865
2012
1675
1647
1100
1615
1644
1402
1538
1891
1807
2211
1935
1785
2190
1980
1660
1592
1983
2019
1940
2116
1954
1909
2159
1775
1733
1983
2208
1885
1610
1977
2124
2878
1936
2067
2114
1647
1912
1777
1749
1899
1888
2001
1935
1772
1512
1492
1744
2271
1483
1660
1646
1770
1974
1691
1631
1282
1331
2001
1946
1163
1835
1324
464
1255
1281
1134
1257
864
622
667
864
971
452
1287
767
659
1009
1290
494
777
389
334
405
548
336
883
480
1148
848
548
365
459
405
331
688
241
512
446
812
569
525
583
583
418
552
706
381
441
512
223
530
383
388
405
231
423
441
257
423
265
245
652
297
388
278
423
283
158
229
843
1005
1027
1132
1232
1623
1974
1072
1341
1084
1237
1029
835
872
906
961
415
460
334
212
1331
402
87
158
900
619
850
1053
942
94
1615
1153
580
683
866
677
601
665
341
423
405
491
917
1271
948
890
601
472
762
1061
787
696
494
405
389
1253
1216
1026
1113
879
766
757
1101
780
573
457
652
704
861
544
462
459
338
423
299
494
446
494
294
476
394
441
370
255
194
229
176
286
787
334
176
370
192
388
317
271
283
614
459
906
601
281
1425
1236
1320
677
334
804
229
229
317
580
1416
1433
1431
712
698
1068
799
830
704
554
711
619
384
670
609
485
722
950
1538
1215
1497
1751
1555
1851
1773
1907
1985
1985
2074
1853
787
1378
1867
2182
1746
1927
2248
2429
1678
1529
1546
1728
1639
1743
1811
2177
1912
1016
1051
880
1160
922
935
990
980
1373
1578
963
1179
835
1093
1268
1008
951
1413
1332
1018
706
801
1019
1101
943
1152
1185
1187
1211
950
1311
1405
1436
1179
1470
1310
1549
1605
1268
1694
1610
1655
1825
1391
1446
1651
1848
1888
2104
2148
1990
1260
1216
1487
1714
1760
1465
1862
2079
1890
1395
1499
1943
1851
1786
1778
1639
1450
1286
1310
2108
1696
1949
1366
1718
1822
1822
1915
2408
1486
1651
2072
1738
1820
1907
2197
1865
1475
1446
622
1877
1531
1691
1697
1454
1610
1857
1399
1513
1486
1161
757
670
530
1169
1676
1685
1928
1374
1857
1867
1407
2268
1389
1444
1447
1809
2201
1756
2069
1840
1857
1922
1941
1793
1051
1733
2004
1454
1982
1434
2001
2064
1945
2095
1791
2040
1898
2122
2124
1885
1688
15
1557
2831
2402
352
512
890
1006
1622
1489
2158
1933
1922
2214
2303
2384
1657
1255
1350
1189
659
407
724
367
352
418
772
904
724
588
476
890
1363
874
317
247
229
158
575
619
1131
1489
1076
901
627
614
830
1003
796
793
733
527
979
799
510
691
688
767
690
388
388
677
1064
984
401
740
1245
1458
1332
1266
1253
1321
1068
1148
1113
1184
1318
1050
530
244
1200
1618
1221
1253
1512
1281
824
1357
1764
1371
1970
1731
866
1405
1915
1515
1613
1626
1949
1733
2067
2534
2079
1284
1234
1160
1730
1815
1355
921
678
1271
1072
1011
730
1699
1995
1667
1744
1759
1344
1282
2046
1536
1764
1529
1764
1142
1131
1331
1404
940
1016
917
724
1152
1311
1255
1349
895
1352
1370
1395
1641
1643
1457
1030
623
494
1379
1513
1517
1591
1591
1844
1777
1290
1420
1066
1331
974
715
1373
1571
1405
934
1089
741
464
548
895
1122
1210
1284
1040
1318
1467
1487
1605
1442
1479
1479
1400
862
1412
1426
1478
1420
1436
1005
1622
1583
1408
1643
1715
1817
1799
1945
1896
1859
1707
1425
955
611
885
848
672
963
733
572
801
433
1389
1257
1098
635
468
1308
1833
1752
1420
1877
2337
1790
2324
1723
1859
1701
1334
1271
1706
1623
1446
1772
2508
1877
1706
1697
1736
1613
1668
1925
1370
1475
1185
1266
1030
644
1788
1709
1594
1610
1452
1142
1465
1777
1589
1155
565
212
153
1571
1925
1791
1517
2209
2229
1772
1442
1439
1397
1058
948
829
817
1039
1609
1153
1425
1643
1195
1949
1584
1883
1717
1667
1584
1279
1026
518
599
806
619
34
951
887
880
840
2045
2187
2218
2098
2366
2274
1903
2765
2056
1508
1211
87
141
1026
767
984
703
1266
1756
2106
2361
2507
2037
2631
2180
1946
1794
2116
1915
2174
1878
2059
2230
2093
1777
1882
1156
535
352
1229
1956
2218
2335
1802
1467
1349
1352
1092
875
809
906
950
909
998
635
454
523
652
846
901
604
601
205
1907
2111
1835
1751
1770
1284
1491
1846
1935
927
1284
1436
1290
850
675
791
388
388
329
937
748
504
625
670
467
447
441
289
370
363
548
370
370
296
388
286
428
176
176
194
129
476
297
212
141
123
69
141
113
123
52
52
459
115
370
283
236
352
300
168
194
34
583
105
123
189
706
476
344
512
489
565
297
229
247
158
204
265
334
245
459
363
806
1192
969
869
998
795
422
596
1039
1166
548
339
370
237
334
373
699
871
1056
1016
1920
1549
1244
1510
1712
2395
2484
2553
1961
1844
1665
1428
1727
1421
1848
1628
1915
2411
2542
2180
2364
2079
1856
1995
1935
1801
1563
1675
1770
1738
1844
1643
2502
2114
1811
2053
2410
2402
2058
2282
2100
2176
2020
1815
2258
1870
1431
1607
1823
1806
1533
1568
1596
1670
1849
1655
2167
1844
2090
1318
2146
1386
1664
1961
2022
2316
2174
2298
2146
2623
2363
2085
880
533
459
622
1681
2164
2090
1880
1977
1652
1689
1848
1710
1841
2069
2037
1287
1778
1576
1651
2242
2469
1885
1877
1764
1557
1644
1190
1903
1643
1662
964
741
581
402
334
317
554
1105
1673
1785
1331
1974
1628
1282
1366
1914
2051
1959
1307
1780
1358
1725
1554
1683
730
914
703
1179
1215
1347
1113
838
652
158
459
703
888
1567
1806
1757
1825
1736
2340
2322
1932
1463
1470
1555
1707
1467
2153
1538
1914
1496
1202
1620
1515
1355
1536
1421
1360
1597
1676
1326
875
1137
1040
719
956
1458
1423
946
1087
976
1237
667
703
334
530
530
380
921
1153
1544
1526
1680
1468
1416
1898
1804
1727
1715
1722
1731
1749
1998
1714
2020
1985
1978
2177
2129
1483
2100
2038
2140
2038
2314
2447
1623
2322
2106
1655
2092
2129
2281
2469
2251
2038
2208
1841
2235
2022
2230
2122
2184
2138
2046
1641
2274
2226
1536
1864
1050
1899
1896
1757
1339
1668
1639
1242
1660
1176
1638
1413
1318
1565
1680
1775
1836
1841
2163
2075
2062
2224
1442
2161
2261
2090
1626
2022
2100
1970
2138
1927
1738
1609
1823
1985
1450
1770
1610
1727
1483
1219
1342
1746
1717
1622
1520
1550
2064
1835
1045
1888
2025
1865
2012
1675
1647
1100
1615
1644
1402
1538
1891
1807
2211
1935
1785
2190
1980
1660
1592
1983
2019
1940
2116
1954
1909
2159
1775
1733
1983
2208
1885
1610
1977
2124
2878
1936
2067
2114
1647
1912
1777
1749
1899
1888
2001
1935
1772
1512
1492
1744
2271
1483
1660
1646
1770
1974
1691
1631
1282
1331
2001
1946
1163
1835
1324
464
1255
1281
1134
1257
864
622
667
864
971
452
1287
767
659
1009
1290
494
777
389
334
405
548
336
883
480
1148
848
548
365
459
405
331
688
241
512
446
812
569
525
583
583
418
552
706
381
441
512
223
530
383
388
405
231
423
441
257
423
265
245
652
297
388
278
423
283
158
229
843
1005
1027
1132
1232
1623
1974
1072
1341
1084
1237
1029
835
872
906
961
415
460
334
212
1331
402
87
158
900
619
850
1053
942
94
1615
1153
580
683
866
677
601
665
341
423
405
491
917
1271
948
890
601
472
762
1061
787
696
494
405
389
1253
1216
1026
1113
879
766
757
1101
780
573
457
652
704
861
544
462
459
338
423
299
494
446
494
294
476
394
441
370
255
194
229
176
286
787
334
176
370
192
388
317
271
283
614
459
906
601
281
1425
1236
1320
677
334
804
229
229
317
580
1416
1433
1431
712
698
1068
799
830
704
554
711
619
384
670
609
485
722
950
1538
1215
1497
1751
1555
1851
1773
1907
1985
1985
2074
1853
787
1378
1867
2182
1746
1927
2248
2429
1678
1529
1546
1728
1639
1743
1811
2177
1912
1016
1051
880
1160
922
935
990
980
1373
1578
963
1179
835
1093
1268
1008
951
1413
1332
1018
706
801
1019
1101
943
1152
1185
1187
1211
950
1311
1405
1436
1179
1470
1310
1549
1605
1268
1694
1610
1655
1825
1391
1446
1651
1848
1888
2104
2148
1990
1260
1216
1487
1714
1760
1465
1862
2079
1890
1395
1499
1943
1851
1786
1778
1639
1450
1286
1310
2108
1696
1949
1366
1718
1822
1822
1915
2408
1486
1651
2072
1738
1820
1907
2197
1865
1475
1446
622
1877
1531
1691
1697
1454
1610
1857
1399
1513
1486
1161
757
670
530
1169
1676
1685
1928
1374
1857
1867
1407
2268
1389
1444
1447
1809
2201
1756
2069
1840
1857
1922
1941
1793
1051
1733
2004
1454
1982
1434
2001
2064
1945
2095
1791
2040
1898
2122
2124
1885
1688
