430
311
60
193
279
278
247
324
206
218
225
194
264
214
198
225
183
232
186
232
141
196
225
203
226
268
306
364
397
378
375
343
364
350
370
385
397
415
79
590
388
369
407
408
444
392
409
409
400
459
402
289
288
328
350
192
46
95
178
157
251
325
375
262
164
163
192
205
257
288
165
141
218
127
106
93
66
57
93
237
424
340
355
270
357
266
277
293
295
343
484
267
370
241
296
126
232
202
197
198
154
185
171
201
235
264
282
322
291
244
264
266
302
387
386
394
396
355
332
158
496
663
674
583
223
249
244
221
290
567
496
528
690
369
165
79
382
562
380
440
541
447
369
413
696
617
1061
934
703
709
723
700
686
720
339
165
169
252
368
432
422
374
118
402
368
284
297
195
248
258
188
232
187
217
297
192
189
268
258
109
138
149
244
203
203
165
93
7
18
550
743
677
594
653
532
723
791
671
547
548
634
735
651
674
745
604
616
670
642
630
571
616
405
266
311
400
293
282
344
205
175
192
152
89
344
186
172
154
158
193
225
155
158
158
118
53
145
103
99
206
99
188
218
103
138
79
80
26
264
89
198
132
232
244
394
378
284
285
463
356
345
374
457
401
411
125
229
232
122
46
161
285
238
204
508
498
325
441
426
395
423
302
182
158
105
132
171
212
143
266
320
367
424
481
785
781
798
616
310
623
522
499
695
854
735
392
523
288
443
160
267
271
361
556
577
674
824
770
643
475
669
632
654
658
707
990
971
891
1014
873
499
787
845
823
897
862
874
1065
1033
990
1066
1067
1142
930
1148
1011
969
955
877
917
965
606
757
738
703
804
767
834
782
987
948
912
1071
814
822
831
993
962
772
733
573
911
838
883
608
744
741
912
747
923
851
862
990
1038
1189
669
862
1029
1140
1015
1169
998
873
874
1055
853
1116
946
964
859
590
972
1110
886
908
850
706
824
933
958
962
747
690
875
952
978
1023
717
574
695
588
489
732
778
598
466
585
710
592
478
652
871
611
717
896
965
805
877
756
947
1060
1007
736
892
792
809
847
908
753
802
659
748
768
840
651
633
740
746
759
874
554
554
480
547
593
422
372
342
564
285
334
244
79
34
165
215
324
317
72
305
364
730
595
473
449
373
393
311
189
196
119
294
303
333
350
384
282
409
442
472
500
372
457
450
471
432
410
443
363
79
318
403
318
287
360
417
294
223
339
284
377
314
352
359
374
426
413
434
427
487
353
517
435
491
491
357
523
423
455
377
316
421
519
485
652
579
602
495
581
597
493
368
513
522
490
354
456
469
379
525
386
472
412
443
433
551
392
162
502
317
371
377
394
222
342
420
410
428
418
331
416
473
353
470
301
389
371
369
375
378
383
412
397
360
253
337
278
278
293
290
278
211
242
317
270
261
280
317
193
251
232
324
271
344
317
311
219
264
198
244
137
212
218
131
165
163
570
509
726
350
639
421
226
400
628
361
457
415
449
424
331
588
376
248
273
371
447
333
389
227
163
145
108
86
73
66
62
79
119
100
187
225
200
201
281
225
200
178
159
216
297
317
404
288
353
267
314
319
250
342
318
333
402
333
277
277
297
94
281
317
197
181
284
123
178
113
553
373
371
463
620
491
594
636
473
525
316
382
356
279
259
224
247
264
196
300
354
398
466
224
366
296
346
410
487
460
405
524
533
561
537
378
492
585
378
407
316
253
213
238
230
225
102
145
135
225
218
230
264
132
172
100
264
169
181
251
161
138
99
119
79
345
294
255
308
285
185
227
251
143
186
244
167
158
99
119
128
158
106
102
132
73
29
93
132
161
160
251
180
403
291
262
197
225
237
304
263
539
516
343
244
145
86
102
73
275
145
174
158
244
297
228
264
200
205
256
215
351
330
313
385
362
378
408
454
311
236
230
707
539
691
611
560
371
398
492
454
393
192
131
291
208
216
225
385
394
496
482
636
512
582
695
737
736
733
694
726
873
613
673
679
745
886
921
767
700
654
625
692
707
731
527
525
374
464
444
339
415
320
251
229
296
356
221
320
314
210
218
91
476
597
464
472
664
619
474
590
438
485
493
500
477
453
545
540
549
553
716
531
523
682
668
633
578
587
466
584
465
502
523
496
557
558
631
440
647
482
473
540
541
636
643
643
619
738
531
617
688
650
634
577
735
793
873
620
516
773
516
268
492
414
505
670
666
589
677
443
556
554
621
515
365
529
332
237
340
539
409
412
415
504
498
448
510
437
652
747
562
680
400
496
345
517
429
547
606
380
437
342
331
255
556
606
650
622
631
682
632
646
626
516
652
587
812
740
625
508
417
278
424
461
510
278
448
439
392
262
464
423
459
447
409
388
431
626
574
691
723
790
706
717
710
750
622
805
748
778
792
787
992
86
38
219
317
842
1131
565
469
830
540
590
482
856
626
919
810
468
520
444
492
553
371
250
329
348
352
333
317
241
239
212
139
152
109
152
119
165
579
683
654
723
733
616
626
663
405
619
350
353
279
296
269
415
371
455
218
201
145
123
370
357
382
506
476
212
244
404
251
149
93
39
138
261
554
698
437
654
387
413
454
614
554
480
539
585
440
251
420
579
513
496
386
496
730
649
396
238
172
545
619
568
443
557
438
423
376
372
307
262
146
86
148
192
145
132
192
198
177
192
132
140
240
278
183
201
331
402
337
313
350
263
172
195
165
140
258
311
333
422
357
224
251
165
225
171
271
357
248
278
190
232
209
185
209
254
576
348
352
347
397
430
431
318
498
485
335
268
363
308
273
421
509
522
406
439
339
251
178
123
66
99
241
362
472
391
353
250
544
353
505
356
581
689
439
543
493
414
127
256
579
691
874
611
617
562
600
542
564
733
545
636
726
700
799
856
821
642
832
590
767
814
607
721
688
762
699
761
764
655
616
567
559
333
512
478
588
466
549
544
366
439
395
280
323
265
283
294
410
239
372
387
343
141
185
468
352
572
562
533
591
655
871
661
637
744
609
432
518
284
401
389
258
403
374
446
391
278
481
449
474
479
447
398
497
385
536
535
558
602
547
446
574
455
523
545
584
363
561
477
451
232
219
403
382
354
298
324
441
232
244
452
468
403
294
539
371
350
419
429
447
465
371
310
421
480
418
330
436
373
417
345
284
276
336
379
290
309
5
412
475
165
106
115
152
212
110
106
251
244
171
157
178
164
152
106
112
96
79
132
148
527
430
311
60
193
279
278
247
324
206
218
225
194
264
214
198
225
183
232
186
232
141
196
225
203
226
268
306
364
397
378
375
343
364
350
370
385
397
415
79
590
388
369
407
408
444
392
409
409
400
459
402
289
288
328
350
192
46
95
178
157
251
325
375
262
164
163
192
205
257
288
165
141
218
127
106
93
66
57
93
237
424
340
355
270
357
266
277
293
295
343
484
267
370
241
296
126
232
202
197
198
154
185
171
201
235
264
282
322
291
244
264
266
302
387
386
394
396
355
332
158
496
663
674
583
223
249
244
221
290
567
496
528
690
369
165
79
382
562
380
440
541
447
369
413
696
617
1061
934
703
709
723
700
686
720
339
165
169
252
368
432
422
374
118
402
368
284
297
195
248
258
188
232
187
217
297
192
189
268
258
109
138
149
244
203
203
165
93
7
18
550
743
677
594
653
532
723
791
671
547
548
634
735
651
674
745
604
616
670
642
630
571
616
405
266
311
400
293
282
344
205
175
192
152
89
344
186
172
154
158
193
225
155
158
158
118
53
145
103
99
206
99
188
218
103
138
79
80
26
264
89
198
132
232
244
394
378
284
285
463
356
345
374
457
401
411
125
229
232
122
46
161
285
238
204
508
498
325
441
426
395
423
302
182
158
105
132
171
212
143
266
320
367
424
481
785
781
798
616
310
623
522
499
695
854
735
392
523
288
443
160
267
271
361
556
577
674
824
770
643
475
669
632
654
658
707
990
971
891
1014
873
499
787
845
823
897
862
874
1065
1033
990
1066
1067
1142
930
1148
1011
969
955
877
917
965
606
757
738
703
804
767
834
782
987
948
912
1071
814
822
831
993
962
772
733
573
911
838
883
608
744
741
912
747
923
851
862
990
1038
1189
669
862
1029
1140
1015
1169
998
873
874
1055
853
1116
946
964
859
590
972
1110
886
908
850
706
824
933
958
962
747
690
875
952
978
1023
717
574
695
588
489
732
778
598
466
585
710
592
478
652
871
611
717
896
965
805
877
756
947
1060
1007
736
892
792
809
847
908
753
802
659
748
768
840
651
633
740
746
759
874
554
554
480
547
593
422
372
342
564
285
334
244
79
34
165
215
324
317
72
305
364
730
595
473
449
373
393
311
189
196
119
294
303
333
350
384
282
409
442
472
500
372
457
450
471
432
410
443
363
79
318
403
318
287
360
417
294
223
339
284
377
314
352
359
374
426
413
434
427
487
353
517
435
491
491
357
523
423
455
377
316
421
519
485
652
579
602
495
581
597
493
368
513
522
490
354
456
469
379
525
386
472
412
443
433
551
392
162
502
317
371
377
394
222
342
420
410
428
418
331
416
473
353
470
301
389
371
369
375
378
383
412
397
360
253
337
278
278
293
290
278
211
242
317
270
261
280
317
193
251
232
324
271
344
317
311
219
264
198
244
137
212
218
131
165
163
570
509
726
350
639
421
226
400
628
361
457
415
449
424
331
588
376
248
273
371
447
333
389
227
163
145
108
86
73
66
62
79
119
100
187
225
200
201
281
225
200
178
159
216
297
317
404
288
353
267
314
319
250
342
318
333
402
333
277
277
297
94
281
317
197
181
284
123
178
113
553
373
371
463
620
491
594
636
473
525
316
382
356
279
259
224
247
264
196
300
354
398
466
224
366
296
346
410
487
460
405
524
533
561
537
378
492
585
378
407
316
253
213
238
230
225
102
145
135
225
218
230
264
132
172
100
264
169
181
251
161
138
99
119
79
345
294
255
308
285
185
227
251
143
186
244
167
158
99
119
128
158
106
102
132
73
29
93
132
161
160
251
180
403
291
262
197
225
237
304
263
539
516
343
244
145
86
102
73
275
145
174
158
244
297
228
264
200
205
256
215
351
330
313
385
362
378
408
454
311
236
230
707
539
691
611
560
371
398
492
454
393
192
131
291
208
216
225
385
394
496
482
636
512
582
695
737
736
733
694
726
873
613
673
679
745
886
921
767
700
654
625
692
707
731
527
525
374
464
444
339
415
320
251
229
296
356
221
320
314
210
218
91
476
597
464
472
664
619
474
590
438
485
493
500
477
453
545
540
549
553
716
531
523
682
668
633
578
587
466
584
465
502
523
496
557
558
631
440
647
482
473
540
541
636
643
643
619
738
531
617
688
650
634
577
735
793
873
620
516
773
516
268
492
414
505
670
666
589
677
443
556
554
621
515
365
529
332
237
340
539
409
412
415
504
498
448
510
437
652
747
562
680
400
496
345
517
429
547
606
380
437
342
331
255
556
606
650
622
631
682
632
646
626
516
652
587
812
740
625
508
417
278
424
461
510
278
448
439
392
262
464
423
459
447
409
388
431
626
574
691
723
790
706
717
710
750
622
805
748
778
792
787
992
86
38
219
317
842
1131
565
469
830
540
590
482
856
626
919
810
468
520
444
492
553
371
250
329
348
352
333
317
241
239
212
139
152
109
152
119
165
579
683
654
723
733
616
626
663
405
619
350
353
279
296
269
415
371
455
218
201
145
123
370
357
382
506
476
212
244
404
251
149
93
39
138
261
554
698
437
654
387
413
454
614
554
480
539
585
440
251
420
579
513
496
386
496
730
649
396
238
172
545
619
568
443
557
438
423
376
372
307
262
146
86
148
192
145
132
192
198
177
192
132
140
240
278
183
201
331
402
337
313
350
263
172
195
165
140
258
311
333
422
357
224
251
165
225
171
271
357
248
278
190
232
209
185
209
254
576
348
352
347
397
430
431
318
498
485
335
268
363
308
273
421
509
522
406
439
339
251
178
123
66
99
241
362
472
391
353
250
544
353
505
356
581
689
439
543
493
414
127
256
579
691
874
611
617
562
600
542
564
733
545
636
726
700
799
856
821
642
832
590
767
814
607
721
688
762
699
761
764
655
616
567
559
333
512
478
588
466
549
544
366
439
395
280
323
265
283
294
410
239
372
387
343
141
185
468
352
572
562
533
591
655
871
661
637
744
609
432
518
284
401
389
258
403
374
446
391
278
481
449
474
479
447
398
497
385
536
535
558
602
547
446
574
455
523
545
584
363
561
477
451
232
219
403
382
354
298
324
441
232
244
452
468
403
294
539
371
350
419
429
447
465
371
310
421
480
418
330
436
373
417
345
284
276
336
379
290
309
5
412
475
165
106
115
152
212
110
106
251
244
171
157
178
164
152
106
112
96
79
132
148
527
430
311
60
193
279
278
247
324
206
218
225
194
264
214
198
225
183
232
186
232
141
196
225
203
226
268
306
364
397
378
375
343
364
350
370
385
397
415
79
590
388
369
407
408
444
392
409
409
400
459
402
289
288
328
350
192
46
95
178
157
251
325
375
262
164
163
192
205
257
288
165
141
218
127
106
93
66
57
93
237
424
340
355
270
357
266
277
293
295
343
484
267
370
241
296
126
232
202
197
198
154
185
171
201
235
264
282
322
291
244
264
266
302
387
386
394
396
355
332
158
496
663
674
583
223
249
244
221
290
567
496
528
690
369
165
79
382
562
380
440
541
447
369
413
696
617
1061
934
703
709
723
700
686
720
339
165
169
252
368
432
422
374
118
402
368
284
297
195
248
258
188
232
187
217
297
192
189
268
258
109
138
149
244
203
203
165
93
7
18
550
743
677
594
653
532
723
791
671
547
548
634
735
651
674
745
604
616
670
642
630
571
616
405
266
311
400
293
282
344
205
175
192
152
89
344
186
172
154
158
193
225
155
158
158
118
53
145
103
99
206
99
188
218
103
138
79
80
26
264
89
198
132
232
244
394
378
284
285
463
356
345
374
457
401
411
125
229
232
122
46
161
285
238
204
508
498
325
441
426
395
423
302
182
158
105
132
171
212
143
266
320
367
424
481
785
781
798
616
310
623
522
499
695
854
735
392
523
288
443
160
267
271
361
556
577
674
824
770
643
475
669
632
654
658
707
990
971
891
1014
873
499
787
845
823
897
862
874
1065
1033
990
1066
1067
1142
930
1148
1011
969
955
877
917
965
606
757
738
703
804
767
834
782
987
948
912
1071
814
822
831
993
962
772
733
573
911
838
883
608
744
741
912
747
923
851
862
990
1038
1189
669
862
1029
1140
1015
1169
998
873
874
1055
853
1116
946
964
859
590
972
1110
886
908
850
706
824
933
958
962
747
690
875
952
978
1023
717
574
695
588
489
732
778
598
466
585
710
592
478
652
871
611
717
896
965
805
877
756
947
1060
1007
736
892
792
809
847
908
753
802
659
748
768
840
651
633
740
746
759
874
554
554
480
547
593
422
372
342
564
285
334
244
79
34
165
215
324
317
72
305
364
730
595
473
449
373
393
311
189
196
119
294
303
333
350
384
282
409
442
472
500
372
457
450
471
432
410
443
363
79
318
403
318
287
360
417
294
223
339
284
377
314
352
359
374
426
413
434
427
487
353
517
435
491
491
357
523
423
455
377
316
421
519
485
652
579
602
495
581
597
493
368
513
522
490
354
456
469
379
525
386
472
412
443
433
551
392
162
502
317
371
377
394
222
342
420
410
428
418
331
416
473
353
470
301
389
371
369
375
378
383
412
397
360
253
337
278
278
293
290
278
211
242
317
270
261
280
317
193
251
232
324
271
344
317
311
219
264
198
244
137
212
218
131
165
163
570
509
726
350
639
421
226
400
628
361
457
415
449
424
331
588
376
248
273
371
447
333
389
227
163
145
108
86
73
66
62
79
119
100
187
225
200
201
281
225
200
178
159
216
297
317
404
288
353
267
314
319
250
342
318
333
402
333
277
277
297
94
281
317
197
181
284
123
178
113
553
373
371
463
620
491
594
636
473
525
316
382
356
279
259
224
247
264
196
300
354
398
466
224
366
296
346
410
487
460
405
524
533
561
537
378
492
585
378
407
316
253
213
238
230
225
102
145
135
225
218
230
264
132
172
100
264
169
181
251
161
138
99
119
79
345
294
255
308
285
185
227
251
143
186
244
167
158
99
119
128
158
106
102
132
73
29
93
132
161
160
251
180
403
291
262
197
225
237
304
263
539
516
343
244
145
86
102
73
275
145
174
158
244
297
228
264
200
205
256
215
351
330
313
385
362
378
408
454
311
236
230
707
539
691
611
560
371
398
492
454
393
192
131
291
208
216
225
385
394
496
482
636
512
582
695
737
736
733
694
726
873
613
673
679
745
886
921
767
700
654
625
692
707
731
527
525
374
464
444
339
415
320
251
229
296
356
221
320
314
210
218
91
476
597
464
472
664
619
474
590
438
485
493
500
477
453
545
540
549
553
716
531
523
682
668
633
578
587
466
584
465
502
523
496
557
558
631
440
647
482
473
540
541
636
643
643
619
738
531
617
688
650
634
577
735
793
873
620
516
773
516
268
492
414
505
670
666
589
677
443
556
554
621
515
365
529
332
237
340
539
409
412
415
504
498
448
510
437
652
747
562
680
400
496
345
517
429
547
606
380
437
342
331
255
556
606
650
622
631
682
632
646
626
516
652
587
812
740
625
508
417
278
424
461
510
278
448
439
392
262
464
423
459
447
409
388
431
626
574
691
723
790
706
717
710
750
622
805
748
778
792
787
992
86
