514
586
522
532
468
446
513
610
615
687
805
776
679
862
777
681
784
760
630
808
682
748
944
883
663
480
554
567
680
810
799
662
597
601
521
450
468
557
391
449
484
584
352
347
229
170
138
97
83
94
133
233
210
228
169
188
142
155
138
118
138
127
254
97
99
83
194
210
293
89
145
253
299
341
346
238
243
314
357
384
398
341
406
339
429
361
269
393
403
346
321
406
311
321
254
149
180
189
154
232
321
520
429
404
301
383
314
263
196
194
78
110
99
99
138
105
160
81
430
210
66
241
250
217
251
376
334
289
265
332
261
310
358
297
280
224
278
263
336
322
254
320
419
404
532
498
477
430
346
439
418
454
548
470
423
537
424
445
432
561
529
455
457
450
503
521
610
364
888
677
876
386
543
366
561
542
335
391
273
377
351
332
291
329
329
335
351
518
825
602
856
700
565
362
282
495
429
427
460
405
553
500
482
594
517
452
526
546
479
421
451
526
543
509
455
473
358
620
576
596
364
425
706
586
578
602
578
449
637
564
400
498
582
511
554
505
521
674
481
401
441
393
109
166
193
156
121
63
227
85
127
110
166
95
77
27
27
56
183
113
94
116
123
177
163
199
248
288
293
183
375
501
407
381
378
188
212
313
186
219
232
193
74
166
77
144
316
350
311
375
312
452
383
382
410
361
229
138
288
309
155
149
155
133
452
456
515
704
478
619
499
391
531
599
672
508
541
538
356
481
501
399
339
562
494
699
592
526
504
352
417
534
546
501
321
366
384
464
505
517
607
500
348
553
561
484
265
337
431
405
532
475
409
446
361
473
500
433
510
414
630
420
361
288
325
409
443
394
336
287
274
242
274
262
338
321
194
394
298
299
377
404
371
374
406
577
294
220
252
339
302
269
314
288
239
296
380
530
547
438
249
426
463
356
245
282
385
417
439
365
412
380
345
240
288
367
347
460
519
344
412
394
552
553
533
514
419
472
336
438
446
417
438
254
319
256
376
242
218
337
346
461
354
358
361
261
372
374
345
257
195
285
298
312
314
306
371
315
264
354
358
425
424
254
211
423
353
428
342
314
424
327
295
227
181
235
251
210
281
277
277
302
267
284
199
311
241
199
141
169
171
155
138
240
280
327
350
232
151
190
183
135
263
289
333
310
202
203
249
204
121
110
121
154
188
171
124
77
99
66
270
160
160
138
144
52
55
94
77
86
94
83
79
105
99
116
77
127
99
50
66
63
116
77
139
254
187
208
160
88
105
55
61
44
27
19
33
72
50
44
33
22
17
33
27
27
44
27
38
55
91
83
72
41
72
55
22
134
50
44
16
236
127
48
33
22
27
27
38
44
57
296
331
586
456
292
297
241
156
163
280
216
232
228
259
257
227
169
263
309
340
458
394
502
575
574
502
409
548
600
483
455
462
458
422
423
361
186
244
411
605
428
348
414
393
160
266
216
277
142
188
273
509
332
451
323
397
354
453
670
634
568
522
422
604
535
291
99
135
133
113
121
92
392
468
444
385
307
351
404
365
351
311
471
557
580
371
467
545
670
597
767
556
848
714
668
639
457
542
599
642
636
621
606
595
647
582
502
580
465
538
493
557
562
309
454
547
386
416
497
402
437
338
336
293
239
165
260
197
271
247
516
452
435
429
490
697
352
204
187
266
123
149
109
105
138
128
99
83
61
27
194
338
205
282
214
188
89
231
501
474
492
506
561
559
570
610
680
532
667
572
447
458
246
266
532
522
513
490
435
365
436
430
499
454
405
361
681
499
542
590
634
522
717
583
766
324
473
425
667
627
515
747
523
538
481
514
546
588
699
639
597
613
576
486
583
672
533
465
585
563
521
507
553
796
538
343
486
604
366
375
418
302
600
740
591
255
427
268
341
178
376
270
440
292
469
340
500
431
398
461
427
471
447
405
182
284
282
207
448
464
484
603
580
589
578
482
580
552
517
474
504
507
516
502
469
525
541
487
541
544
491
528
504
500
561
590
412
564
572
426
616
390
621
643
537
558
542
593
371
639
616
557
309
459
476
576
579
582
410
273
500
111
144
219
257
312
323
345
364
406
442
78
620
1020
619
749
688
708
849
758
822
827
706
558
806
588
850
857
371
775
642
731
865
735
718
760
772
848
758
858
905
681
985
803
956
712
681
652
931
886
924
423
795
696
792
701
819
961
849
508
639
836
738
578
806
632
877
1004
689
700
912
862
794
901
702
745
820
743
810
674
637
535
772
589
350
114
440
380
386
448
537
583
523
471
406
401
529
687
542
666
774
776
693
669
701
721
534
668
640
571
601
645
572
589
584
66
178
177
245
275
459
781
585
747
752
634
750
721
710
655
663
574
668
785
864
635
698
663
728
702
738
566
661
657
738
773
907
638
552
549
541
489
611
547
470
482
541
586
615
706
368
588
518
690
547
831
662
503
611
608
661
730
609
726
570
562
688
558
492
554
361
249
200
450
568
452
352
508
332
436
318
194
560
110
280
453
498
575
563
526
585
447
562
820
889
771
343
183
256
295
365
158
249
527
631
614
597
592
680
721
750
707
569
394
628
679
700
748
547
593
564
528
479
591
681
575
707
672
433
282
289
390
383
378
235
247
316
417
361
242
55
235
257
236
551
465
514
558
606
490
366
293
263
336
385
439
518
416
359
66
236
94
9
307
155
76
521
516
644
608
497
408
462
426
356
262
160
212
257
201
213
380
446
569
484
501
482
519
424
452
375
487
358
552
792
610
829
655
882
772
814
808
828
786
770
457
783
675
888
809
803
697
810
896
551
590
771
755
760
877
969
1016
831
481
499
481
525
621
702
836
689
994
717
840
836
887
793
716
770
796
799
768
848
563
792
685
765
486
501
373
384
344
491
543
510
457
508
410
538
434
510
453
514
586
522
532
468
446
513
610
615
687
805
776
679
862
777
681
784
760
630
808
682
748
944
883
663
480
554
567
680
810
799
662
597
601
521
450
468
557
391
449
484
584
352
347
229
170
138
97
83
94
133
233
210
228
169
188
142
155
138
118
138
127
254
97
99
83
194
210
293
89
145
253
299
341
346
238
243
314
357
384
398
341
406
339
429
361
269
393
403
346
321
406
311
321
254
149
180
189
154
232
321
520
429
404
301
383
314
263
196
194
78
110
99
99
138
105
160
81
430
210
66
241
250
217
251
376
334
289
265
332
261
310
358
297
280
224
278
263
336
322
254
320
419
404
532
498
477
430
346
439
418
454
548
470
423
537
424
445
432
561
529
455
457
450
503
521
610
364
888
677
876
386
543
366
561
542
335
391
273
377
351
332
291
329
329
335
351
518
825
602
856
700
565
362
282
495
429
427
460
405
553
500
482
594
517
452
526
546
479
421
451
526
543
509
455
473
358
620
576
596
364
425
706
586
578
602
578
449
637
564
400
498
582
511
554
505
521
674
481
401
441
393
109
166
193
156
121
63
227
85
127
110
166
95
77
27
27
56
183
113
94
116
123
177
163
199
248
288
293
183
375
501
407
381
378
188
212
313
186
219
232
193
74
166
77
144
316
350
311
375
312
452
383
382
410
361
229
138
288
309
155
149
155
133
452
456
515
704
478
619
499
391
531
599
672
508
541
538
356
481
501
399
339
562
494
699
592
526
504
352
417
534
546
501
321
366
384
464
505
517
607
500
348
553
561
484
265
337
431
405
532
475
409
446
361
473
500
433
510
414
630
420
361
288
325
409
443
394
336
287
274
242
274
262
338
321
194
394
298
299
377
404
371
374
406
577
294
220
252
339
302
269
314
288
239
296
380
530
547
438
249
426
463
356
245
282
385
417
439
365
412
380
345
240
288
367
347
460
519
344
412
394
552
553
533
514
419
472
336
438
446
417
438
254
319
256
376
242
218
337
346
461
354
358
361
261
372
374
345
257
195
285
298
312
314
306
371
315
264
354
358
425
424
254
211
423
353
428
342
314
424
327
295
227
181
235
251
210
281
277
277
302
267
284
199
311
241
199
141
169
171
155
138
240
280
327
350
232
151
190
183
135
263
289
333
310
202
203
249
204
121
110
121
154
188
171
124
77
99
66
270
160
160
138
144
52
55
94
77
86
94
83
79
105
99
116
77
127
99
50
66
63
116
77
139
254
187
208
160
88
105
55
61
44
27
19
33
72
50
44
33
22
17
33
27
27
44
27
38
55
91
83
72
41
72
55
22
134
50
44
16
236
127
48
33
22
27
27
38
44
57
296
331
586
456
292
297
241
156
163
280
216
232
228
259
257
227
169
263
309
340
458
394
502
575
574
502
409
548
600
483
455
462
458
422
423
361
186
244
411
605
428
348
414
393
160
266
216
277
142
188
273
509
332
451
323
397
354
453
670
634
568
522
422
604
535
291
99
135
133
113
121
92
392
468
444
385
307
351
404
365
351
311
471
557
580
371
467
545
670
597
767
556
848
714
668
639
457
542
599
642
636
621
606
595
647
582
502
580
465
538
493
557
562
309
454
547
386
416
497
402
437
338
336
293
239
165
260
197
271
247
516
452
435
429
490
697
352
204
187
266
123
149
109
105
138
128
99
83
61
27
194
338
205
282
214
188
89
231
501
474
492
506
561
559
570
610
680
532
667
572
447
458
246
266
532
522
513
490
435
365
436
430
499
454
405
361
681
499
542
590
634
522
717
583
766
324
473
425
667
627
515
747
523
538
481
514
546
588
699
639
597
613
576
486
583
672
533
465
585
563
521
507
553
796
538
343
486
604
366
375
418
302
600
740
591
255
427
268
341
178
376
270
440
292
469
340
500
431
398
461
427
471
447
405
182
284
282
207
448
464
484
603
580
589
578
482
580
552
517
474
504
507
516
502
469
525
541
487
541
544
491
528
504
500
561
590
412
564
572
426
616
390
621
643
537
558
542
593
371
639
616
557
309
459
476
576
579
582
410
273
500
111
144
219
257
312
323
345
364
406
442
78
620
1020
619
749
688
708
849
758
822
827
706
558
806
588
850
857
371
775
642
731
865
735
718
760
772
848
758
858
905
681
985
803
956
712
681
652
931
886
924
423
795
696
792
701
819
961
849
508
639
836
738
578
806
632
877
1004
689
700
912
862
794
901
702
745
820
743
810
674
637
535
772
589
350
114
440
380
386
448
537
583
523
471
406
401
529
687
542
666
774
776
693
669
701
721
534
668
640
571
601
645
572
589
584
66
178
177
245
275
459
781
585
747
752
634
750
721
710
655
663
574
668
785
864
635
698
663
728
702
738
566
661
657
738
773
907
638
552
549
541
489
611
547
470
482
541
586
615
706
368
588
518
690
547
831
662
503
611
608
661
730
609
726
570
562
688
558
492
554
361
249
200
450
568
452
352
508
332
436
318
194
560
110
280
453
498
575
563
526
585
447
562
820
889
771
343
183
256
295
365
158
249
527
631
614
597
592
680
721
750
707
569
394
628
679
700
748
547
593
564
528
479
591
681
575
707
672
433
282
289
390
383
378
235
247
316
417
361
242
55
235
257
236
551
465
514
558
606
490
366
293
263
336
385
439
518
416
359
66
236
94
9
307
155
76
521
516
644
608
497
408
462
426
356
262
160
212
257
201
213
380
446
569
484
501
482
519
424
452
375
487
358
552
792
610
829
655
882
772
814
808
828
786
770
457
783
675
888
809
803
697
810
896
551
590
771
755
760
877
969
1016
831
481
499
481
525
621
702
836
689
994
717
840
836
887
793
716
770
796
799
768
848
563
792
685
765
486
501
373
384
344
491
543
510
457
508
410
538
434
510
453
514
586
522
532
468
446
513
610
615
687
805
776
679
862
777
681
784
760
630
808
682
748
944
883
663
480
554
567
680
810
799
662
597
601
521
450
468
557
391
449
484
584
352
347
229
170
138
97
83
94
133
233
210
228
169
188
142
155
138
118
138
127
254
97
99
83
194
210
293
89
145
253
299
341
346
238
243
314
357
384
398
341
406
339
429
361
269
393
403
346
321
406
311
321
254
149
180
189
154
232
321
520
429
404
301
383
314
263
196
194
78
110
99
99
138
105
160
81
430
210
66
241
250
217
251
376
334
289
265
332
261
310
358
297
280
224
278
263
336
322
254
320
419
404
532
498
477
430
346
439
418
454
548
470
423
537
424
445
432
561
529
455
457
450
503
521
610
364
888
677
876
386
543
366
561
542
335
391
273
377
351
332
291
329
329
335
351
518
825
602
856
700
565
362
282
495
429
427
460
405
553
500
482
594
517
452
526
546
479
421
451
526
543
509
455
473
358
620
576
596
364
425
706
586
578
602
578
449
637
564
400
498
582
511
554
505
521
674
481
401
441
393
109
166
193
156
121
63
227
85
127
110
166
95
77
27
27
56
183
113
94
116
123
177
163
199
248
288
293
183
375
501
407
381
378
188
212
313
186
219
232
193
74
166
77
144
316
350
311
375
312
452
383
382
410
361
229
138
288
309
155
149
155
133
452
456
515
704
478
619
499
391
531
599
672
508
541
538
356
481
501
399
339
562
494
699
592
526
504
352
417
534
546
501
321
366
384
464
505
517
607
500
348
553
561
484
265
337
431
405
532
475
409
446
361
473
500
433
510
414
630
420
361
288
325
409
443
394
336
287
274
242
274
262
338
321
194
394
298
299
377
404
371
374
406
577
294
220
252
339
302
269
314
288
239
296
380
530
547
438
249
426
463
356
245
282
385
417
439
365
412
380
345
240
288
367
347
460
519
344
412
394
552
553
533
514
419
472
336
438
446
417
438
254
319
256
376
242
218
337
346
461
354
358
361
261
372
374
345
257
195
285
298
312
314
306
371
315
264
354
358
425
424
254
211
423
353
428
342
314
424
327
295
227
181
235
251
210
281
277
277
302
267
284
199
311
241
199
141
169
171
155
138
240
280
327
350
232
151
190
183
135
263
289
333
310
202
203
249
204
121
110
121
154
188
171
124
77
99
66
270
160
160
138
144
52
55
94
77
86
94
83
79
105
99
116
77
127
99
50
66
63
116
77
139
254
187
208
160
88
105
55
61
44
27
19
33
72
50
44
33
22
17
33
27
27
44
27
38
55
91
83
72
41
72
55
22
134
50
44
16
236
127
48
33
22
27
27
38
44
57
296
331
586
456
292
297
241
156
163
280
216
232
228
259
257
227
169
263
309
340
458
394
502
575
574
502
409
548
600
483
455
462
458
422
423
361
186
244
411
605
428
348
414
393
160
266
216
277
142
188
273
509
332
451
323
397
354
453
670
634
568
522
422
604
535
291
99
135
133
113
121
92
392
468
444
385
307
351
404
365
351
311
471
557
580
371
467
545
670
597
767
556
848
714
668
639
457
542
599
642
636
621
606
595
647
582
502
580
465
538
493
557
562
309
454
547
386
416
497
402
437
338
336
293
239
165
260
197
271
247
516
452
435
429
490
697
352
204
187
266
123
149
109
105
138
128
99
83
61
27
194
338
205
282
214
188
89
231
501
474
492
506
561
559
570
610
680
532
667
572
447
458
246
266
532
522
513
490
435
365
436
430
499
454
405
361
681
499
542
590
634
522
717
583
766
324
473
425
667
627
515
747
523
538
481
514
546
588
699
639
597
613
576
486
583
672
533
465
585
563
521
507
553
796
538
343
486
604
366
375
418
302
600
740
591
255
427
268
341
178
376
270
440
292
469
340
500
431
398
461
427
471
447
405
182
284
282
207
448
464
484
603
580
589
578
482
580
552
517
474
504
507
516
502
469
525
541
487
541
544
491
528
504
500
561
590
412
564
572
426
616
390
621
643
537
558
542
593
371
639
616
557
309
459
476
576
579
582
410
273
500
111
144
219
257
312
323
345
364
406
442
78
