512
705
534
370
609
552
575
500
438
420
444
576
532
589
456
494
370
276
376
359
407
376
536
531
436
338
479
555
488
467
111
153
296
275
335
10
430
455
475
516
544
433
448
444
451
406
503
598
528
391
363
333
317
293
385
515
599
464
468
548
655
644
515
387
436
433
472
411
560
427
354
150
239
583
714
565
628
758
988
970
945
986
784
664
687
971
602
800
687
770
606
993
1244
1151
312
1463
547
541
590
641
744
956
815
989
1104
952
883
790
831
861
765
747
816
921
966
800
791
1033
834
1034
1130
138
1488
779
670
650
601
468
536
523
496
262
298
208
113
82
34
625
458
531
478
512
441
475
418
443
539
465
491
510
410
478
324
344
423
390
409
439
412
478
483
494
502
394
403
541
320
319
372
316
248
218
277
181
259
187
280
143
335
262
193
177
215
327
288
207
261
215
251
216
285
233
216
148
224
180
253
191
217
227
179
232
167
230
140
161
185
206
172
153
76
76
32
26
13
150
83
243
251
254
261
263
252
309
221
303
256
381
585
193
403
252
307
473
349
376
360
480
483
544
370
259
449
370
365
482
522
477
475
502
499
486
481
295
549
542
515
523
533
529
522
550
458
470
475
482
555
610
476
454
475
599
466
393
312
729
610
406
475
606
673
754
716
704
746
810
787
735
726
739
624
741
713
775
807
798
732
678
715
530
691
732
886
594
639
696
565
408
357
454
547
376
521
373
436
262
346
298
441
602
647
827
910
677
743
643
723
650
546
596
679
455
436
584
567
465
821
774
736
634
760
457
410
425
441
326
161
211
251
216
335
332
332
446
360
296
253
226
306
259
465
779
571
729
445
405
394
177
203
227
277
221
314
250
293
298
335
259
300
335
259
333
228
457
345
313
335
297
433
382
256
145
203
240
485
577
586
436
471
549
418
354
280
375
296
150
293
205
267
229
172
275
177
322
461
494
344
521
647
308
754
668
467
340
420
454
553
512
705
534
370
609
552
575
500
438
420
444
576
532
589
456
494
370
276
376
359
407
376
536
531
436
338
479
555
488
467
111
153
296
275
335
10
430
455
475
516
544
433
448
444
451
406
503
598
528
391
363
333
317
293
385
515
599
464
468
548
655
644
515
387
436
433
472
411
560
427
354
150
239
583
714
565
628
758
988
970
945
986
784
664
687
971
602
800
687
770
606
993
1244
1151
312
1463
547
541
590
641
744
956
815
989
1104
952
883
790
831
861
765
747
816
921
966
800
791
1033
834
1034
1130
138
1488
779
670
650
601
468
536
523
496
262
298
208
113
82
34
625
458
531
478
512
441
475
418
443
539
465
491
510
410
478
324
344
423
390
409
439
412
478
483
494
502
394
403
541
320
319
372
316
248
218
277
181
259
187
280
143
335
262
193
177
215
327
288
207
261
215
251
216
285
233
216
148
224
180
253
191
217
227
179
232
167
230
140
161
185
206
172
153
76
76
32
26
13
150
83
243
251
254
261
263
252
309
221
303
256
381
585
193
403
252
307
473
349
376
360
480
483
544
370
259
449
370
365
482
522
477
475
502
499
486
481
295
549
542
515
523
533
529
522
550
458
470
475
482
555
610
476
454
475
599
466
393
312
729
610
406
475
606
673
754
716
704
746
810
787
735
726
739
624
741
713
775
807
798
732
678
715
530
691
732
886
594
639
696
565
408
357
454
547
376
521
373
436
262
346
298
441
602
647
827
910
677
743
643
723
650
546
596
679
455
436
584
567
465
821
774
736
634
760
457
410
425
441
326
161
211
251
216
335
332
332
446
360
296
253
226
306
259
465
779
571
729
445
405
394
177
203
227
277
221
314
250
293
298
335
259
300
335
259
333
228
457
345
313
335
297
433
382
256
145
203
240
485
577
586
436
471
549
418
354
280
375
296
150
293
205
267
229
172
275
177
322
461
494
344
521
647
308
754
668
467
340
420
454
553
512
705
534
370
609
552
575
500
438
420
444
576
532
589
456
494
370
276
376
359
407
376
536
531
436
338
479
555
488
467
111
153
296
275
335
10
430
455
475
516
544
433
448
444
451
406
503
598
528
391
363
333
317
293
385
515
599
464
468
548
655
644
515
387
436
433
472
411
560
427
354
150
239
583
714
565
628
758
988
970
945
986
784
664
687
971
602
800
687
770
606
993
1244
1151
312
1463
547
541
590
641
744
956
815
989
1104
952
883
790
831
861
765
747
816
921
966
800
791
1033
834
1034
1130
138
1488
779
670
650
601
468
536
523
496
262
298
208
113
82
34
625
458
531
478
512
441
475
418
443
539
465
491
510
410
478
324
344
423
390
409
439
412
478
483
494
502
394
403
541
320
319
372
316
248
218
277
181
259
187
280
143
335
262
193
177
215
327
288
207
261
215
251
216
285
233
216
148
224
180
253
191
217
227
179
232
167
230
140
161
185
206
172
153
76
76
32
26
13
150
83
243
251
254
261
263
252
309
221
303
256
