911
777
1150
833
879
873
663
410
634
601
513
765
751
946
732
731
575
589
561
344
493
328
226
169
261
1088
1010
574
832
821
291
838
860
696
612
763
657
1026
982
946
476
747
536
771
375
521
317
250
465
345
578
424
606
288
1020
708
1048
530
816
691
788
621
561
515
659
801
758
776
820
681
703
451
640
455
915
1224
724
852
1190
1101
1108
907
1167
847
1065
757
980
1122
904
1229
929
1292
1097
1296
1338
1309
1152
954
1313
1518
1024
935
1218
900
1179
1491
1179
1252
602
3062
986
838
893
1153
1065
1104
932
289
544
714
640
487
11
794
915
957
1022
894
905
913
996
928
1236
1202
1156
659
683
521
515
997
978
1111
1105
681
731
789
1094
865
1082
1105
1112
889
958
949
1121
493
198
1037
1334
1531
1641
1822
1203
1475
1752
2020
2125
1658
1933
1665
1898
2195
1331
1496
1239
1133
1257
1370
1643
1686
1640
1618
1649
2359
2159
2133
2777
1710
2403
957
3789
2023
1793
1907
1932
2114
2027
2001
1598
1742
1500
1732
1371
1712
1944
2023
1879
2136
2108
1520
1751
1434
1677
1031
1247
1122
801
1473
1133
740
652
515
510
584
708
675
674
748
656
861
674
876
1106
1371
1057
1167
852
918
726
747
963
896
937
958
1082
1320
1051
892
978
806
1082
1360
1366
980
867
639
690
1042
827
1173
482
578
447
462
317
340
147
220
299
385
323
459
521
483
306
397
337
456
510
440
587
634
568
446
514
629
539
574
545
612
543
489
533
386
232
204
91
34
0
618
544
512
706
409
471
359
464
304
374
448
503
497
553
494
513
533
568
691
481
473
499
627
693
733
691
553
646
439
508
578
459
476
502
567
446
549
460
529
549
518
657
323
215
340
863
893
1129
994
1198
1395
770
1340
1045
1126
645
1423
1291
931
1377
1520
1036
1312
1195
1063
1530
1030
751
1150
800
1031
818
907
629
686
441
833
215
664
1261
1530
1446
889
1167
1338
1254
1468
1733
1850
1207
1048
1383
786
1006
1243
1785
1323
1520
1077
1072
911
777
1150
833
879
873
663
410
634
601
513
765
751
946
732
731
575
589
561
344
493
328
226
169
261
1088
1010
574
832
821
291
838
860
696
612
763
657
1026
982
946
476
747
536
771
375
521
317
250
465
345
578
424
606
288
1020
708
1048
530
816
691
788
621
561
515
659
801
758
776
820
681
703
451
640
455
915
1224
724
852
1190
1101
1108
907
1167
847
1065
757
980
1122
904
1229
929
1292
1097
1296
1338
1309
1152
954
1313
1518
1024
935
1218
900
1179
1491
1179
1252
602
3062
986
838
893
1153
1065
1104
932
289
544
714
640
487
11
794
915
957
1022
894
905
913
996
928
1236
1202
1156
659
683
521
515
997
978
1111
1105
681
731
789
1094
865
1082
1105
1112
889
958
949
1121
493
198
1037
1334
1531
1641
1822
1203
1475
1752
2020
2125
1658
1933
1665
1898
2195
1331
1496
1239
1133
1257
1370
1643
1686
1640
1618
1649
2359
2159
2133
2777
1710
2403
957
3789
2023
1793
1907
1932
2114
2027
2001
1598
1742
1500
1732
1371
1712
1944
2023
1879
2136
2108
1520
1751
1434
1677
1031
1247
1122
801
1473
1133
740
652
515
510
584
708
675
674
748
656
861
674
876
1106
1371
1057
1167
852
918
726
747
963
896
937
958
1082
1320
1051
892
978
806
1082
1360
1366
980
867
639
690
1042
827
1173
482
578
447
462
317
340
147
220
299
385
323
459
521
483
306
397
337
456
510
440
587
634
568
446
514
629
539
574
545
612
543
489
533
386
232
204
91
34
0
618
544
512
706
409
471
359
464
304
374
448
503
497
553
494
513
533
568
691
481
473
499
627
693
733
691
553
646
439
508
578
459
476
502
567
446
549
460
529
549
518
657
323
215
340
863
893
1129
994
1198
1395
770
1340
1045
1126
645
1423
1291
931
1377
1520
1036
1312
1195
1063
1530
1030
751
1150
800
1031
818
907
629
686
441
833
215
664
1261
1530
1446
889
1167
1338
1254
1468
1733
1850
1207
1048
1383
786
1006
1243
1785
1323
1520
1077
1072
911
777
1150
833
879
873
663
410
634
601
513
765
751
946
732
731
575
589
561
344
493
328
226
169
261
1088
1010
574
832
821
291
838
860
696
612
763
657
1026
982
946
476
747
536
771
375
521
317
250
465
345
578
424
606
288
1020
708
1048
530
816
691
788
621
561
515
659
801
758
776
820
681
703
451
640
455
915
1224
724
852
1190
1101
1108
907
1167
847
1065
757
980
1122
904
1229
929
1292
1097
1296
1338
1309
1152
954
1313
1518
1024
935
1218
900
1179
1491
1179
1252
602
3062
986
838
893
1153
1065
1104
932
289
544
714
640
487
11
794
915
957
1022
894
905
913
996
928
1236
1202
1156
659
683
521
515
997
978
1111
1105
681
731
789
1094
865
1082
1105
1112
889
958
949
1121
493
198
1037
1334
1531
1641
1822
1203
1475
1752
2020
2125
1658
1933
1665
1898
2195
1331
1496
1239
1133
1257
1370
1643
1686
1640
1618
1649
2359
2159
2133
2777
1710
2403
957
3789
2023
1793
1907
1932
2114
2027
2001
1598
1742
1500
1732
1371
1712
1944
2023
1879
2136
2108
1520
1751
1434
1677
1031
1247
1122
801
1473
1133
740
652
515
510
584
708
675
674
748
656
861
674
876
1106
1371
1057
1167
852
918
726
747
963
896
937
958
1082
1320
1051
892
978
806
1082
1360
1366
980
867
639
690
1042
827
1173
482
578
447
462
317
340
147
220
299
385
323
459
521
483
306
397
337
456
510
440
587
634
568
446
514
629
539
574
545
612
543
489
533
386
232
204
91
34
0
