1025
1410
1068
739
1217
1104
1151
1000
876
839
887
1153
1063
1178
911
988
739
551
752
718
813
753
1072
1061
873
676
957
1109
976
935
222
306
591
550
670
21
861
911
951
1032
1088
866
896
888
903
812
1005
1195
1056
781
726
665
634
586
771
1030
1197
928
935
1095
1309
1289
1029
774
871
865
945
823
1120
853
708
301
478
1166
1429
1130
1257
1517
1975
1940
1890
1972
1569
1328
1375
1943
1203
1599
1374
1540
1213
1986
2488
2303
624
2926
1093
1083
1179
1281
1489
1913
1631
1978
2208
1904
1766
1580
1663
1722
1529
1495
1632
1841
1933
1601
1581
2066
1669
2068
2261
277
2975
1558
1341
1299
1202
935
1072
1046
993
523
597
415
227
164
69
1250
915
1061
956
1025
882
950
836
887
1077
930
982
1019
820
956
648
687
845
779
817
878
824
956
966
988
1003
787
805
1083
640
638
745
631
496
436
555
361
517
374
560
286
670
525
385
354
430
655
575
414
523
431
501
431
570
466
433
296
449
359
507
383
434
454
358
465
334
459
280
322
370
412
344
306
151
153
63
53
26
301
166
487
503
509
522
527
504
619
442
605
512
762
1170
386
805
505
614
945
699
751
719
959
966
1088
739
518
899
740
731
964
1043
954
950
1004
998
972
963
590
1098
1084
1030
1047
1065
1057
1043
1101
916
941
950
964
1111
1220
952
907
950
1199
931
787
625
1458
1220
812
951
1213
1345
1508
1431
1408
1493
1619
1574
1470
1452
1478
1248
1481
1426
1551
1614
1595
1463
1357
1431
1059
1382
1465
1772
1188
1278
1392
1130
816
715
908
1093
752
1041
745
871
523
692
596
882
1204
1295
1654
1819
1355
1485
1286
1446
1299
1093
1192
1357
911
871
1168
1133
931
1642
1547
1473
1269
1521
914
820
850
881
651
322
422
501
433
670
664
663
892
721
591
507
453
612
517
929
1558
1143
1458
890
809
788
354
406
454
555
443
628
500
586
595
670
518
600
670
519
665
457
914
690
625
670
593
866
763
512
290
406
480
970
1153
1171
871
943
1097
836
708
560
751
592
301
586
410
533
459
343
549
355
644
922
987
689
1043
1294
617
1509
1336
935
679
840
907
1106
1025
1410
1068
739
1217
1104
1151
1000
876
839
887
1153
1063
1178
911
988
739
551
752
718
813
753
1072
1061
873
676
957
1109
976
935
222
306
591
550
670
21
861
911
951
1032
1088
866
896
888
903
812
1005
1195
1056
781
726
665
634
586
771
1030
1197
928
935
1095
1309
1289
1029
774
871
865
945
823
1120
853
708
301
478
1166
1429
1130
1257
1517
1975
1940
1890
1972
1569
1328
1375
1943
1203
1599
1374
1540
1213
1986
2488
2303
624
2926
1093
1083
1179
1281
1489
1913
1631
1978
2208
1904
1766
1580
1663
1722
1529
1495
1632
1841
1933
1601
1581
2066
1669
2068
2261
277
2975
1558
1341
1299
1202
935
1072
1046
993
523
597
415
227
164
69
1250
915
1061
956
1025
882
950
836
887
1077
930
982
1019
820
956
648
687
845
779
817
878
824
956
966
988
1003
787
805
1083
640
638
745
631
496
436
555
361
517
374
560
286
670
525
385
354
430
655
575
414
523
431
501
431
570
466
433
296
449
359
507
383
434
454
358
465
334
459
280
322
370
412
344
306
151
153
63
53
26
301
166
487
503
509
522
527
504
619
442
605
512
762
1170
386
805
505
614
945
699
751
719
959
966
1088
739
518
899
740
731
964
1043
954
950
1004
998
972
963
590
1098
1084
1030
1047
1065
1057
1043
1101
916
941
950
964
1111
1220
952
907
950
1199
931
787
625
1458
1220
812
951
1213
1345
1508
1431
1408
1493
1619
1574
1470
1452
1478
1248
1481
1426
1551
1614
1595
1463
1357
1431
1059
1382
1465
1772
1188
1278
1392
1130
816
715
908
1093
752
1041
745
871
523
692
596
882
1204
1295
1654
1819
1355
1485
1286
1446
1299
1093
1192
1357
911
871
1168
1133
931
1642
1547
1473
1269
1521
914
820
850
881
651
322
422
501
433
670
664
663
892
721
591
507
453
612
517
929
1558
1143
1458
890
809
788
354
406
454
555
443
628
500
586
595
670
518
600
670
519
665
457
914
690
625
670
593
866
763
512
290
406
480
970
1153
1171
871
943
1097
836
708
560
751
592
301
586
410
533
459
343
549
355
644
922
987
689
1043
1294
617
1509
1336
935
679
840
907
1106
1025
1410
1068
739
1217
1104
1151
1000
876
839
887
1153
1063
1178
911
988
739
551
752
718
813
753
1072
1061
873
676
957
1109
976
935
222
306
591
550
670
21
861
911
951
1032
1088
866
896
888
903
812
1005
1195
1056
781
726
665
634
586
771
1030
1197
928
935
1095
1309
1289
1029
774
871
865
945
823
1120
853
708
301
478
1166
1429
1130
1257
1517
1975
1940
1890
1972
1569
1328
1375
1943
1203
1599
1374
1540
1213
1986
2488
2303
624
2926
1093
1083
1179
1281
1489
1913
1631
1978
2208
1904
1766
1580
1663
1722
1529
1495
1632
1841
1933
1601
1581
2066
1669
2068
2261
277
2975
1558
1341
1299
1202
935
1072
1046
993
523
597
415
227
164
69
1250
915
1061
956
1025
882
950
836
887
1077
930
982
1019
820
956
648
687
845
779
817
878
824
956
966
988
1003
787
805
1083
640
638
745
631
496
436
555
361
517
374
560
286
670
525
385
354
430
655
575
414
523
431
501
431
570
466
433
296
449
359
507
383
434
454
358
465
334
459
280
322
370
412
344
306
151
153
63
53
26
301
166
487
503
509
522
527
504
619
442
605
512
