325
273
298
339
228
218
292
283
233
411
387
368
317
380
229
205
212
220
163
80
106
125
108
168
166
166
223
180
148
127
113
153
129
232
389
286
365
222
202
197
88
102
114
139
111
157
125
146
149
168
130
150
168
130
166
114
228
172
156
168
148
216
191
128
73
102
120
242
288
293
218
236
274
209
177
140
188
148
75
147
103
133
115
86
137
89
161
230
247
172
261
323
154
377
334
234
170
210
227
277
256
353
267
185
304
276
288
250
219
210
222
288
266
294
228
247
185
138
188
180
203
188
268
265
218
169
239
277
244
234
55
76
148
138
168
5
215
228
238
258
272
216
224
222
226
203
251
299
264
195
182
166
158
146
193
258
299
232
234
274
327
322
257
194
218
216
236
206
280
213
177
75
119
292
357
283
314
379
494
485
472
493
392
332
344
486
301
400
344
385
303
496
622
576
156
731
273
271
295
320
372
478
408
495
552
476
441
395
416
431
382
374
408
460
483
400
395
516
417
517
565
69
744
389
335
325
300
234
268
262
248
131
149
104
57
41
17
312
229
265
239
256
220
238
209
222
269
232
246
255
205
239
162
172
211
195
204
220
206
239
242
247
251
197
201
271
160
159
186
158
124
109
139
90
129
93
140
72
168
131
96
88
108
164
144
104
131
108
125
108
142
117
108
74
112
90
127
96
109
114
90
116
83
115
70
80
92
103
86
76
38
38
16
13
7
75
42
122
126
127
130
132
126
155
111
151
128
191
293
97
201
126
154
236
175
188
180
240
242
272
185
130
225
185
183
241
261
239
238
251
249
243
241
147
275
271
257
262
266
264
261
275
229
235
238
241
278
305
238
227
237
300
233
197
156
365
305
203
238
303
336
377
358
352
373
405
394
368
363
370
312
370
356
388
403
399
366
339
358
265
345
366
443
297
319
348
283
204
179
227
273
188
260
186
218
131
173
149
221
301
324
414
455
339
371
322
361
325
273
298
339
228
218
292
283
233
411
387
368
317
380
229
205
212
220
163
80
106
125
108
168
166
166
223
180
148
127
113
153
129
232
389
286
365
222
202
197
88
102
114
139
111
157
125
146
149
168
130
150
168
130
166
114
228
172
156
168
148
216
191
128
73
102
120
242
288
293
218
236
274
209
177
140
188
148
75
147
103
133
115
86
137
89
161
230
247
172
261
323
154
377
334
234
170
210
227
277
256
353
267
185
304
276
288
250
219
210
222
288
266
294
228
247
185
138
188
180
203
188
268
265
218
169
239
277
244
234
55
76
148
138
168
5
215
228
238
258
272
216
224
222
226
203
251
299
264
195
182
166
158
146
193
258
299
232
234
274
327
322
257
194
218
216
236
206
280
213
177
75
119
292
357
283
314
379
494
485
472
493
392
332
344
486
301
400
344
385
303
496
622
576
156
731
273
271
295
320
372
478
408
495
552
476
441
395
416
431
382
374
408
460
483
400
395
516
417
517
565
69
744
389
335
325
300
234
268
262
248
131
149
104
57
41
17
312
229
265
239
256
220
238
209
222
269
232
246
255
205
239
162
172
211
195
204
220
206
239
242
247
251
197
201
271
160
159
186
158
124
109
139
90
129
93
140
72
168
131
96
88
108
164
144
104
131
108
125
108
142
117
108
74
112
90
127
96
109
114
90
116
83
115
70
80
92
103
86
76
38
38
16
13
7
75
42
122
126
127
130
132
126
155
111
151
128
191
293
97
201
126
154
236
175
188
180
240
242
272
185
130
225
185
183
241
261
239
238
251
249
243
241
147
275
271
257
262
266
264
261
275
229
235
238
241
278
305
238
227
237
300
233
197
156
365
305
203
238
303
336
377
358
352
373
405
394
368
363
370
312
370
356
388
403
399
366
339
358
265
345
366
443
297
319
348
283
204
179
227
273
188
260
186
218
131
173
149
221
301
324
414
455
339
371
322
361
325
273
298
339
228
218
292
283
233
411
387
368
317
380
229
205
212
220
163
80
106
125
108
168
166
166
223
180
148
127
113
153
129
232
389
286
365
222
202
197
88
102
114
139
111
157
125
146
149
168
130
150
168
130
166
114
228
172
156
168
148
216
191
128
73
102
120
242
288
293
218
236
274
209
177
140
188
148
75
147
103
133
115
86
137
89
161
230
247
172
261
323
154
377
334
234
170
210
227
277
256
353
267
185
304
276
288
250
219
210
222
288
266
294
228
247
185
138
188
180
203
188
268
265
218
169
239
277
244
234
55
76
148
138
168
5
215
228
238
258
272
216
224
222
226
203
251
299
264
195
182
166
158
146
193
258
299
232
234
274
327
322
257
194
218
216
236
206
280
213
177
75
119
292
357
283
314
379
494
485
472
493
392
332
344
486
301
400
344
385
303
496
622
576
156
731
273
271
295
320
372
478
408
495
552
476
441
395
416
431
382
374
408
460
483
400
395
516
417
517
565
69
744
389
335
325
300
234
268
262
248
131
149
104
57
41
17
312
229
265
239
256
220
238
209
222
269
232
246
255
205
239
162
172
211
195
204
220
206
239
242
247
251
197
201
271
160
159
186
158
124
109
139
90
129
93
140
72
168
131
96
88
108
164
144
104
131
108
125
108
142
117
108
74
112
90
127
96
109
114
90
116
83
115
70
80
92
103
86
76
38
38
16
13
7
75
42
122
126
127
130
132
126
155
111
151
128
