1393
1719
573
950
766
845
1279
1057
1201
1318
1381
1804
1362
991
1277
1343
1318
1771
1398
1340
1469
1145
1221
1432
1405
1430
1485
1348
1476
1518
1499
1479
1561
1395
1408
1294
1471
1424
1647
1432
1204
1048
605
1280
1875
2046
1849
2619
2456
2356
2218
2546
2153
1765
2048
2456
3028
2732
2614
2399
1599
2384
3034
2950
2866
2969
2079
1432
1715
1082
1078
1355
1017
1205
970
1138
1104
764
1096
2482
2007
2015
1910
1938
2030
1754
2059
1762
1449
2116
2195
1928
1840
2081
2059
1517
1737
654
988
1020
1063
872
561
906
714
891
1003
861
1093
1070
733
928
936
885
1175
989
1018
980
833
621
718
1210
1636
1766
1684
1903
2041
1635
988
584
1468
1233
1056
861
779
1108
700
823
307
298
1123
1221
1586
1698
1151
1080
1442
1208
861
415
1026
753
1093
1037
1147
1318
782
876
569
673
531
756
1112
931
1730
1862
1831
1578
1375
950
1034
1198
1275
1441
1810
1939
1675
1782
1301
1722
1565
1498
1782
1589
179
3798
1468
1389
1587
1561
1324
1632
1426
1251
1544
1175
1168
1726
1400
1287
991
37
1392
1069
1160
1340
1455
1493
1827
1321
1393
1283
1463
2104
1622
1737
1744
1446
1544
1422
919
943
621
1085
848
1415
1160
1254
1205
822
359
816
1597
1684
1474
1289
1224
1220
813
1372
1018
452
1535
2471
2863
2482
1639
2060
2289
2702
2040
2852
2478
918
1437
1571
1827
2035
2453
2286
2564
3219
3072
3088
3114
2572
3105
2516
2410
142
4878
2808
2309
2309
2291
2995
3262
3024
2938
2229
2815
2356
1715
6908
2845
3212
3063
2621
2890
2366
2600
2733
2527
2673
2085
2418
2410
814
4535
1070
1318
921
898
673
209
1037
1093
1049
1370
1157
1565
1148
1573
1437
733
1289
1370
1216
1086
1175
1310
917
1085
924
1164
1156
1542
1632
1333
1340
1407
1129
1391
1407
1414
1176
1205
671
726
688
723
1220
863
1063
742
584
307
217
255
314
269
223
307
329
229
382
419
356
381
584
413
524
348
406
456
370
413
489
397
302
341
449
317
404
275
389
314
269
242
209
202
22
60
11
105
187
145
174
239
59
1393
1719
573
950
766
845
1279
1057
1201
1318
1381
1804
1362
991
1277
1343
1318
1771
1398
1340
1469
1145
1221
1432
1405
1430
1485
1348
1476
1518
1499
1479
1561
1395
1408
1294
1471
1424
1647
1432
1204
1048
605
1280
1875
2046
1849
2619
2456
2356
2218
2546
2153
1765
2048
2456
3028
2732
2614
2399
1599
2384
3034
2950
2866
2969
2079
1432
1715
1082
1078
1355
1017
1205
970
1138
1104
764
1096
2482
2007
2015
1910
1938
2030
1754
2059
1762
1449
2116
2195
1928
1840
2081
2059
1517
1737
654
988
1020
1063
872
561
906
714
891
1003
861
1093
1070
733
928
936
885
1175
989
1018
980
833
621
718
1210
1636
1766
1684
1903
2041
1635
988
584
1468
1233
1056
861
779
1108
700
823
307
298
1123
1221
1586
1698
1151
1080
1442
1208
861
415
1026
753
1093
1037
1147
1318
782
876
569
673
531
756
1112
931
1730
1862
1831
1578
1375
950
1034
1198
1275
1441
1810
1939
1675
1782
1301
1722
1565
1498
1782
1589
179
3798
1468
1389
1587
1561
1324
1632
1426
1251
1544
1175
1168
1726
1400
1287
991
37
1392
1069
1160
1340
1455
1493
1827
1321
1393
1283
1463
2104
1622
1737
1744
1446
1544
1422
919
943
621
1085
848
1415
1160
1254
1205
822
359
816
1597
1684
1474
1289
1224
1220
813
1372
1018
452
1535
2471
2863
2482
1639
2060
2289
2702
2040
2852
2478
918
1437
1571
1827
2035
2453
2286
2564
3219
3072
3088
3114
2572
3105
2516
2410
142
4878
2808
2309
2309
2291
2995
3262
3024
2938
2229
2815
2356
1715
6908
2845
3212
3063
2621
2890
2366
2600
2733
2527
2673
2085
2418
2410
814
4535
1070
1318
921
898
673
209
1037
1093
1049
1370
1157
1565
1148
1573
1437
733
1289
1370
1216
1086
1175
1310
917
1085
924
1164
1156
1542
1632
1333
1340
1407
1129
1391
1407
1414
1176
1205
671
726
688
723
1220
863
1063
742
584
307
217
255
314
269
223
307
329
229
382
419
356
381
584
413
524
348
406
456
370
413
489
397
302
341
449
317
404
275
389
314
269
242
209
202
22
60
11
105
187
145
174
239
59
1393
1719
573
950
766
845
1279
1057
1201
1318
1381
1804
1362
991
1277
1343
1318
1771
1398
1340
1469
1145
1221
1432
1405
1430
1485
1348
1476
1518
1499
1479
1561
1395
1408
1294
1471
1424
1647
1432
1204
1048
605
1280
1875
2046
1849
2619
2456
2356
2218
2546
2153
1765
2048
2456
3028
2732
2614
2399
1599
2384
3034
2950
2866
2969
2079
1432
1715
1082
1078
1355
1017
1205
970
1138
1104
764
1096
2482
2007
2015
1910
1938
2030
1754
2059
1762
1449
2116
2195
1928
1840
2081
2059
1517
1737
654
988
1020
1063
872
561
906
714
891
1003
861
1093
1070
733
928
936
885
1175
989
1018
980
833
621
718
1210
1636
1766
1684
1903
2041
1635
988
584
1468
1233
1056
861
779
1108
700
823
307
298
1123
1221
1586
1698
1151
1080
1442
1208
861
415
1026
753
1093
1037
1147
1318
782
876
569
673
531
756
1112
931
1730
1862
1831
1578
1375
950
1034
1198
1275
1441
1810
1939
1675
1782
1301
1722
1565
1498
1782
1589
179
3798
1468
1389
1587
1561
1324
1632
1426
1251
1544
1175
1168
1726
1400
1287
991
37
1392
1069
1160
1340
1455
1493
1827
1321
1393
1283
1463
2104
1622
1737
1744
1446
1544
1422
919
943
621
1085
848
1415
1160
1254
1205
822
359
816
1597
1684
1474
1289
1224
1220
813
1372
1018
452
1535
2471
2863
2482
1639
2060
2289
2702
2040
2852
2478
918
1437
1571
1827
2035
2453
2286
2564
3219
3072
3088
3114
2572
3105
2516
2410
142
4878
2808
2309
2309
2291
2995
3262
3024
2938
2229
2815
2356
1715
6908
2845
3212
3063
2621
2890
2366
2600
2733
2527
2673
2085
2418
2410
814
4535
1070
1318
921
898
673
209
1037
1093
1049
1370
1157
1565
1148
1573
1437
733
1289
1370
1216
1086
1175
1310
917
1085
924
1164
1156
1542
1632
1333
1340
1407
1129
1391
1407
1414
1176
1205
671
726
688
723
1220
863
1063
742
584
307
217
255
314
269
223
307
329
229
382
419
356
381
584
413
524
348
406
456
370
413
489
397
302
341
449
317
404
275
389
314
269
242
209
202
22
60
11
105
187
145
174
239
59
