660
25
928
713
773
893
970
995
1218
881
929
855
976
1403
1081
1158
1163
964
1029
948
613
629
414
723
565
943
773
836
803
548
239
544
1065
1123
983
859
816
813
542
915
679
301
1024
1647
1909
1655
1093
1373
1526
1801
1360
1901
1652
612
958
1047
1218
1357
1635
1524
1710
2146
2048
2058
2076
1715
2070
1677
1606
94
3252
1872
1539
1539
1527
1997
2174
2016
1959
1486
1876
1570
1144
4605
1897
2141
2042
1747
1927
1577
1733
1822
1684
1782
1390
1612
1607
543
3024
713
878
614
599
449
140
691
728
699
913
771
1043
765
1049
958
489
859
913
811
724
783
873
611
723
616
776
770
1028
1088
889
893
938
753
927
938
943
784
803
447
484
459
482
813
575
709
494
389
204
145
170
209
179
149
204
219
152
255
279
237
254
389
275
349
232
271
304
247
275
326
265
201
228
299
212
269
183
260
209
179
161
140
135
15
40
7
70
125
97
116
160
39
929
1146
382
634
510
563
853
705
800
878
920
1203
908
661
852
895
878
1180
932
893
979
763
814
955
936
953
990
899
984
1012
999
986
1040
930
939
863
981
950
1098
955
803
699
403
853
1250
1364
1233
1746
1637
1571
1479
1697
1435
1176
1366
1637
2018
1821
1743
1600
1066
1589
2023
1967
1911
1980
1386
955
1143
722
719
903
678
803
647
759
736
509
731
1654
1338
1343
1273
1292
1353
1169
1372
1175
966
1410
1463
1285
1227
1387
1372
1011
1158
436
659
680
709
582
374
604
476
594
669
574
728
713
489
619
624
590
784
660
679
654
556
414
479
806
1091
1177
1123
1269
1361
1090
659
389
979
822
704
574
519
738
467
549
204
198
748
814
1057
1132
767
720
962
805
574
277
684
502
728
691
765
878
521
584
379
449
354
504
742
621
1153
1242
1221
1052
916
634
690
799
850
961
1206
1293
1117
1188
867
1148
1043
998
1188
1059
120
2532
978
926
1058
1041
883
1088
951
834
1029
784
779
1150
933
858
660
25
928
713
773
893
970
995
1218
881
929
855
976
1403
1081
1158
1163
964
1029
948
613
629
414
723
565
943
773
836
803
548
239
544
1065
1123
983
859
816
813
542
915
679
301
1024
1647
1909
1655
1093
1373
1526
1801
1360
1901
1652
612
958
1047
1218
1357
1635
1524
1710
2146
2048
2058
2076
1715
2070
1677
1606
94
3252
1872
1539
1539
1527
1997
2174
2016
1959
1486
1876
1570
1144
4605
1897
2141
2042
1747
1927
1577
1733
1822
1684
1782
1390
1612
1607
543
3024
713
878
614
599
449
140
691
728
699
913
771
1043
765
1049
958
489
859
913
811
724
783
873
611
723
616
776
770
1028
1088
889
893
938
753
927
938
943
784
803
447
484
459
482
813
575
709
494
389
204
145
170
209
179
149
204
219
152
255
279
237
254
389
275
349
232
271
304
247
275
326
265
201
228
299
212
269
183
260
209
179
161
140
135
15
40
7
70
125
97
116
160
39
929
1146
382
634
510
563
853
705
800
878
920
1203
908
661
852
895
878
1180
932
893
979
763
814
955
936
953
990
899
984
1012
999
986
1040
930
939
863
981
950
1098
955
803
699
403
853
1250
1364
1233
1746
1637
1571
1479
1697
1435
1176
1366
1637
2018
1821
1743
1600
1066
1589
2023
1967
1911
1980
1386
955
1143
722
719
903
678
803
647
759
736
509
731
1654
1338
1343
1273
1292
1353
1169
1372
1175
966
1410
1463
1285
1227
1387
1372
1011
1158
436
659
680
709
582
374
604
476
594
669
574
728
713
489
619
624
590
784
660
679
654
556
414
479
806
1091
1177
1123
1269
1361
1090
659
389
979
822
704
574
519
738
467
549
204
198
748
814
1057
1132
767
720
962
805
574
277
684
502
728
691
765
878
521
584
379
449
354
504
742
621
1153
1242
1221
1052
916
634
690
799
850
961
1206
1293
1117
1188
867
1148
1043
998
1188
1059
120
2532
978
926
1058
1041
883
1088
951
834
1029
784
779
1150
933
858
660
25
928
713
773
893
970
995
1218
881
929
855
976
1403
1081
1158
1163
964
1029
948
613
629
414
723
565
943
773
836
803
548
239
544
1065
1123
983
859
816
813
542
915
679
301
1024
1647
1909
1655
1093
1373
1526
1801
1360
1901
1652
612
958
1047
1218
1357
1635
1524
1710
2146
2048
2058
2076
1715
2070
1677
1606
94
3252
1872
1539
1539
1527
1997
2174
2016
1959
1486
1876
1570
1144
4605
1897
2141
2042
1747
1927
1577
1733
1822
1684
1782
1390
1612
1607
543
3024
713
878
614
599
449
140
691
728
699
913
771
1043
765
1049
958
489
859
913
811
724
783
873
611
723
616
776
770
1028
1088
889
893
938
753
927
938
943
784
803
447
484
459
482
813
575
709
494
389
204
145
170
209
179
149
204
219
152
255
279
237
254
389
275
349
232
271
304
247
275
326
265
201
228
299
212
269
183
260
209
179
161
140
135
15
40
7
70
125
97
116
160
39
