512
467
609
450
589
745
590
626
301
1531
493
419
446
577
533
552
466
144
272
357
320
244
5
397
458
478
511
447
453
457
498
464
618
601
578
330
342
261
258
499
489
555
553
341
365
394
547
433
541
553
556
445
479
475
560
247
99
518
667
765
820
911
601
738
876
1010
1062
829
967
832
949
1098
665
748
619
567
628
685
822
843
820
809
824
1180
1080
1066
1388
855
1202
479
1894
1012
896
953
966
1057
1013
1000
799
871
750
866
686
856
972
1012
940
1068
1054
760
876
717
839
516
623
561
400
737
567
370
326
258
255
292
354
337
337
374
328
431
337
438
553
686
529
584
426
459
363
374
482
448
469
479
541
660
525
446
489
403
541
680
683
490
433
320
345
521
413
587
241
289
224
231
158
170
74
110
150
193
162
229
261
242
153
198
169
228
255
220
293
317
284
223
257
314
270
287
273
306
271
245
267
193
116
102
45
17
0
309
272
256
353
205
235
180
232
152
187
224
252
248
277
247
257
267
284
346
241
237
249
314
347
366
346
277
323
220
254
289
230
238
251
283
223
275
230
265
275
259
329
161
107
170
432
446
565
497
599
697
385
670
523
563
323
712
646
466
688
760
518
656
598
532
765
515
376
575
400
516
409
453
314
343
221
416
107
332
631
765
723
445
583
669
627
734
866
925
604
524
691
393
503
622
893
661
760
539
536
456
388
575
417
440
436
331
205
317
300
257
382
375
473
366
365
288
295
280
172
247
164
113
85
130
544
505
287
416
411
145
419
430
348
306
382
329
513
491
473
238
374
268
385
188
261
158
125
232
172
289
212
303
144
510
354
524
265
408
346
394
310
280
258
329
401
379
388
410
341
351
226
320
227
458
612
362
426
595
551
554
453
584
423
533
378
490
561
452
615
464
646
548
648
669
655
576
477
657
759
512
467
609
450
589
745
590
626
301
1531
493
419
446
577
533
552
466
144
272
357
320
244
5
397
458
478
511
447
453
457
498
464
618
601
578
330
342
261
258
499
489
555
553
341
365
394
547
433
541
553
556
445
479
475
560
247
99
518
667
765
820
911
601
738
876
1010
1062
829
967
832
949
1098
665
748
619
567
628
685
822
843
820
809
824
1180
1080
1066
1388
855
1202
479
1894
1012
896
953
966
1057
1013
1000
799
871
750
866
686
856
972
1012
940
1068
1054
760
876
717
839
516
623
561
400
737
567
370
326
258
255
292
354
337
337
374
328
431
337
438
553
686
529
584
426
459
363
374
482
448
469
479
541
660
525
446
489
403
541
680
683
490
433
320
345
521
413
587
241
289
224
231
158
170
74
110
150
193
162
229
261
242
153
198
169
228
255
220
293
317
284
223
257
314
270
287
273
306
271
245
267
193
116
102
45
17
0
309
272
256
353
205
235
180
232
152
187
224
252
248
277
247
257
267
284
346
241
237
249
314
347
366
346
277
323
220
254
289
230
238
251
283
223
275
230
265
275
259
329
161
107
170
432
446
565
497
599
697
385
670
523
563
323
712
646
466
688
760
518
656
598
532
765
515
376
575
400
516
409
453
314
343
221
416
107
332
631
765
723
445
583
669
627
734
866
925
604
524
691
393
503
622
893
661
760
539
536
456
388
575
417
440
436
331
205
317
300
257
382
375
473
366
365
288
295
280
172
247
164
113
85
130
544
505
287
416
411
145
419
430
348
306
382
329
513
491
473
238
374
268
385
188
261
158
125
232
172
289
212
303
144
510
354
524
265
408
346
394
310
280
258
329
401
379
388
410
341
351
226
320
227
458
612
362
426
595
551
554
453
584
423
533
378
490
561
452
615
464
646
548
648
669
655
576
477
657
759
512
467
609
450
589
745
590
626
301
1531
493
419
446
577
533
552
466
144
272
357
320
244
5
397
458
478
511
447
453
457
498
464
618
601
578
330
342
261
258
499
489
555
553
341
365
394
547
433
541
553
556
445
479
475
560
247
99
518
667
765
820
911
601
738
876
1010
1062
829
967
832
949
1098
665
748
619
567
628
685
822
843
820
809
824
1180
1080
1066
1388
855
1202
479
1894
1012
896
953
966
1057
1013
1000
799
871
750
866
686
856
972
1012
940
1068
1054
760
876
717
839
516
623
561
400
737
567
370
326
258
255
292
354
337
337
374
328
431
337
438
553
686
529
584
426
459
363
374
482
448
469
479
541
660
525
446
489
403
541
680
683
490
433
320
345
521
413
587
241
289
224
231
158
170
74
110
150
193
162
229
261
242
153
198
169
228
255
220
293
317
284
223
257
314
270
287
273
306
271
245
267
193
116
102
45
17
0
