464
573
191
317
255
282
426
352
400
439
460
601
454
330
426
448
439
590
466
447
490
382
407
477
468
477
495
449
492
506
500
493
520
465
469
431
490
475
549
477
401
349
202
427
625
682
616
873
819
785
739
849
718
588
683
819
1009
911
871
800
533
795
1011
983
955
990
693
477
572
361
359
452
339
402
323
379
368
255
365
827
669
672
637
646
677
585
686
587
483
705
732
643
613
694
686
506
579
218
329
340
354
291
187
302
238
297
334
287
364
357
244
309
312
295
392
330
339
327
278
207
239
403
545
589
561
634
680
545
329
195
489
411
352
287
260
369
233
274
102
99
374
407
529
566
384
360
481
403
287
138
342
251
364
346
382
439
261
292
190
224
177
252
371
310
577
621
610
526
458
317
345
399
425
480
603
646
558
594
434
574
522
499
594
530
60
1266
489
463
529
520
441
544
475
417
515
392
389
575
467
429
330
12
464
356
387
447
485
498
609
440
464
428
488
701
541
579
581
482
515
474
306
314
207
362
283
472
387
418
402
274
120
272
532
561
491
430
408
407
271
457
339
151
512
824
954
827
546
687
763
901
680
951
826
306
479
524
609
678
818
762
855
1073
1024
1029
1038
857
1035
839
803
47
1626
936
770
770
764
998
1087
1008
979
743
938
785
572
2303
948
1071
1021
874
963
789
867
911
842
891
695
806
803
271
1512
357
439
307
299
224
70
346
364
350
457
386
522
383
524
479
244
430
457
405
362
392
437
306
362
308
388
385
514
544
444
447
469
376
464
469
471
392
402
224
242
229
241
407
288
354
247
195
102
72
85
105
90
74
102
110
76
127
140
119
127
195
138
175
116
135
152
123
138
163
132
101
114
150
106
135
92
130
105
90
81
70
67
7
20
4
35
62
48
58
80
20
464
573
191
317
255
282
426
352
400
439
460
601
454
330
426
448
439
590
466
447
490
382
407
477
468
477
495
449
492
506
500
493
520
465
469
431
490
475
549
477
401
349
202
427
625
682
616
873
819
785
739
849
718
588
683
819
1009
911
871
800
533
795
1011
983
955
990
693
477
572
361
359
452
339
402
323
379
368
255
365
827
669
672
637
646
677
585
686
587
483
705
732
643
613
694
686
506
579
218
329
340
354
291
187
302
238
297
334
287
364
357
244
309
312
295
392
330
339
327
278
207
239
403
545
589
561
634
680
545
329
195
489
411
352
287
260
369
233
274
102
99
374
407
529
566
384
360
481
403
287
138
342
251
364
346
382
439
261
292
190
224
177
252
371
310
577
621
610
526
458
317
345
399
425
480
603
646
558
594
434
574
522
499
594
530
60
1266
489
463
529
520
441
544
475
417
515
392
389
575
467
429
330
12
464
356
387
447
485
498
609
440
464
428
488
701
541
579
581
482
515
474
306
314
207
362
283
472
387
418
402
274
120
272
532
561
491
430
408
407
271
457
339
151
512
824
954
827
546
687
763
901
680
951
826
306
479
524
609
678
818
762
855
1073
1024
1029
1038
857
1035
839
803
47
1626
936
770
770
764
998
1087
1008
979
743
938
785
572
2303
948
1071
1021
874
963
789
867
911
842
891
695
806
803
271
1512
357
439
307
299
224
70
346
364
350
457
386
522
383
524
479
244
430
457
405
362
392
437
306
362
308
388
385
514
544
444
447
469
376
464
469
471
392
402
224
242
229
241
407
288
354
247
195
102
72
85
105
90
74
102
110
76
127
140
119
127
195
138
175
116
135
152
123
138
163
132
101
114
150
106
135
92
130
105
90
81
70
67
7
20
4
35
62
48
58
80
20
464
573
191
317
255
282
426
352
400
439
460
601
454
330
426
448
439
590
466
447
490
382
407
477
468
477
495
449
492
506
500
493
520
465
469
431
490
475
549
477
401
349
202
427
625
682
616
873
819
785
739
849
718
588
683
819
1009
911
871
800
533
795
1011
983
955
990
693
477
572
361
359
452
339
402
323
379
368
255
365
827
669
672
637
646
677
585
686
587
483
705
732
643
613
694
686
506
579
218
329
340
354
291
187
302
238
297
334
287
364
357
244
309
312
295
392
330
339
327
278
207
239
403
545
589
561
634
680
545
329
195
489
411
352
287
260
369
233
274
102
99
374
407
529
566
384
360
481
403
287
138
342
251
364
346
382
439
261
292
190
224
177
252
371
310
577
621
610
526
458
317
345
399
425
480
603
646
558
594
434
574
522
499
594
530
60
1266
489
463
529
520
441
544
475
417
515
392
389
575
467
429
330
12
464
356
387
447
485
498
609
440
464
428
488
701
541
579
581
482
515
474
306
314
207
362
283
472
387
418
402
274
120
272
532
561
491
430
408
407
271
457
339
151
512
824
954
827
546
687
763
901
680
951
826
306
479
524
609
678
818
762
855
1073
1024
1029
1038
857
1035
839
803
47
1626
936
770
770
764
998
1087
1008
979
743
938
785
572
2303
948
1071
1021
874
963
789
867
911
842
891
695
806
803
271
1512
357
439
307
299
224
70
346
364
350
457
386
522
383
524
479
244
430
457
405
362
392
437
306
362
308
388
385
514
544
444
447
469
376
464
469
471
392
402
224
242
229
241
407
288
354
247
195
102
72
85
105
90
74
102
110
76
127
140
119
127
195
138
175
116
135
152
123
138
163
132
101
114
150
106
135
92
130
105
90
81
70
67
7
20
4
35
62
48
58
80
20
