1537
2115
1601
1109
1826
1656
1726
1500
1314
1259
1331
1729
1595
1766
1367
1482
1109
827
1129
1077
1220
1129
1608
1592
1309
1014
1436
1664
1464
1402
332
459
887
825
1006
31
1291
1366
1426
1548
1632
1299
1344
1332
1354
1218
1508
1793
1584
1172
1090
998
951
879
1156
1546
1796
1392
1403
1643
1964
1933
1544
1161
1307
1298
1417
1234
1680
1280
1061
451
717
1749
2143
1695
1885
2275
2963
2909
2835
2959
2353
1992
2062
2914
1805
2399
2061
2309
1819
2978
3732
3454
935
4388
1640
1624
1769
1922
2233
2869
2446
2967
3312
2856
2649
2369
2494
2584
2294
2242
2448
2762
2899
2401
2372
3098
2503
3101
3391
415
4463
2337
2011
1949
1803
1403
1608
1569
1489
785
895
623
340
245
103
1874
1373
1592
1434
1537
1323
1425
1255
1330
1616
1394
1473
1529
1230
1433
972
1031
1268
1169
1226
1318
1236
1434
1449
1482
1505
1181
1208
1624
960
956
1117
947
744
654
832
542
776
560
840
429
1006
787
578
531
646
982
863
621
784
646
752
647
855
699
649
444
673
539
760
574
652
681
537
697
501
689
420
483
555
618
516
459
227
229
95
79
39
451
249
730
754
763
783
790
756
928
663
908
768
1143
1756
579
1208
757
922
1418
1048
1127
1079
1439
1449
1632
1109
778
1348
1110
1096
1446
1565
1431
1425
1507
1496
1458
1444
885
1648
1626
1545
1570
1598
1586
1565
1651
1373
1411
1425
1446
1666
1830
1428
1361
1425
1798
1397
1180
937
2187
1830
1218
1426
1819
2018
2262
2147
2112
2239
2429
2361
2205
2178
2217
1871
2222
2139
2326
2421
2393
2195
2035
2146
1589
2073
2197
2658
1782
1916
2089
1695
1223
1072
1362
1640
1128
1562
1118
1307
785
1037
894
1323
1806
1942
2482
2729
2032
2228
1929
2169
1949
1639
1787
2036
1366
1307
1753
1700
1396
2464
2321
2209
1903
2281
1371
1231
1275
1322
977
483
633
752
649
1006
995
995
1339
1081
887
760
679
919
776
1394
2337
1714
2187
1335
1214
1182
531
610
681
832
664
943
751
879
893
1006
778
900
1006
778
998
685
1370
1035
938
1006
890
1299
1145
768
435
610
720
1454
1730
1757
1307
1414
1646
1254
1061
840
1126
888
451
880
615
800
688
515
824
532
966
1383
1481
1033
1564
1941
925
2263
2004
1402
1019
1260
1361
1659
1537
2115
1601
1109
1826
1656
1726
1500
1314
1259
1331
1729
1595
1766
1367
1482
1109
827
1129
1077
1220
1129
1608
1592
1309
1014
1436
1664
1464
1402
332
459
887
825
1006
31
1291
1366
1426
1548
1632
1299
1344
1332
1354
1218
1508
1793
1584
1172
1090
998
951
879
1156
1546
1796
1392
1403
1643
1964
1933
1544
1161
1307
1298
1417
1234
1680
1280
1061
451
717
1749
2143
1695
1885
2275
2963
2909
2835
2959
2353
1992
2062
2914
1805
2399
2061
2309
1819
2978
3732
3454
935
4388
1640
1624
1769
1922
2233
2869
2446
2967
3312
2856
2649
2369
2494
2584
2294
2242
2448
2762
2899
2401
2372
3098
2503
3101
3391
415
4463
2337
2011
1949
1803
1403
1608
1569
1489
785
895
623
340
245
103
1874
1373
1592
1434
1537
1323
1425
1255
1330
1616
1394
1473
1529
1230
1433
972
1031
1268
1169
1226
1318
1236
1434
1449
1482
1505
1181
1208
1624
960
956
1117
947
744
654
832
542
776
560
840
429
1006
787
578
531
646
982
863
621
784
646
752
647
855
699
649
444
673
539
760
574
652
681
537
697
501
689
420
483
555
618
516
459
227
229
95
79
39
451
249
730
754
763
783
790
756
928
663
908
768
1143
1756
579
1208
757
922
1418
1048
1127
1079
1439
1449
1632
1109
778
1348
1110
1096
1446
1565
1431
1425
1507
1496
1458
1444
885
1648
1626
1545
1570
1598
1586
1565
1651
1373
1411
1425
1446
1666
1830
1428
1361
1425
1798
1397
1180
937
2187
1830
1218
1426
1819
2018
2262
2147
2112
2239
2429
2361
2205
2178
2217
1871
2222
2139
2326
2421
2393
2195
2035
2146
1589
2073
2197
2658
1782
1916
2089
1695
1223
1072
1362
1640
1128
1562
1118
1307
785
1037
894
1323
1806
1942
2482
2729
2032
2228
1929
2169
1949
1639
1787
2036
1366
1307
1753
1700
1396
2464
2321
2209
1903
2281
1371
1231
1275
1322
977
483
633
752
649
1006
995
995
1339
1081
887
760
679
919
776
1394
2337
1714
2187
1335
1214
1182
531
610
681
832
664
943
751
879
893
1006
778
900
1006
778
998
685
1370
1035
938
1006
890
1299
1145
768
435
610
720
1454
1730
1757
1307
1414
1646
1254
1061
840
1126
888
451
880
615
800
688
515
824
532
966
1383
1481
1033
1564
1941
925
2263
2004
1402
1019
1260
1361
1659
1537
2115
1601
1109
1826
1656
1726
1500
1314
1259
1331
1729
1595
1766
1367
1482
1109
827
1129
1077
1220
1129
1608
1592
1309
1014
1436
1664
1464
1402
332
459
887
825
1006
31
1291
1366
1426
1548
1632
1299
1344
1332
1354
1218
1508
1793
1584
1172
1090
998
951
879
1156
1546
1796
1392
1403
1643
1964
1933
1544
1161
1307
1298
1417
1234
1680
1280
1061
451
717
1749
2143
1695
1885
2275
2963
2909
2835
2959
2353
1992
2062
2914
1805
2399
2061
2309
1819
2978
3732
3454
935
4388
1640
1624
1769
1922
2233
2869
2446
2967
3312
2856
2649
2369
2494
2584
2294
2242
2448
2762
2899
2401
2372
3098
2503
3101
3391
415
4463
2337
2011
1949
1803
1403
1608
1569
1489
785
895
623
340
245
103
1874
1373
1592
1434
1537
1323
1425
1255
1330
1616
1394
1473
1529
1230
1433
972
1031
1268
1169
1226
1318
1236
1434
1449
1482
1505
1181
1208
1624
960
956
1117
947
744
654
832
542
776
560
840
429
1006
787
578
531
646
982
863
621
784
646
752
647
855
699
649
444
673
539
760
574
652
681
537
697
501
689
420
483
555
618
516
459
227
229
95
79
39
451
249
730
754
763
783
790
756
928
663
908
768
