1367
1165
1725
1250
1319
1309
994
614
952
901
770
1147
1126
1419
1098
1096
863
884
841
517
740
493
339
254
391
1632
1516
861
1248
1232
436
1258
1290
1044
917
1145
986
1540
1473
1419
715
1121
803
1156
563
782
475
375
697
517
867
636
910
433
1530
1062
1572
795
1224
1037
1182
931
841
773
988
1202
1137
1164
1230
1022
1054
677
960
682
1373
1836
1085
1279
1785
1652
1662
1360
1751
1270
1598
1135
1471
1683
1356
1844
1393
1938
1645
1944
2007
1964
1728
1432
1970
2278
1537
1402
1827
1349
1768
2236
1769
1878
903
4593
1479
1258
1339
1730
1598
1656
1398
433
816
1071
960
731
16
1192
1373
1435
1533
1341
1358
1370
1495
1392
1854
1802
1734
989
1025
782
773
1496
1467
1666
1658
1022
1096
1183
1641
1298
1624
1658
1668
1334
1436
1424
1681
740
298
1555
2000
2296
2461
2734
1804
2213
2627
3030
3187
2487
2900
2497
2847
3293
1996
2244
1858
1700
1885
2056
2465
2529
2459
2427
2473
3539
3239
3199
4165
2564
3605
1436
5683
3035
2689
2860
2898
3171
3040
3001
2397
2613
2251
2599
2057
2567
2916
3035
2819
3204
3163
2279
2627
2151
2516
1547
1870
1683
1201
2210
1700
1109
977
773
764
876
1063
1012
1011
1122
983
1292
1011
1314
1659
2057
1586
1751
1278
1377
1089
1121
1445
1345
1406
1437
1623
1980
1576
1338
1467
1210
1624
2040
2049
1471
1300
959
1036
1563
1240
1760
723
867
671
694
475
510
221
329
449
578
485
688
782
725
458
595
506
684
764
660
880
952
852
670
771
943
809
861
818
917
814
734
800
580
348
305
136
50
0
928
816
768
1060
614
706
539
695
456
561
672
755
745
830
741
770
800
852
1037
722
710
748
941
1040
1099
1037
830
969
659
761
867
689
715
754
850
670
824
691
794
824
778
986
484
322
510
1295
1339
1694
1492
1797
2092
1155
2010
1568
1689
968
2135
1937
1397
2065
2279
1554
1968
1793
1595
2295
1544
1127
1725
1199
1547
1227
1360
943
1029
662
1249
322
996
1892
2295
2170
1334
1750
2007
1881
2202
2599
2776
1811
1572
2074
1178
1509
1865
2678
1984
2279
1616
1607
1367
1165
1725
1250
1319
1309
994
614
952
901
770
1147
1126
1419
1098
1096
863
884
841
517
740
493
339
254
391
1632
1516
861
1248
1232
436
1258
1290
1044
917
1145
986
1540
1473
1419
715
1121
803
1156
563
782
475
375
697
517
867
636
910
433
1530
1062
1572
795
1224
1037
1182
931
841
773
988
1202
1137
1164
1230
1022
1054
677
960
682
1373
1836
1085
1279
1785
1652
1662
1360
1751
1270
1598
1135
1471
1683
1356
1844
1393
1938
1645
1944
2007
1964
1728
1432
1970
2278
1537
1402
1827
1349
1768
2236
1769
1878
903
4593
1479
1258
1339
1730
1598
1656
1398
433
816
1071
960
731
16
1192
1373
1435
1533
1341
1358
1370
1495
1392
1854
1802
1734
989
1025
782
773
1496
1467
1666
1658
1022
1096
1183
1641
1298
1624
1658
1668
1334
1436
1424
1681
740
298
1555
2000
2296
2461
2734
1804
2213
2627
3030
3187
2487
2900
2497
2847
3293
1996
2244
1858
1700
1885
2056
2465
2529
2459
2427
2473
3539
3239
3199
4165
2564
3605
1436
5683
3035
2689
2860
2898
3171
3040
3001
2397
2613
2251
2599
2057
2567
2916
3035
2819
3204
3163
2279
2627
2151
2516
1547
1870
1683
1201
2210
1700
1109
977
773
764
876
1063
1012
1011
1122
983
1292
1011
1314
1659
2057
1586
1751
1278
1377
1089
1121
1445
1345
1406
1437
1623
1980
1576
1338
1467
1210
1624
2040
2049
1471
1300
959
1036
1563
1240
1760
723
867
671
694
475
510
221
329
449
578
485
688
782
725
458
595
506
684
764
660
880
952
852
670
771
943
809
861
818
917
814
734
800
580
348
305
136
50
0
928
816
768
1060
614
706
539
695
456
561
672
755
745
830
741
770
800
852
1037
722
710
748
941
1040
1099
1037
830
969
659
761
867
689
715
754
850
670
824
691
794
824
778
986
484
322
510
1295
1339
1694
1492
1797
2092
1155
2010
1568
1689
968
2135
1937
1397
2065
2279
1554
1968
1793
1595
2295
1544
1127
1725
1199
1547
1227
1360
943
1029
662
1249
322
996
1892
2295
2170
1334
1750
2007
1881
2202
2599
2776
1811
1572
2074
1178
1509
1865
2678
1984
2279
1616
1607
1367
1165
1725
1250
1319
1309
994
614
952
901
770
1147
1126
1419
1098
1096
863
884
841
517
740
493
339
254
391
1632
1516
861
1248
1232
436
1258
1290
1044
917
1145
986
1540
1473
1419
715
1121
803
1156
563
782
475
375
697
517
867
636
910
433
1530
1062
1572
795
1224
1037
1182
931
841
773
988
1202
1137
1164
1230
1022
1054
677
960
682
1373
1836
1085
1279
1785
1652
1662
1360
1751
1270
1598
1135
1471
1683
1356
1844
1393
1938
1645
1944
2007
1964
1728
1432
1970
2278
1537
1402
1827
1349
1768
2236
1769
1878
903
4593
1479
1258
1339
1730
1598
1656
1398
433
816
1071
960
731
16
1192
1373
1435
1533
1341
1358
1370
1495
1392
1854
1802
1734
989
1025
782
773
1496
1467
1666
1658
1022
1096
1183
1641
1298
1624
1658
1668
1334
1436
1424
1681
740
298
1555
2000
2296
2461
2734
1804
2213
2627
3030
3187
2487
2900
2497
2847
3293
1996
2244
1858
1700
1885
2056
2465
2529
2459
2427
2473
3539
3239
3199
4165
2564
3605
1436
5683
3035
2689
2860
2898
3171
3040
3001
2397
2613
2251
2599
2057
2567
2916
3035
2819
3204
3163
2279
2627
2151
2516
1547
1870
1683
1201
2210
1700
1109
977
773
764
876
1063
1012
1011
1122
983
1292
1011
1314
1659
2057
1586
1751
1278
1377
1089
1121
1445
1345
1406
1437
1623
1980
1576
1338
1467
1210
1624
2040
2049
1471
1300
959
1036
1563
1240
1760
723
867
671
694
475
510
221
329
449
578
485
688
782
725
458
595
506
684
764
660
880
952
852
670
771
943
809
861
818
917
814
734
800
580
348
305
136
50
0
