429
459
473
324
424
510
395
439
329
379
422
235
70
70
170
159
94
65
8
10
10
16
10
10
10
10
10
10
10
8
16
16
13
8
5
8
5
2
16
21
34
23
29
26
26
26
37
4
23
37
31
34
26
37
34
31
31
26
34
26
37
26
26
39
23
26
31
89
10
5
23
37
34
37
44
31
16
34
23
5
16
18
13
16
2
8
187
416
457
535
508
569
430
435
510
542
507
518
583
402
390
442
549
614
456
491
459
350
293
31
594
348
313
389
356
397
255
230
255
89
165
204
250
235
201
230
246
230
271
256
133
209
337
238
188
57
49
154
96
227
78
118
266
376
267
426
244
259
246
252
256
190
306
329
350
328
264
198
188
76
128
104
63
188
243
198
94
259
222
193
107
52
68
143
144
246
272
120
78
128
139
175
191
63
47
57
23
21
89
193
120
139
47
13
151
180
84
66
55
60
31
23
39
26
29
29
29
26
29
31
26
29
29
29
2
230
357
535
501
519
438
421
363
451
397
676
481
682
888
981
458
698
623
669
805
585
653
417
585
752
609
518
706
749
705
796
630
784
948
971
812
899
835
876
799
878
1023
845
736
1192
849
1070
834
966
993
945
984
900
869
732
757
425
875
831
939
1007
1045
1146
945
1037
917
734
746
823
795
1105
826
749
852
811
978
962
819
721
968
798
1018
170
16
16
69
655
977
846
767
619
521
533
632
466
656
896
745
617
568
729
384
609
434
690
544
718
399
512
336
551
531
541
525
641
919
870
673
930
1041
1116
978
766
656
710
801
516
786
925
1012
778
731
1002
1094
1033
1082
1099
1016
930
1005
1054
1026
948
811
979
873
1047
833
1104
839
1013
751
922
799
1085
1032
957
1091
1015
859
1103
765
1035
996
1049
1059
988
756
982
836
1012
961
1087
898
859
1093
1095
428
847
1108
1141
1082
867
1065
934
851
789
746
917
907
805
1122
1032
952
747
638
912
719
601
977
767
881
885
869
57
1494
540
687
695
903
801
860
1005
872
685
651
583
871
1033
874
973
627
509
541
668
557
904
824
752
567
559
326
434
463
681
507
33
1490
737
680
902
400
448
472
628
698
431
473
401
499
55
222
280
251
231
353
303
308
387
237
428
421
133
1506
659
684
423
287
333
542
677
482
507
522
371
493
551
491
457
388
430
386
385
300
335
302
426
420
381
353
399
461
515
519
495
514
496
340
232
358
554
622
445
436
336
477
426
510
387
538
625
486
719
514
666
497
373
244
423
393
352
507
350
431
420
518
444
365
186
523
526
387
559
602
596
727
563
365
196
317
409
583
486
704
883
641
681
498
806
501
753
502
772
869
667
839
643
929
667
767
822
950
626
933
866
938
875
464
781
638
817
683
786
626
779
784
578
786
748
865
838
754
846
590
747
633
546
663
577
458
435
740
762
697
586
700
726
727
374
465
510
509
723
639
792
615
756
698
416
426
881
877
806
876
786
879
886
577
668
891
808
547
878
659
657
768
679
945
551
778
729
672
468
410
653
445
786
856
845
922
922
630
766
617
824
701
826
828
679
655
687
788
790
899
793
654
489
494
668
384
534
564
497
548
489
638
467
588
644
505
620
583
584
573
677
578
544
635
600
670
674
951
979
746
1020
981
750
755
747
811
749
626
1096
796
912
899
790
975
776
984
768
807
725
746
764
741
928
740
809
738
997
982
775
1047
873
566
706
724
733
806
768
780
716
874
1008
967
904
974
919
822
938
897
689
867
884
463
454
489
677
676
700
966
1004
884
750
721
711
816
722
659
316
491
501
482
380
617
731
692
527
597
608
622
532
539
669
652
471
757
759
601
795
430
807
467
574
608
690
657
731
954
796
775
820
840
820
460
632
540
530
768
722
669
787
1008
998
942
1113
1009
938
1008
70
1551
522
593
579
555
585
392
342
494
702
536
947
1001
946
996
981
729
31
692
646
670
818
749
784
762
798
317
636
684
725
762
873
767
752
702
767
719
767
767
703
693
694
607
589
575
592
632
468
538
398
369
465
347
392
342
214
143
193
21
1068
463
523
409
492
533
496
337
192
353
267
178
246
151
206
243
128
102
233
372
511
562
535
465
392
317
172
144
123
78
104
225
176
240
249
193
104
102
111
139
104
120
141
107
73
96
128
55
55
70
63
63
86
94
144
225
209
162
162
154
139
91
60
58
68
86
86
70
102
81
99
102
89
62
107
162
201
31
333
84
91
183
178
170
69
86
73
70
99
68
68
21
26
26
26
23
26
29
26
23
21
21
10
16
123
133
94
76
110
81
39
16
49
84
55
55
70
49
34
31
175
21
37
23
5
146
138
78
57
34
29
37
49
68
52
65
70
44
2
60
76
99
141
104
78
34
96
55
58
65
230
42
89
84
133
81
84
63
95
125
76
91
57
57
308
340
436
370
324
151
49
63
91
73
96
55
84
47
31
47
47
60
73
89
104
91
8
8
5
5
5
5
5
5
5
5
5
8
10
8
8
5
5
2
5
12
350
514
497
416
473
423
604
471
501
564
521
513
476
570
481
365
494
372
426
159
575
365
360
460
486
370
467
599
400
251
102
123
80
47
23
26
26
26
26
29
29
29
26
26
29
29
26
26
26
26
26
26
26
29
26
90
285
298
381
309
455
559
614
692
389
308
675
744
643
429
459
473
324
424
510
395
439
329
379
422
235
70
70
170
159
94
65
8
10
10
16
10
10
10
10
10
10
10
8
16
16
13
8
5
8
5
2
16
21
34
23
29
26
26
26
37
4
23
37
31
34
26
37
34
31
31
26
34
26
37
26
26
39
23
26
31
89
10
5
23
37
34
37
44
31
16
34
23
5
16
18
13
16
2
8
187
416
457
535
508
569
430
435
510
542
507
518
583
402
390
442
549
614
456
491
459
350
293
31
594
348
313
389
356
397
255
230
255
89
165
204
250
235
201
230
246
230
271
256
133
209
337
238
188
57
49
154
96
227
78
118
266
376
267
426
244
259
246
252
256
190
306
329
350
328
264
198
188
76
128
104
63
188
243
198
94
259
222
193
107
52
68
143
144
246
272
120
78
128
139
175
191
63
47
57
23
21
89
193
120
139
47
13
151
180
84
66
55
60
31
23
39
26
29
29
29
26
29
31
26
29
29
29
2
230
357
535
501
519
438
421
363
451
397
676
481
682
888
981
458
698
623
669
805
585
653
417
585
752
609
518
706
749
705
796
630
784
948
971
812
899
835
876
799
878
1023
845
736
1192
849
1070
834
966
993
945
984
900
869
732
757
425
875
831
939
1007
1045
1146
945
1037
917
734
746
823
795
1105
826
749
852
811
978
962
819
721
968
798
1018
170
16
16
69
655
977
846
767
619
521
533
632
466
656
896
745
617
568
729
384
609
434
690
544
718
399
512
336
551
531
541
525
641
919
870
673
930
1041
1116
978
766
656
710
801
516
786
925
1012
778
731
1002
1094
1033
1082
1099
1016
930
1005
1054
1026
948
811
979
873
1047
833
1104
839
1013
751
922
799
1085
1032
957
1091
1015
859
1103
765
1035
996
1049
1059
988
756
982
836
1012
961
1087
898
859
1093
1095
428
847
1108
1141
1082
867
1065
934
851
789
746
917
907
805
1122
1032
952
747
638
912
719
601
977
767
881
885
869
57
1494
540
687
695
903
801
860
1005
872
685
651
583
871
1033
874
973
627
509
541
668
557
904
824
752
567
559
326
434
463
681
507
33
1490
737
680
902
400
448
472
628
698
431
473
401
499
55
222
280
251
231
353
303
308
387
237
428
421
133
1506
659
684
423
287
333
542
677
482
507
522
371
493
551
491
457
388
430
386
385
300
335
302
426
420
381
353
399
461
515
519
495
514
496
340
232
358
554
622
445
436
336
477
426
510
387
538
625
486
719
514
666
497
373
244
423
393
352
507
350
431
420
518
444
365
186
523
526
387
559
602
596
727
563
365
196
317
409
583
486
704
883
641
681
498
806
501
753
502
772
869
667
839
643
929
667
767
822
950
626
933
866
938
875
464
781
638
817
683
786
626
779
784
578
786
748
865
838
754
846
590
747
633
546
663
577
458
435
740
762
697
586
700
726
727
374
465
510
509
723
639
792
615
756
698
416
426
881
877
806
876
786
879
886
577
668
891
808
547
878
659
657
768
679
945
551
778
729
672
468
410
653
445
786
856
845
922
922
630
766
617
824
701
826
828
679
655
687
788
790
899
793
654
489
494
668
384
534
564
497
548
489
638
467
588
644
505
620
583
584
573
677
578
544
635
600
670
674
951
979
746
1020
981
750
755
747
811
749
626
1096
796
912
899
790
975
776
984
768
807
725
746
764
741
928
740
809
738
997
982
775
1047
873
566
706
724
733
806
768
780
716
874
1008
967
904
974
919
822
938
897
689
867
884
463
454
489
677
676
700
966
1004
884
750
721
711
816
722
659
316
491
501
482
380
617
731
692
527
597
608
622
532
539
669
652
471
757
759
601
795
430
807
467
574
608
690
657
731
954
796
775
820
840
820
460
632
540
530
768
722
669
787
1008
998
942
1113
1009
938
1008
70
1551
522
593
579
555
585
392
342
494
702
536
947
1001
946
996
981
729
31
692
646
670
818
749
784
762
798
317
636
684
725
762
873
767
752
702
767
719
767
767
703
693
694
607
589
575
592
632
468
538
398
369
465
347
392
342
214
143
193
21
1068
463
523
409
492
533
496
337
192
353
267
178
246
151
206
243
128
102
233
372
511
562
535
465
392
317
172
144
123
78
104
225
176
240
249
193
104
102
111
139
104
120
141
107
73
96
128
55
55
70
63
63
86
94
144
225
209
162
162
154
139
91
60
58
68
86
86
70
102
81
99
102
89
62
107
162
201
31
333
84
91
183
178
170
69
86
73
70
99
68
68
21
26
26
26
23
26
29
26
23
21
21
10
16
123
133
94
76
110
81
39
16
49
84
55
55
70
49
34
31
175
21
37
23
5
146
138
78
57
34
29
37
49
68
52
65
70
44
2
60
76
99
141
104
78
34
96
55
58
65
230
42
89
84
133
81
84
63
95
125
76
91
57
57
308
340
436
370
324
151
49
63
91
73
96
55
84
47
31
47
47
60
73
89
104
91
8
8
5
5
5
5
5
5
5
5
5
8
10
8
8
5
5
2
5
12
350
514
497
416
473
423
604
471
501
564
521
513
476
570
481
365
494
372
426
159
575
365
360
460
486
370
467
599
400
251
102
123
80
47
23
26
26
26
26
29
29
29
26
26
29
29
26
26
26
26
26
26
26
29
26
90
285
298
381
309
455
559
614
692
389
308
675
744
643
429
459
473
324
424
510
395
439
329
379
422
235
70
70
170
159
94
65
8
10
10
16
10
10
10
10
10
10
10
8
16
16
13
8
5
8
5
2
16
21
34
23
29
26
26
26
37
4
23
37
31
34
26
37
34
31
31
26
34
26
37
26
26
39
23
26
31
89
10
5
23
37
34
37
44
31
16
34
23
5
16
18
13
16
2
8
187
416
457
535
508
569
430
435
510
542
507
518
583
402
390
442
549
614
456
491
459
350
293
31
594
348
313
389
356
397
255
230
255
89
165
204
250
235
201
230
246
230
271
256
133
209
337
238
188
57
49
154
96
227
78
118
266
376
267
426
244
259
246
252
256
190
306
329
350
328
264
198
188
76
128
104
63
188
243
198
94
259
222
193
107
52
68
143
144
246
272
120
78
128
139
175
191
63
47
57
23
21
89
193
120
139
47
13
151
180
84
66
55
60
31
23
39
26
29
29
29
26
29
31
26
29
29
29
2
230
357
535
501
519
438
421
363
451
397
676
481
682
888
981
458
698
623
669
805
585
653
417
585
752
609
518
706
749
705
796
630
784
948
971
812
899
835
876
799
878
1023
845
736
1192
849
1070
834
966
993
945
984
900
869
732
757
425
875
831
939
1007
1045
1146
945
1037
917
734
746
823
795
1105
826
749
852
811
978
962
819
721
968
798
1018
170
16
16
69
655
977
846
767
619
521
533
632
466
656
896
745
617
568
729
384
609
434
690
544
718
399
512
336
551
531
541
525
641
919
870
673
930
1041
1116
978
766
656
710
801
516
786
925
1012
778
731
1002
1094
1033
1082
1099
1016
930
1005
1054
1026
948
811
979
873
1047
833
1104
839
1013
751
922
799
1085
1032
957
1091
1015
859
1103
765
1035
996
1049
1059
988
756
982
836
1012
961
1087
898
859
1093
1095
428
847
1108
1141
1082
867
1065
934
851
789
746
917
907
805
1122
1032
952
747
638
912
719
601
977
767
881
885
869
57
1494
540
687
695
903
801
860
1005
872
685
651
583
871
1033
874
973
627
509
541
668
557
904
824
752
567
559
326
434
463
681
507
33
1490
737
680
902
400
448
472
628
698
431
473
401
499
55
222
280
251
231
353
303
308
387
237
428
421
133
1506
659
684
423
287
333
542
677
482
507
522
371
493
551
491
457
388
430
386
385
300
335
302
426
420
381
353
399
461
515
519
495
514
496
340
232
358
554
622
445
436
336
477
426
510
387
538
625
486
719
514
666
497
373
244
423
393
352
507
350
431
420
518
444
365
186
523
526
387
559
602
596
