220
119
86
56
122
224
352
292
367
413
261
239
257
264
278
163
109
74
19
343
114
104
156
120
149
333
402
399
343
300
329
301
252
262
325
202
219
416
248
227
232
207
95
122
133
198
146
56
127
232
317
266
281
240
259
265
263
301
272
317
288
292
243
174
257
229
244
133
92
151
148
129
153
244
205
149
130
132
212
125
124
261
266
188
138
129
164
135
164
147
217
174
223
196
97
148
190
171
211
234
244
181
238
261
251
237
169
149
193
251
216
235
87
72
94
130
125
171
302
250
273
229
182
183
102
239
154
157
196
157
209
215
144
167
190
240
380
362
342
256
219
221
264
182
262
292
267
330
253
219
145
182
286
282
285
158
238
229
296
335
375
340
288
285
390
275
213
138
209
255
356
358
335
374
382
448
332
365
292
395
475
422
285
348
336
472
560
510
529
581
610
656
559
476
457
513
509
452
483
464
404
380
419
430
422
367
389
464
525
493
301
133
120
202
256
292
340
370
407
377
398
401
330
457
414
288
178
234
399
414
303
329
332
320
219
425
471
362
386
407
459
370
392
343
259
317
296
316
499
476
419
428
377
435
467
422
436
462
414
414
341
312
314
370
438
433
385
547
311
252
219
297
150
249
162
166
367
457
280
312
350
213
288
488
476
497
480
467
416
367
356
587
568
473
388
317
301
325
364
483
370
457
481
481
484
424
430
365
414
396
336
374
438
530
557
488
540
481
484
453
377
321
309
349
285
309
378
354
292
363
219
265
263
311
365
314
250
334
264
333
202
272
208
309
336
304
322
410
287
309
411
353
345
377
394
405
290
269
354
230
376
316
308
340
389
343
304
399
272
259
209
230
233
186
184
259
200
297
230
225
153
214
271
334
312
246
243
261
283
229
276
272
262
237
338
298
279
344
324
337
358
248
267
272
256
400
330
290
369
323
301
349
376
288
287
315
292
343
405
206
351
354
335
274
331
325
306
344
314
314
363
354
324
363
314
304
438
443
423
419
461
427
417
402
377
415
399
468
455
425
443
407
444
427
386
414
449
442
449
433
365
274
305
272
378
449
457
428
420
388
407
380
407
386
210
219
186
283
176
191
151
144
246
308
384
316
248
363
338
338
330
304
256
275
213
341
338
304
338
292
243
371
309
304
338
288
293
336
288
338
358
335
348
326
317
362
364
399
353
325
362
363
327
298
387
346
353
332
381
377
349
358
383
317
292
227
159
158
186
186
214
206
202
260
232
260
234
302
269
224
228
193
91
58
71
114
19
285
212
179
130
137
156
142
164
106
116
134
214
218
220
182
228
220
197
248
226
251
229
292
224
207
132
231
203
233
204
195
222
186
201
196
205
239
190
251
203
231
149
117
59
50
38
40
37
30
24
24
22
39
101
149
111
96
63
82
72
56
42
37
34
40
51
55
67
66
67
71
53
55
52
45
50
42
27
34
37
42
51
42
42
43
33
32
24
27
22
16
19
16
11
16
26
21
13
10
8
16
18
22
19
6
13
19
13
10
10
10
10
10
10
10
8
6
12
43
40
72
103
129
137
151
130
103
92
85
100
129
134
133
98
104
125
174
157
187
220
129
124
220
182
145
231
109
123
90
59
50
43
21
14
24
26
11
118
397
383
324
293
341
343
227
211
278
134
148
222
182
280
288
322
394
402
378
322
340
370
364
287
318
269
338
407
253
285
374
322
370
374
342
345
377
72
451
338
387
385
312
385
432
420
401
402
399
341
339
324
396
354
248
309
420
431
362
327
407
407
321
234
398
267
354
374
449
463
369
359
287
312
243
336
303
385
380
414
426
372
402
393
332
392
382
367
349
349
248
230
166
76
127
196
144
79
6
6
6
6
6
6
6
6
6
6
6
6
5
5
6
6
6
6
6
6
5
5
5
5
5
5
5
5
5
5
5
5
5
5
5
5
5
5
5
5
5
5
5
5
5
5
5
5
4
6
10
6
6
6
6
6
6
6
5
6
6
6
6
6
8
10
82
282
119
259
184
178
194
140
178
76
26
11
22
87
252
203
235
206
176
178
168
212
194
155
212
203
236
217
213
243
206
204
157
241
237
257
182
239
235
294
240
326
306
282
307
216
133
1
219
186
304
237
101
395
312
328
267
358
370
288
340
360
292
288
272
221
196
153
131
166
127
127
87
138
148
96
71
96
93
66
77
53
18
38
36
56
50
64
48
40
29
29
38
32
40
36
22
21
92
67
76
61
30
47
55
30
106
92
24
47
24
19
371
251
196
252
190
236
258
190
100
60
59
87
59
71
66
63
52
84
61
69
125
137
186
143
151
119
185
154
92
55
34
50
34
61
140
165
323
321
346
315
219
194
182
257
261
220
119
86
56
122
224
352
292
367
413
261
239
257
264
278
163
109
74
19
343
114
104
156
120
149
333
402
399
343
300
329
301
252
262
325
202
219
416
248
227
232
207
95
122
133
198
146
56
127
232
317
266
281
240
259
265
263
301
272
317
288
292
243
174
257
229
244
133
92
151
148
129
153
244
205
149
130
132
212
125
124
261
266
188
138
129
164
135
164
147
217
174
223
196
97
148
190
171
211
234
244
181
238
261
251
237
169
149
193
251
216
235
87
72
94
130
125
171
302
250
273
229
182
183
102
239
154
157
196
157
209
215
144
167
190
240
380
362
342
256
219
221
264
182
262
292
267
330
253
219
145
182
286
282
285
158
238
229
296
335
375
340
288
285
390
275
213
138
209
255
356
358
335
374
382
448
332
365
292
395
475
422
285
348
336
472
560
510
529
581
610
656
559
476
457
513
509
452
483
464
404
380
419
430
422
367
389
464
525
493
301
133
120
202
256
292
340
370
407
377
398
401
330
457
414
288
178
234
399
414
303
329
332
320
219
425
471
362
386
407
459
370
392
343
259
317
296
316
499
476
419
428
377
435
467
422
436
462
414
414
341
312
314
370
438
433
385
547
311
252
219
297
150
249
162
166
367
457
280
312
350
213
288
488
476
497
480
467
416
367
356
587
568
473
388
317
301
325
364
483
370
457
481
481
484
424
430
365
414
396
336
374
438
530
557
488
540
481
484
453
377
321
309
349
285
309
378
354
292
363
219
265
263
311
365
314
250
334
264
333
202
272
208
309
336
304
322
410
287
309
411
353
345
377
394
405
290
269
354
230
376
316
308
340
389
343
304
399
272
259
209
230
233
186
184
259
200
297
230
225
153
214
271
334
312
246
243
261
283
229
276
272
262
237
338
298
279
344
324
337
358
248
267
272
256
400
330
290
369
323
301
349
376
288
287
315
292
343
405
206
351
354
335
274
331
325
306
344
314
314
363
354
324
363
314
304
438
443
423
419
461
427
417
402
377
415
399
468
455
425
443
407
444
427
386
414
449
442
449
433
365
274
305
272
378
449
457
428
420
388
407
380
407
386
210
219
186
283
176
191
151
144
246
308
384
316
248
363
338
338
330
304
256
275
213
341
338
304
338
292
243
371
309
304
338
288
293
336
288
338
358
335
348
326
317
362
364
399
353
325
362
363
327
298
387
346
353
332
381
377
349
358
383
317
292
227
159
158
186
186
214
206
202
260
232
260
234
302
269
224
228
193
91
58
71
114
19
285
212
179
130
137
156
142
164
106
116
134
214
218
220
182
228
220
197
248
226
251
229
292
224
207
132
231
203
233
204
195
222
186
201
196
205
239
190
251
203
231
149
117
59
50
38
40
37
30
24
24
22
39
101
149
111
96
63
82
72
56
42
37
34
40
51
55
67
66
67
71
53
55
52
45
50
42
27
34
37
42
51
42
42
43
33
32
24
27
22
16
19
16
11
16
26
21
13
10
8
16
18
22
19
6
13
19
13
10
10
10
10
10
10
10
8
6
12
43
40
72
103
129
137
151
130
103
92
85
100
129
134
133
98
104
125
174
157
187
220
129
124
220
182
145
231
109
123
90
59
50
43
21
14
24
26
11
118
397
383
324
293
341
343
227
211
278
134
148
222
182
280
288
322
394
402
378
322
340
370
364
287
318
269
338
407
253
285
374
322
370
374
342
345
377
72
451
338
387
385
312
385
432
420
401
402
399
341
339
324
396
354
248
309
420
431
362
327
407
407
321
234
398
267
354
374
449
463
369
359
287
312
243
336
303
385
380
414
426
372
402
393
332
392
382
367
349
349
248
230
166
76
127
196
144
79
6
6
6
6
6
6
6
6
6
6
6
6
5
5
6
6
6
6
6
6
5
5
5
5
5
5
5
5
5
5
5
5
5
5
5
5
5
5
5
5
5
5
5
5
5
5
5
5
4
6
10
6
6
6
6
6
6
6
5
6
6
6
6
6
8
10
82
282
119
259
184
178
194
140
178
76
26
11
22
87
252
203
235
206
176
178
168
212
194
155
212
203
236
217
213
243
206
204
157
241
237
257
182
239
235
294
240
326
306
282
307
216
133
1
219
186
304
237
101
395
312
328
267
358
370
288
340
360
292
288
272
221
196
153
131
166
127
127
87
138
148
96
71
96
93
66
77
53
18
38
36
56
50
64
48
40
29
29
38
32
40
36
22
21
92
67
76
61
30
47
55
30
106
92
24
47
24
19
371
251
196
252
190
236
258
190
100
60
59
87
59
71
66
63
52
84
61
69
125
137
186
143
151
119
185
154
92
55
34
50
34
61
140
165
323
321
346
315
219
194
182
257
261
220
119
86
56
122
224
352
292
367
413
261
239
257
264
278
163
109
74
19
343
114
104
156
120
149
333
402
399
343
300
329
301
252
262
325
202
219
416
248
227
232
207
95
122
133
198
146
56
127
232
317
266
281
240
259
265
263
301
272
317
288
292
243
174
257
229
244
133
92
151
148
129
153
244
205
149
130
132
212
125
124
261
266
188
138
129
164
135
164
147
217
174
223
196
97
148
190
171
211
234
244
181
238
261
251
237
169
149
193
251
216
235
87
72
94
130
125
171
302
250
273
229
182
183
102
239
154
157
196
157
209
215
144
167
190
240
380
362
342
256
219
221
264
182
262
292
267
330
253
219
145
182
286
282
285
158
238
229
296
335
375
340
288
285
390
275
213
138
209
255
356
358
335
374
382
448
332
365
292
395
475
422
285
348
336
472
560
510
529
581
610
656
559
476
457
513
509
452
483
464
404
380
419
430
422
367
389
464
525
493
301
133
120
202
256
292
340
370
407
377
398
401
330
457
414
288
178
234
399
414
303
329
332
320
219
425
471
362
386
407
459
370
392
343
259
317
296
316
499
476
419
428
377
435
467
422
436
462
414
414
341
312
314
370
438
433
385
547
311
252
219
297
150
249
162
166
367
457
280
312
350
213
288
488
476
497
480
467
416
367
356
587
568
473
388
317
301
325
364
483
370
457
481
481
484
424
430
365
414
396
336
374
438
530
557
488
540
481
484
453
377
321
309
349
285
309
378
354
292
363
219
265
263
311
365
314
250
334
264
333
202
272
208
309
336
304
322
410
287
309
411
353
345
377
394
405
290
269
354
230
376
316
308
340
389
343
304
399
272
259
209
230
233
186
184
259
200
297
230
225
153
214
271
334
312
246
243
261
283
229
276
272
262
237
338
298
279
344
324
337
358
248
267
272
256
400
330
290
369
323
301
349
376
288
287
315
292
343
405
206
351
354
335
274
331
325
306
344
314
314
363
354
324
363
314
304
