881
475
343
225
488
896
1408
1166
1468
1652
1044
954
1029
1057
1112
652
437
296
77
1372
457
418
623
478
598
1333
1610
1595
1372
1199
1318
1205
1007
1046
1301
810
877
1665
992
907
928
829
382
488
534
793
585
225
508
928
1266
1064
1125
961
1038
1061
1051
1202
1089
1266
1153
1166
971
697
1029
915
977
534
369
604
591
514
613
977
819
598
521
529
848
501
495
1044
1064
752
553
517
656
540
656
588
868
697
894
784
388
591
759
684
842
935
977
723
951
1044
1003
948
675
598
774
1003
864
938
347
289
375
521
501
684
1209
999
1093
915
726
733
408
958
617
626
784
626
836
861
575
669
759
961
1520
1449
1370
1025
874
883
1054
729
1048
1166
1067
1321
1012
874
578
729
1145
1128
1138
633
951
915
1183
1340
1501
1359
1150
1140
1558
1099
851
553
836
1018
1424
1434
1340
1494
1527
1794
1327
1462
1166
1582
1900
1687
1140
1391
1344
1887
2240
2041
2114
2324
2440
2626
2236
1903
1829
2050
2034
1809
1931
1858
1616
1520
1674
1719
1687
1468
1556
1854
2099
1970
1205
534
478
810
1022
1166
1359
1481
1626
1507
1591
1604
1321
1826
1655
1153
713
935
1597
1656
1213
1314
1327
1279
877
1700
1884
1449
1546
1629
1835
1481
1569
1372
1038
1266
1186
1263
1996
1906
1674
1710
1507
1739
1867
1687
1745
1848
1655
1655
1363
1250
1256
1479
1752
1732
1539
2189
1243
1009
877
1189
601
997
649
665
1468
1829
1119
1250
1401
851
1153
1951
1906
1990
1918
1867
1665
1468
1424
2350
2272
1893
1552
1269
1202
1301
1455
1931
1481
1829
1925
1925
1938
1698
1719
1462
1655
1584
1344
1494
1752
2118
2228
1951
2159
1925
1938
1813
1507
1282
1237
1395
1140
1237
1511
1417
1166
1453
877
1061
1051
1243
1460
1256
999
1337
1057
1331
806
1086
832
1237
1344
1217
1289
1639
1147
1237
1646
1411
1378
1507
1578
1620
1160
1076
1414
922
1502
1265
1230
1359
1556
1372
1217
1595
1089
1038
836
922
932
746
736
1035
800
1189
922
900
613
855
1083
1337
1250
984
974
1044
1132
915
1106
1089
1048
948
1350
1192
1115
1376
1295
1346
1434
992
1070
1086
1025
1601
1321
1160
1475
1292
1205
1398
1504
1153
1147
1260
1166
1372
1620
826
1404
1414
1340
1096
1324
1301
1224
1376
1256
1256
1453
1417
1295
1453
1256
1217
1752
1771
1693
1674
1845
1706
1668
1610
1507
1662
1597
1874
1820
1700
1771
1629
1777
1706
1546
1655
1796
1768
1796
1732
1462
1096
1222
1089
1514
1796
1826
1713
1680
1552
1629
1520
1629
1543
838
874
742
1132
703
765
604
575
984
1230
1537
1263
992
1453
1353
1353
1321
1215
1025
1099
851
1363
1353
1217
1350
1166
974
1485
1237
1217
1350
1153
1173
1344
1153
1353
1434
1340
1391
1305
1269
1449
1455
1595
1411
1301
1449
1453
1308
1192
1549
1385
1411
1327
1524
1507
1398
1430
1530
1269
1166
907
636
633
746
742
855
823
806
1041
928
1041
935
1209
1076
896
913
771
363
231
283
457
77
1140
848
716
521
546
623
568
656
424
462
536
855
870
881
729
913
881
787
990
903
1003
915
1170
896
829
529
925
813
932
816
780
887
742
804
784
819
958
761
1003
813
925
594
469
237
199
154
160
147
122
96
96
90
157
405
598
444
385
253
328
289
225
167
147
135
160
206
221
270
263
270
283
212
219
208
180
199
167
109
135
147
167
206
167
167
173
131
128
96
109
90
64
77
64
45
64
103
83
51
38
32
64
71
90
77
25
51
77
51
38
38
38
38
38
38
38
32
25
48
173
160
289
411
514
549
604
521
411
369
341
398
514
536
534
392
418
501
697
630
749
881
514
498
881
726
581
925
437
491
360
237
199
173
83
58
96
103
45
472
1588
1533
1295
1173
1363
1372
907
845
1112
536
591
887
729
1119
1153
1289
1578
1608
1514
1289
1359
1479
1455
1147
1273
1076
1353
1626
1012
1140
1498
1289
1481
1494
1370
1378
1507
289
1803
1353
1549
1539
1250
1539
1729
1680
1604
1610
1597
1366
1357
1295
1584
1414
992
1237
1680
1723
1449
1308
1629
1629
1286
935
1591
1067
1417
1494
1796
1851
1475
1437
1147
1247
974
1344
1212
1539
1520
1655
1704
1488
1610
1571
1327
1569
1527
1468
1398
1395
992
919
665
302
508
784
575
315
25
25
25
25
25
25
25
25
25
25
25
25
19
19
25
25
25
25
25
25
19
19
19
19
19
19
19
19
19
19
19
19
19
19
19
19
19
19
19
19
19
19
19
19
19
19
19
19
15
25
38
25
25
25
25
25
25
25
19
25
25
25
25
25
32
38
328
1129
474
1035
736
713
778
562
713
302
103
45
90
350
1009
813
938
823
703
713
671
848
778
620
848
813
945
868
851
971
826
816
626
964
948
1029
729
958
941
1176
961
1305
1224
1128
1228
864
534
6
874
742
1215
948
405
1578
1250
1311
1070
1430
1479
1153
1359
1440
1166
1153
1086
883
784
610
524
662
508
508
350
553
591
385
286
385
373
263
308
212
71
154
144
225
199
257
193
160
115
115
154
128
160
144
90
83
366
270
302
244
122
186
219
118
424
366
96
186
96
77
1484
1003
784
1009
761
945
1031
759
398
240
237
347
237
283
263
250
208
334
244
276
501
549
746
572
602
474
739
617
369
219
135
199
135
244
559
658
1292
1282
1385
1260
877
778
729
1029
1044
881
475
343
225
488
896
1408
1166
1468
1652
1044
954
1029
1057
1112
652
437
296
77
1372
457
418
623
478
598
1333
1610
1595
1372
1199
1318
1205
1007
1046
1301
810
877
1665
992
907
928
829
382
488
534
793
585
225
508
928
1266
1064
1125
961
1038
1061
1051
1202
1089
1266
1153
1166
971
697
1029
915
977
534
369
604
591
514
613
977
819
598
521
529
848
501
495
1044
1064
752
553
517
656
540
656
588
868
697
894
784
388
591
759
684
842
935
977
723
951
1044
1003
948
675
598
774
1003
864
938
347
289
375
521
501
684
1209
999
1093
915
726
733
408
958
617
626
784
626
836
861
575
669
759
961
1520
1449
1370
1025
874
883
1054
729
1048
1166
1067
1321
1012
874
578
729
1145
1128
1138
633
951
915
1183
1340
1501
1359
1150
1140
1558
1099
851
553
836
1018
1424
1434
1340
1494
1527
1794
1327
1462
1166
1582
1900
1687
1140
1391
1344
1887
2240
2041
2114
2324
2440
2626
2236
1903
1829
2050
2034
1809
1931
1858
1616
1520
1674
1719
1687
1468
1556
1854
2099
1970
1205
534
478
810
1022
1166
1359
1481
1626
1507
1591
1604
1321
1826
1655
1153
713
935
1597
1656
1213
1314
1327
1279
877
1700
1884
1449
1546
1629
1835
1481
1569
1372
1038
1266
1186
1263
1996
1906
1674
1710
1507
1739
1867
1687
1745
1848
1655
1655
1363
1250
1256
1479
1752
1732
1539
2189
1243
1009
877
1189
601
997
649
665
1468
1829
1119
1250
1401
851
1153
1951
1906
1990
1918
1867
1665
1468
1424
2350
2272
1893
1552
1269
1202
1301
1455
1931
1481
1829
1925
1925
1938
1698
1719
1462
1655
1584
1344
1494
1752
2118
2228
1951
2159
1925
1938
1813
1507
1282
1237
1395
1140
1237
1511
1417
1166
1453
877
1061
1051
1243
1460
1256
999
1337
1057
1331
806
1086
832
1237
1344
1217
1289
1639
1147
1237
1646
1411
1378
1507
1578
1620
1160
1076
1414
922
1502
1265
1230
1359
1556
1372
1217
1595
1089
1038
836
922
932
746
736
1035
800
1189
922
900
613
855
1083
1337
1250
984
974
1044
1132
915
1106
1089
1048
948
1350
1192
1115
1376
1295
1346
1434
992
1070
1086
1025
1601
1321
1160
1475
1292
1205
1398
1504
1153
1147
1260
1166
1372
1620
826
1404
1414
1340
1096
1324
1301
1224
1376
1256
1256
1453
1417
1295
1453
1256
1217
1752
1771
1693
1674
1845
1706
1668
1610
1507
1662
1597
1874
1820
1700
1771
1629
1777
1706
1546
1655
1796
1768
1796
1732
1462
1096
1222
1089
1514
1796
1826
1713
1680
1552
1629
1520
1629
1543
838
874
742
1132
703
765
604
575
984
1230
1537
1263
992
1453
1353
1353
1321
1215
1025
1099
851
1363
1353
1217
1350
1166
974
1485
1237
1217
1350
1153
1173
1344
1153
1353
1434
1340
1391
1305
1269
1449
1455
1595
1411
1301
1449
1453
1308
1192
1549
1385
1411
1327
1524
1507
1398
1430
1530
1269
1166
907
636
633
746
742
855
823
806
1041
928
1041
935
1209
1076
896
913
771
363
231
283
457
77
1140
848
716
521
546
623
568
656
424
462
536
855
870
881
729
913
881
787
990
903
1003
915
1170
896
829
529
925
813
932
816
780
887
742
804
784
819
958
761
1003
813
925
594
469
237
199
154
160
147
122
96
96
90
157
405
598
444
385
253
328
289
225
167
147
135
160
206
221
270
263
270
283
212
219
208
180
199
167
109
135
147
167
206
167
167
173
131
128
96
109
90
64
77
64
45
64
103
83
51
38
32
64
71
90
77
25
51
77
51
38
38
38
38
38
38
38
32
25
48
173
160
289
411
514
549
604
521
411
369
341
398
514
536
534
392
418
501
697
630
749
881
514
498
881
726
581
925
437
491
360
237
199
173
83
58
96
103
45
472
1588
1533
1295
1173
1363
1372
907
845
1112
536
591
887
729
1119
1153
1289
1578
1608
1514
1289
1359
1479
1455
1147
1273
1076
1353
1626
1012
1140
1498
1289
1481
1494
1370
1378
1507
289
1803
1353
1549
1539
1250
1539
1729
1680
1604
1610
1597
1366
1357
1295
1584
1414
992
1237
1680
1723
1449
1308
1629
1629
1286
935
1591
1067
1417
1494
1796
1851
1475
1437
1147
1247
974
1344
1212
1539
1520
1655
1704
1488
1610
1571
1327
1569
1527
1468
1398
1395
992
919
665
302
508
784
575
315
25
25
25
25
25
25
25
25
25
25
25
25
19
19
25
25
25
25
25
25
19
19
19
19
19
19
19
19
19
19
19
19
19
19
19
19
19
19
19
19
19
19
19
19
19
19
19
19
15
25
38
25
25
25
25
25
25
25
19
25
25
25
25
25
32
38
328
1129
474
1035
736
713
778
562
713
302
103
45
90
350
1009
813
938
823
703
713
671
848
778
620
848
813
945
868
851
971
826
816
626
964
948
1029
729
958
941
1176
961
1305
1224
1128
1228
864
534
6
874
742
1215
948
405
1578
1250
1311
1070
1430
1479
1153
1359
1440
1166
1153
1086
883
784
610
524
662
508
508
350
553
591
385
286
385
373
263
308
212
71
154
144
225
199
257
193
160
115
115
154
128
160
144
90
83
366
270
302
244
122
186
219
118
424
366
96
186
96
77
1484
1003
784
1009
761
945
1031
759
398
240
237
347
237
283
263
250
208
334
244
276
501
549
746
572
602
474
739
617
369
219
135
199
135
244
559
658
1292
1282
1385
1260
877
778
729
1029
1044
881
475
343
225
488
896
1408
1166
1468
1652
1044
954
1029
1057
1112
652
437
296
77
1372
457
418
623
478
598
1333
1610
1595
1372
1199
1318
1205
1007
1046
1301
810
877
1665
992
907
928
829
382
488
534
793
585
225
508
928
1266
1064
1125
961
1038
1061
1051
1202
1089
1266
1153
1166
971
697
1029
915
977
534
369
604
591
514
613
977
819
598
521
529
848
501
495
1044
1064
752
553
517
656
540
656
588
868
697
894
784
388
591
759
684
842
935
977
723
951
1044
1003
948
675
598
774
1003
864
938
347
289
375
521
501
684
1209
999
1093
915
726
733
408
958
617
626
784
626
836
861
575
669
759
961
1520
1449
1370
1025
874
883
1054
729
1048
1166
1067
1321
1012
874
578
729
1145
1128
1138
633
951
915
1183
1340
1501
1359
1150
1140
1558
1099
851
553
836
1018
1424
1434
1340
1494
1527
1794
1327
1462
1166
1582
1900
1687
1140
1391
1344
1887
2240
2041
2114
2324
2440
2626
2236
1903
1829
2050
2034
1809
1931
1858
1616
1520
1674
1719
1687
1468
1556
1854
2099
1970
1205
534
478
810
1022
1166
1359
1481
1626
1507
1591
1604
1321
1826
1655
1153
713
935
1597
1656
1213
1314
1327
1279
877
1700
1884
1449
1546
1629
1835
1481
1569
1372
1038
1266
1186
1263
1996
1906
1674
1710
1507
1739
1867
1687
1745
1848
1655
1655
1363
1250
1256
1479
1752
1732
1539
2189
1243
1009
877
1189
601
997
649
665
1468
1829
1119
1250
1401
851
1153
1951
1906
1990
1918
1867
1665
1468
1424
2350
2272
1893
1552
1269
1202
1301
1455
1931
1481
1829
1925
1925
1938
1698
1719
1462
1655
1584
1344
1494
1752
2118
2228
1951
2159
1925
1938
1813
1507
1282
1237
1395
1140
1237
1511
1417
1166
1453
877
1061
1051
1243
1460
1256
999
1337
1057
1331
806
1086
832
1237
1344
1217
1289
1639
1147
1237
1646
1411
1378
1507
1578
1620
1160
1076
1414
922
1502
1265
1230
1359
1556
1372
1217
1595
1089
1038
836
922
932
746
736
1035
800
1189
922
900
613
855
1083
1337
1250
984
974
1044
1132
915
1106
1089
1048
948
1350
1192
1115
1376
1295
1346
1434
992
1070
1086
1025
1601
1321
1160
1475
1292
1205
1398
1504
1153
1147
1260
1166
1372
1620
826
1404
1414
1340
1096
1324
1301
1224
1376
1256
1256
1453
1417
1295
1453
1256
1217
