2066
1896
2127
2343
2193
1953
2130
1961
2277
1575
1966
1509
1574
1635
1448
1569
1714
1655
1723
2032
1909
1964
2202
1646
1659
1892
1869
2467
3000
2910
2213
2451
2234
1627
1635
1225
941
1389
1129
1081
1101
984
1443
1581
2137
1630
1923
1691
1635
1275
1293
983
705
556
384
395
374
384
342
300
545
608
748
587
498
598
524
608
353
236
288
299
299
384
384
448
342
283
299
245
202
245
128
128
74
85
106
106
106
106
117
117
117
117
117
106
96
85
85
44
182
202
267
310
277
224
171
53
139
96
106
117
10
63
63
31
31
31
74
31
31
42
42
53
42
63
31
21
50
53
63
74
10
63
53
31
10
31
74
42
63
31
42
63
74
63
63
74
85
85
96
96
117
106
106
63
106
85
117
106
96
74
128
499
53
63
42
21
85
63
53
53
53
74
53
42
10
42
438
85
63
139
149
96
74
149
74
106
85
117
128
85
42
53
31
31
42
10
63
27
53
85
96
117
160
85
117
106
117
106
21
74
106
53
128
333
40
117
171
202
191
149
160
149
85
128
213
80
202
202
191
234
245
191
245
140
213
63
983
128
160
31
85
21
106
117
21
63
53
96
63
85
96
117
85
42
128
673
74
31
63
74
18
53
63
63
63
42
53
53
31
31
10
42
63
106
85
106
42
63
85
128
214
42
63
53
42
42
31
128
63
96
202
53
85
96
63
96
106
53
42
31
31
10
10
21
10
10
10
31
42
42
21
31
42
181
74
74
21
166
53
96
74
96
96
96
128
96
117
70
74
63
63
128
128
96
85
63
85
63
63
41
53
74
106
117
149
55
128
96
85
63
10
63
53
20
31
42
31
42
42
10
305
63
96
63
10
63
42
63
46
74
106
96
74
85
78
53
53
63
42
31
148
32
335
1433
1374
629
432
485
947
1466
1420
1768
2057
2090
1969
1292
1272
1215
1617
1825
1364
1627
1491
2390
2353
2025
2181
2195
2301
2158
2020
817
919
481
1229
1036
1075
2372
2125
1631
1664
1824
1864
1936
2052
1646
1825
1901
2074
470
844
1748
1981
2416
2440
2118
2501
2469
1823
1735
1603
1196
1293
919
1516
1856
2062
2197
2821
2405
1775
716
481
534
128
406
427
234
1873
2159
1046
587
951
911
961
898
427
374
416
524
737
232
182
983
587
556
459
191
405
1806
1227
790
1101
763
416
310
502
1032
1528
1330
1437
1443
1274
1427
1615
1817
1551
974
1282
862
1400
1172
1195
1161
1646
1459
982
855
1133
1090
1130
1034
1218
1315
452
1282
1347
2031
1754
1026
470
780
1250
673
1446
2640
2180
2037
1720
1763
1033
2448
2278
2437
1880
1531
1731
1544
1898
2316
2329
1977
1951
2748
2907
2423
2296
2195
2333
3040
2938
2510
2807
2833
4074
3250
2701
2406
2714
2372
2013
2576
3170
3434
3265
3539
1951
2416
2157
2368
2214
2141
2552
1946
2033
2337
2982
2730
2971
2582
2849
2839
2752
2464
2063
2131
1701
2971
1660
2191
2361
1674
1144
1578
2148
1730
2197
2245
1551
2469
2101
3281
2455
2120
2918
3570
2511
2702
2922
2828
2639
1923
1364
1547
2117
2052
1717
1614
1078
1496
2012
2825
2373
2864
2111
1249
2169
1464
2251
2933
2607
2223
1846
2437
1331
1549
1544
2110
2161
2779
2790
3055
2716
2228
2811
2325
1526
1643
1690
2074
1865
2074
1970
2898
2190
2301
2733
117
5907
2779
1891
2063
2031
2069
1975
2308
2382
2472
1771
2117
1879
2843
1785
2469
2001
3462
2706
2576
1764
2340
2329
1849
101
6733
1860
1849
1603
1592
2078
3378
2350
1923
2296
3345
2202
2351
1218
1250
410
5405
1229
993
898
833
1154
629
855
887
1336
1243
993
1058
1133
772
1250
1357
2843
2368
2800
2169
1486
1015
1923
665
5950
2255
1606
2383
1998
1496
1144
587
919
128
3632
769
363
1230
2405
1952
1549
1509
2800
1982
2212
1304
1102
2212
1720
1923
1573
1784
1504
2052
1836
2345
2407
2245
2371
42
449
106
908
342
481
545
549
405
320
288
294
267
224
217
160
74
397
1311
1467
1463
1803
2747
2932
2831
2875
2874
2197
2848
2556
2190
834
2686
1696
2062
3306
2694
2553
2685
2806
2585
3143
2987
2622
2315
2556
3237
2697
3099
3539
2717
3021
3775
2302
2932
2836
3098
2193
3199
3986
2211
2601
3399
2667
1584
2186
3043
2807
2724
3178
2575
2573
2460
2611
2256
2492
2089
1482
1836
1571
1403
1709
1475
2393
2269
1061
1388
2141
2178
2009
1590
1378
681
1378
2748
2538
2656
3305
2876
3590
131
3502
4439
4030
3183
2996
2748
1901
1857
2370
2606
2803
1715
2113
1966
1747
1681
1929
1977
1357
1389
1738
2046
2669
2699
2968
3210
2405
619
1401
2413
3316
3169
3671
3532
3322
3384
2715
3100
2451
2342
1875
1857
1784
1671
1737
2417
2245
2998
2338
2579
2837
2802
2631
2024
1776
1764
1336
1869
2068
2352
2505
2255
1614
1642
1551
1623
1670
1726
1490
1474
1597
1726
1538
1407
1710
1599
1723
1823
1583
1463
1518
1389
843
1603
2503
2480
2720
1768
1944
2134
2169
1362
1817
1644
1832
2470
3008
3173
2299
2679
2205
2864
2449
2545
3264
3486
2818
3442
3035
2497
2989
3155
3150
2362
1518
1125
2250
2412
3007
2393
1341
1893
1937
3232
3027
2235
2366
2151
2360
1954
2643
2541
2142
2674
3299
3155
3267
2790
2062
1594
1373
2051
2151
3132
2217
2576
3054
2571
4004
3392
1885
2140
3014
3042
3046
2780
1988
2662
1988
2755
3067
2359
1785
1888
2005
2069
2628
2529
2874
3446
3270
3071
3407
2699
2859
2052
2678
2396
2095
2354
2968
2686
2986
1998
2545
2139
2138
2203
2302
1776
2383
2071
1969
1932
1960
1744
1634
1417
1328
1664
2066
1896
2127
2343
2193
1953
2130
1961
2277
1575
1966
1509
1574
1635
1448
1569
1714
1655
1723
2032
1909
1964
2202
1646
1659
1892
1869
2467
3000
2910
2213
2451
2234
1627
1635
1225
941
1389
1129
1081
1101
984
1443
1581
2137
1630
1923
1691
1635
1275
1293
983
705
556
384
395
374
384
342
300
545
608
748
587
498
598
524
608
353
236
288
299
299
384
384
448
342
283
299
245
202
245
128
128
74
85
106
106
106
106
117
117
117
117
117
106
96
85
85
44
182
202
267
310
277
224
171
53
139
96
106
117
10
63
63
31
31
31
74
31
31
42
42
53
42
63
31
21
50
53
63
74
10
63
53
31
10
31
74
42
63
31
42
63
74
63
63
74
85
85
96
96
117
106
106
63
106
85
117
106
96
74
128
499
53
63
42
21
85
63
53
53
53
74
53
42
10
42
438
85
63
139
149
96
74
149
74
106
85
117
128
85
42
53
31
31
42
10
63
27
53
85
96
117
160
85
117
106
117
106
21
74
106
53
128
333
40
117
171
202
191
149
160
149
85
128
213
80
202
202
191
234
245
191
245
140
213
63
983
128
160
31
85
21
106
117
21
63
53
96
63
85
96
117
85
42
128
673
74
31
63
74
18
53
63
63
63
42
53
53
31
31
10
42
63
106
85
106
42
63
85
128
214
42
63
53
42
42
31
128
63
96
202
53
85
96
63
96
106
53
42
31
31
10
10
21
10
10
10
31
42
42
21
31
42
181
74
74
21
166
53
96
74
96
96
96
128
96
117
70
74
63
63
128
128
96
85
63
85
63
63
41
53
74
106
117
149
55
128
96
85
63
10
63
53
20
31
42
31
42
42
10
305
63
96
63
10
63
42
63
46
74
106
96
74
85
78
53
53
63
42
31
148
32
335
1433
1374
629
432
485
947
1466
1420
1768
2057
2090
1969
1292
1272
1215
1617
1825
1364
1627
1491
2390
2353
2025
2181
2195
2301
2158
2020
817
919
481
1229
1036
1075
2372
2125
1631
1664
1824
1864
1936
2052
1646
1825
1901
2074
470
844
1748
1981
2416
2440
2118
2501
2469
1823
1735
1603
1196
1293
919
1516
1856
2062
2197
2821
2405
1775
716
481
534
128
406
427
234
1873
2159
1046
587
951
911
961
898
427
374
416
524
737
232
182
983
587
556
459
191
405
1806
1227
790
1101
763
416
310
502
1032
1528
1330
1437
1443
1274
1427
1615
1817
1551
974
1282
862
1400
1172
1195
1161
1646
1459
982
855
1133
1090
1130
1034
1218
1315
452
1282
1347
2031
1754
1026
470
780
1250
673
1446
2640
2180
2037
1720
1763
1033
2448
2278
2437
1880
1531
1731
1544
1898
2316
2329
1977
1951
2748
2907
2423
2296
2195
2333
3040
2938
2510
2807
2833
4074
3250
2701
2406
2714
2372
2013
2576
3170
3434
3265
3539
1951
2416
2157
2368
2214
2141
2552
1946
2033
2337
2982
2730
2971
2582
2849
2839
2752
2464
2063
2131
1701
2971
1660
2191
2361
1674
1144
1578
2148
1730
2197
2245
1551
2469
2101
3281
2455
2120
2918
3570
2511
2702
2922
2828
2639
1923
1364
1547
2117
2052
1717
1614
1078
1496
2012
2825
2373
2864
2111
1249
2169
1464
2251
2933
2607
2223
1846
2437
1331
1549
1544
2110
2161
2779
2790
3055
2716
2228
2811
2325
1526
1643
1690
2074
1865
2074
1970
2898
2190
2301
2733
117
5907
2779
1891
2063
2031
2069
1975
2308
2382
2472
1771
2117
1879
2843
1785
2469
2001
3462
2706
2576
1764
2340
2329
1849
101
6733
1860
1849
1603
1592
2078
3378
2350
1923
2296
3345
2202
2351
1218
1250
410
5405
1229
993
898
833
1154
629
855
887
1336
1243
993
1058
1133
772
1250
1357
2843
2368
2800
2169
1486
1015
1923
665
5950
2255
1606
2383
1998
1496
1144
587
919
128
3632
769
363
1230
2405
1952
1549
1509
2800
1982
2212
1304
1102
2212
1720
1923
1573
1784
1504
2052
1836
2345
2407
2245
2371
42
449
106
908
342
481
545
549
405
320
288
294
267
224
217
160
74
397
1311
1467
1463
1803
2747
2932
2831
2875
2874
2197
2848
2556
2190
834
2686
1696
2062
3306
2694
2553
2685
2806
2585
3143
2987
2622
2315
2556
3237
2697
3099
3539
2717
3021
3775
2302
2932
2836
3098
2193
3199
3986
2211
2601
3399
2667
1584
2186
3043
2807
2724
3178
2575
2573
2460
2611
2256
2492
2089
1482
1836
1571
1403
1709
1475
2393
2269
1061
1388
2141
2178
2009
1590
1378
681
1378
2748
2538
2656
3305
2876
3590
131
3502
4439
4030
3183
2996
2748
1901
1857
2370
2606
2803
1715
2113
1966
1747
1681
1929
1977
1357
1389
1738
2046
2669
2699
2968
3210
2405
619
1401
2413
3316
3169
3671
3532
3322
3384
2715
3100
2451
2342
1875
1857
1784
1671
1737
2417
2245
2998
2338
2579
2837
2802
2631
2024
1776
1764
1336
1869
2068
2352
2505
2255
1614
1642
1551
1623
1670
1726
1490
1474
1597
1726
1538
1407
1710
1599
1723
1823
1583
1463
1518
1389
843
1603
2503
2480
2720
1768
1944
2134
2169
1362
1817
1644
1832
2470
3008
3173
2299
2679
2205
2864
2449
2545
3264
3486
2818
3442
3035
2497
2989
3155
3150
2362
1518
1125
2250
2412
3007
2393
1341
1893
1937
3232
3027
2235
2366
2151
2360
1954
2643
2541
2142
2674
3299
3155
3267
2790
2062
1594
1373
2051
2151
3132
2217
2576
3054
2571
4004
3392
1885
2140
3014
3042
3046
2780
1988
2662
1988
2755
3067
2359
1785
1888
2005
2069
2628
2529
2874
3446
3270
3071
3407
2699
2859
2052
2678
2396
2095
2354
2968
2686
2986
1998
2545
2139
2138
2203
2302
1776
2383
2071
1969
1932
1960
1744
1634
1417
1328
1664
2066
1896
2127
2343
2193
1953
2130
1961
2277
1575
1966
1509
1574
1635
1448
1569
1714
1655
1723
2032
1909
1964
2202
1646
1659
1892
1869
2467
3000
2910
2213
2451
2234
1627
1635
1225
941
1389
1129
1081
1101
984
1443
1581
2137
1630
1923
1691
1635
1275
1293
983
705
556
384
395
374
384
342
300
545
608
748
587
498
598
524
608
353
236
288
299
299
384
384
448
342
283
299
245
202
245
128
128
74
85
106
106
106
106
117
117
117
117
117
106
96
85
85
44
182
202
267
310
277
224
171
53
139
96
106
117
10
63
63
31
31
31
74
31
31
42
42
53
42
63
31
21
50
53
63
74
10
63
53
31
10
31
74
42
63
31
42
63
74
63
63
74
85
85
96
96
117
106
106
63
106
85
117
106
96
74
128
499
53
63
42
21
85
63
53
53
53
74
53
42
10
42
438
85
63
139
149
96
74
149
74
106
85
117
128
85
42
53
31
31
42
10
63
27
53
85
96
117
160
85
117
106
117
106
21
74
106
53
128
333
40
117
171
202
191
149
160
149
85
128
213
80
202
202
191
234
245
191
245
140
213
63
983
128
160
31
85
21
106
117
21
63
53
96
63
85
96
117
85
42
128
673
74
31
63
74
18
53
63
63
63
42
53
53
31
31
10
42
63
106
85
106
42
63
85
128
214
42
63
53
42
42
31
128
63
96
202
53
85
96
63
96
106
53
42
31
31
10
10
21
10
10
10
31
42
42
21
31
42
181
74
74
21
166
53
96
74
96
96
96
128
96
117
70
74
63
63
128
128
96
85
63
85
63
63
41
53
74
106
117
149
55
128
96
85
63
10
63
53
20
31
42
31
42
42
10
305
63
96
63
10
63
42
63
46
74
106
96
74
85
78
53
53
63
42
31
148
32
335
1433
1374
629
432
485
947
1466
1420
1768
2057
2090
1969
1292
1272
1215
1617
1825
1364
1627
1491
2390
2353
2025
2181
2195
2301
2158
2020
817
919
481
1229
1036
1075
2372
2125
1631
1664
1824
1864
1936
2052
1646
1825
1901
2074
470
844
1748
1981
2416
2440
2118
2501
2469
1823
1735
1603
1196
1293
919
1516
1856
2062
2197
2821
2405
1775
716
481
534
128
406
427
234
1873
2159
1046
587
951
911
961
898
427
374
416
524
737
232
182
983
587
556
459
191
405
1806
1227
790
1101
763
416
310
502
1032
1528
1330
1437
1443
1274
1427
1615
1817
1551
974
1282
862
1400
1172
1195
1161
1646
1459
982
855
1133
1090
1130
1034
1218
1315
452
1282
1347
2031
1754
1026
470
780
1250
673
1446
2640
2180
2037
1720
1763
1033
2448
2278
2437
1880
1531
1731
1544
1898
2316
2329
1977
1951
2748
2907
2423
2296
2195
2333
3040
2938
2510
2807
2833
4074
3250
2701
2406
2714
2372
2013
2576
3170
3434
3265
3539
1951
2416
2157
2368
2214
2141
2552
1946
2033
2337
2982
2730
2971
2582
2849
2839
2752
2464
2063
2131
1701
2971
1660
2191
2361
1674
1144
1578
2148
1730
2197
2245
1551
2469
2101
3281
2455
2120
2918
3570
2511
2702
2922
2828
2639
1923
1364
1547
2117
2052
1717
1614
1078
1496
2012
2825
2373
2864
2111
1249
2169
1464
2251
2933
2607
2223
1846
2437
1331
1549
1544
2110
2161
2779
2790
3055
2716
2228
2811
2325
1526
1643
1690
2074
1865
2074
1970
2898
2190
2301
2733
117
5907
2779
1891
2063
2031
2069
1975
2308
2382
2472
1771
2117
1879
2843
1785
2469
2001
3462
2706
2576
1764
2340
2329
1849
101
6733
1860
1849
1603
1592
2078
3378
2350
1923
2296
3345
2202
2351
1218
1250
410
5405
1229
993
898
833
1154
629
855
887
1336
1243
993
1058
1133
772
1250
1357
2843
2368
2800
2169
1486
1015
1923
665
5950
2255
1606
2383
1998
1496
1144
587
919
128
3632
769
363
1230
2405
1952
1549
1509
2800
1982
2212
1304
1102
2212
1720
1923
1573
1784
1504
2052
1836
2345
2407
2245
2371
42
