2107
2301
2157
2301
2302
2110
2080
2082
1820
1767
1725
1775
1897
1405
1615
1194
1107
1396
1040
1176
1027
643
428
580
62
3204
1388
1568
1227
1477
1599
1487
1011
577
1058
801
533
737
454
619
729
384
305
698
1116
1533
1687
1606
1394
1176
950
517
433
368
235
313
674
527
721
747
580
313
305
332
416
313
360
423
321
219
289
384
164
164
211
188
188
259
283
431
674
627
485
486
462
416
274
180
174
203
259
259
211
305
243
297
305
267
186
321
486
603
94
999
251
274
549
533
509
208
259
219
211
297
203
203
62
78
78
78
70
78
86
78
70
62
62
31
47
369
400
282
227
329
243
118
47
148
251
164
164
211
148
102
94
525
62
110
70
15
439
413
235
172
102
86
110
148
203
156
196
211
133
7
180
227
297
423
313
235
102
289
164
175
196
690
125
267
251
400
243
251
188
286
376
227
274
172
172
925
1020
1309
1111
972
454
148
188
274
219
289
166
251
140
94
140
140
180
219
267
313
274
23
23
15
15
15
15
15
15
15
15
15
23
31
23
23
15
15
7
15
36
1050
1543
1490
1249
1419
1268
1811
1412
1502
1693
1564
1538
1427
1709
1443
1094
1482
1116
1278
477
1725
1096
1079
1379
1458
1110
1402
1796
1199
752
305
370
241
140
70
78
78
78
78
86
86
86
78
78
86
86
78
78
78
78
78
78
78
86
78
269
854
893
1144
927
1364
1678
1841
2077
1166
925
2026
2233
1929
1288
1376
1419
973
1273
1529
1185
1317
988
1136
1266
705
211
211
509
478
282
196
23
31
31
47
31
31
31
31
31
31
31
23
47
47
39
23
15
23
15
7
47
62
102
70
86
78
78
78
110
11
70
110
94
102
78
110
102
94
94
78
102
78
110
78
78
118
70
78
94
267
31
16
70
110
102
110
133
94
47
102
70
15
47
54
39
47
7
23
560
1247
1370
1606
1525
1708
1290
1306
1529
1626
1521
1553
1749
1207
1170
1325
1646
1842
1369
1474
1378
1050
878
94
1781
1043
940
1168
1068
1192
765
690
765
267
494
611
750
705
603
690
737
690
812
768
400
628
1011
713
564
171
148
462
289
682
235
353
798
1129
802
1278
732
776
737
756
768
571
917
987
1050
984
792
595
564
229
384
313
188
564
730
595
282
776
666
580
321
156
203
428
431
737
815
360
235
385
416
525
572
188
140
172
70
62
267
580
360
416
140
39
454
541
251
198
164
180
94
70
118
78
86
86
86
78
86
94
78
86
86
86
7
691
1070
1604
1502
1556
1313
1263
1088
1354
1192
2028
1443
2046
2663
2943
1374
2094
1870
2006
2414
1756
1958
1252
1755
2255
1826
1553
2117
2247
2115
2387
1890
2352
2845
2913
2435
2697
2504
2627
2396
2634
3068
2536
2207
3575
2546
3210
2501
2899
2980
2834
2951
2701
2607
2196
2270
1274
2625
2493
2818
3022
3135
3437
2836
3110
2751
2203
2239
2468
2385
3314
2477
2247
2555
2433
2935
2885
2458
2162
2905
2395
3055
509
47
47
208
1965
2930
2539
2301
1858
1562
1599
1897
1397
1968
2687
2236
1850
1705
2188
1153
1826
1301
2070
1633
2155
1198
1537
1007
1654
1593
1624
1574
1924
2757
2611
2019
2791
3124
3348
2934
2299
1968
2129
2402
1547
2359
2776
3037
2333
2194
3007
3282
3100
3246
3296
3047
2791
3015
3163
3077
2843
2433
2937
2619
3142
2499
3313
2517
3038
2253
2767
2396
3255
3096
2870
3273
3044
2578
3309
2295
3105
2989
3148
3176
2965
2268
2947
2509
3037
2883
3260
2693
2577
3280
3285
1285
2540
3325
3423
3246
2600
3195
2802
2554
2368
2238
2752
2721
2416
3367
3095
2856
2241
1915
2737
2156
1803
2930
2300
2644
2654
2607
172
4482
1619
2062
2086
2708
2404
2579
3016
2615
2054
1952
1748
2613
3098
2622
2918
1882
1528
1623
2003
1672
2712
2471
2257
1702
1678
979
1301
1388
2043
1521
100
4471
2212
2041
2705
1200
1343
1417
1884
2094
1293
1419
1203
1498
164
666
839
752
693
1058
909
925
1160
711
1285
1262
398
4517
1978
2052
1270
862
1000
1626
2031
1446
1522
1567
1113
1480
1654
1473
1371
1164
1291
1158
1154
901
1006
905
1278
1260
1144
1058
1197
1384
1545
1556
1486
1543
1487
1019
696
1074
1661
1866
1334
1309
1007
1430
1278
1529
1160
1615
1874
1459
2156
1541
1999
1491
1120
731
1270
1178
1055
1521
1049
1293
1260
1555
1332
1095
557
1568
1579
1160
1678
1806
1788
2180
1688
1094
589
951
1227
1750
1457
2112
2650
1924
2042
1495
2419
1503
2259
1505
2315
2608
2001
2517
1928
2786
2000
2301
2466
2850
1879
2799
2597
2814
2626
1391
2344
1913
2450
2048
2358
1878
2338
2352
1735
2359
2245
2596
2514
2263
2539
1769
2241
1900
1638
1989
1732
1374
1305
2220
2286
2090
1757
2101
2179
2182
1123
1394
1531
1528
2170
1918
2377
1846
2269
2095
1248
1277
2644
2631
2418
2627
2359
2636
2658
1730
2005
2673
2425
1642
2635
1978
1972
2304
2036
2834
1653
2333
2188
2015
1404
1229
1960
1334
2357
2567
2536
2766
2765
1890
2298
1852
2471
2104
2478
2483
2038
1966
2060
2365
2370
2698
2378
1961
1467
1482
2003
1153
1603
1693
1490
1644
1467
1915
1402
1763
1932
1515
1859
1748
1753
1718
2030
1733
1632
1905
1800
2011
2021
2852
2936
2237
3059
2943
2251
2264
2240
2433
2247
1877
3287
2389
2736
2697
2371
2926
2329
2953
2304
2420
2175
2238
2292
2223
2785
2219
2428
2215
2990
2946
2326
3141
2620
1699
2118
2172
2199
2417
2305
2340
2147
2623
3023
2902
2713
2922
2757
2466
2815
2692
2066
2601
2651
1388
1361
1468
2030
2027
2100
2897
3011
2651
2251
2163
2133
2449
2167
1978
949
1472
1503
1447
1140
1850
2193
2075
1582
1792
1825
1867
1597
1616
2006
1956
1412
2271
2276
1804
2384
1290
2420
1401
1722
1825
2070
1970
2194
2862
2387
2324
2459
2521
2460
1380
1896
1621
1589
2305
2165
2006
2362
3023
2993
2827
3338
3028
2814
3024
211
4652
1567
1779
1736
1664
1756
1176
1027
1482
2105
1609
2841
3003
2837
2989
2944
2186
94
2076
1937
2011
2453
2248
2352
2286
2394
952
1909
2052
2175
2285
2618
2301
2257
2107
2301
2157
2301
2302
2110
2080
2082
1820
1767
1725
1775
1897
1405
1615
1194
1107
1396
1040
1176
1027
643
428
580
62
3204
1388
1568
1227
1477
1599
1487
1011
577
1058
801
533
737
454
619
729
384
305
698
1116
1533
1687
1606
1394
1176
950
517
433
368
235
313
674
527
721
747
580
313
305
332
416
313
360
423
321
219
289
384
164
164
211
188
188
259
283
431
674
627
485
486
462
416
274
180
174
203
259
259
211
305
243
297
305
267
186
321
486
603
94
999
251
274
549
533
509
208
259
219
211
297
203
203
62
78
78
78
70
78
86
78
70
62
62
31
47
369
400
282
227
329
243
118
47
148
251
164
164
211
148
102
94
525
62
110
70
15
439
413
235
172
102
86
110
148
203
156
196
211
133
7
180
227
297
423
313
235
102
289
164
175
196
690
125
267
251
400
243
251
188
286
376
227
274
172
172
925
1020
1309
1111
972
454
148
188
274
219
289
166
251
140
94
140
140
180
219
267
313
274
23
23
15
15
15
15
15
15
15
15
15
23
31
23
23
15
15
7
15
36
1050
1543
1490
1249
1419
1268
1811
1412
1502
1693
1564
1538
1427
1709
1443
1094
1482
1116
1278
477
1725
1096
1079
1379
1458
1110
1402
1796
1199
752
305
370
241
140
70
78
78
78
78
86
86
86
78
78
86
86
78
78
78
78
78
78
78
86
78
269
854
893
1144
927
1364
1678
1841
2077
1166
925
2026
2233
1929
1288
1376
1419
973
1273
1529
1185
1317
988
1136
1266
705
211
211
509
478
282
196
23
31
31
47
31
31
31
31
31
31
31
23
47
47
39
23
15
23
15
7
47
62
102
70
86
78
78
78
110
11
70
110
94
102
78
110
102
94
94
78
102
78
110
78
78
118
70
78
94
267
31
16
70
110
102
110
133
94
47
102
70
15
47
54
39
47
7
23
560
1247
1370
1606
1525
1708
1290
1306
1529
1626
1521
1553
1749
1207
1170
1325
1646
1842
1369
1474
1378
1050
878
94
1781
1043
940
1168
1068
1192
765
690
765
267
494
611
750
705
603
690
737
690
812
768
400
628
1011
713
564
171
148
462
289
682
235
353
798
1129
802
1278
732
776
737
756
768
571
917
987
1050
984
792
595
564
229
384
313
188
564
730
595
282
776
666
580
321
156
203
428
431
737
815
360
235
385
416
525
572
188
140
172
70
62
267
580
360
416
140
39
454
541
251
198
164
180
94
70
118
78
86
86
86
78
86
94
78
86
86
86
7
691
1070
1604
1502
1556
1313
1263
1088
1354
1192
2028
1443
2046
2663
2943
1374
2094
1870
2006
2414
1756
1958
1252
1755
2255
1826
1553
2117
2247
2115
2387
1890
2352
2845
2913
2435
2697
2504
2627
2396
2634
3068
2536
2207
3575
2546
3210
2501
2899
2980
2834
2951
2701
2607
2196
2270
1274
2625
2493
2818
3022
3135
3437
2836
3110
2751
2203
2239
2468
2385
3314
2477
2247
2555
2433
2935
2885
2458
2162
2905
2395
3055
509
47
47
208
1965
2930
2539
2301
1858
1562
1599
1897
1397
1968
2687
2236
1850
1705
2188
1153
1826
1301
2070
1633
2155
1198
1537
1007
1654
1593
1624
1574
1924
2757
2611
2019
2791
3124
3348
2934
2299
1968
2129
2402
1547
2359
2776
3037
2333
2194
3007
3282
3100
3246
3296
3047
2791
3015
3163
3077
2843
2433
2937
2619
3142
2499
3313
2517
3038
2253
2767
2396
3255
3096
2870
3273
3044
2578
3309
2295
3105
2989
3148
3176
2965
2268
2947
2509
3037
2883
3260
2693
2577
3280
3285
1285
2540
3325
3423
3246
2600
3195
2802
2554
2368
2238
2752
2721
2416
3367
3095
2856
2241
1915
2737
2156
1803
2930
2300
2644
2654
2607
172
4482
1619
2062
2086
2708
2404
2579
3016
2615
2054
1952
1748
2613
3098
2622
2918
1882
1528
1623
2003
1672
2712
2471
2257
1702
1678
979
1301
1388
2043
1521
100
4471
2212
2041
2705
1200
1343
1417
1884
2094
1293
1419
1203
1498
164
666
839
752
693
1058
909
925
1160
711
1285
1262
398
4517
1978
2052
1270
862
1000
1626
2031
1446
1522
1567
1113
1480
1654
1473
1371
1164
1291
1158
1154
901
1006
905
1278
1260
1144
1058
1197
1384
1545
1556
1486
1543
1487
1019
696
1074
1661
1866
1334
1309
1007
1430
1278
1529
1160
1615
1874
1459
2156
1541
1999
1491
1120
731
1270
1178
1055
1521
1049
1293
1260
1555
1332
1095
557
1568
1579
1160
1678
1806
1788
2180
1688
1094
589
951
1227
1750
1457
2112
2650
1924
2042
1495
2419
1503
2259
1505
2315
2608
2001
2517
1928
2786
2000
2301
2466
2850
1879
2799
2597
2814
2626
1391
2344
1913
2450
2048
2358
1878
2338
2352
1735
2359
2245
2596
2514
2263
2539
1769
2241
1900
1638
1989
1732
1374
1305
2220
2286
2090
1757
2101
2179
2182
1123
1394
1531
1528
2170
1918
2377
1846
2269
2095
1248
1277
2644
2631
2418
2627
2359
2636
2658
1730
2005
2673
2425
1642
2635
1978
1972
2304
2036
2834
1653
2333
2188
2015
1404
1229
1960
1334
2357
2567
2536
2766
2765
1890
2298
1852
2471
2104
2478
2483
2038
1966
2060
2365
2370
2698
2378
1961
1467
1482
2003
1153
1603
1693
1490
1644
1467
1915
1402
1763
1932
1515
1859
1748
1753
1718
2030
1733
1632
1905
1800
2011
2021
2852
2936
2237
3059
2943
2251
2264
2240
2433
2247
1877
3287
2389
2736
2697
2371
2926
2329
2953
2304
2420
2175
2238
2292
2223
2785
2219
2428
2215
2990
2946
2326
3141
2620
1699
2118
2172
2199
2417
2305
2340
2147
2623
3023
2902
2713
2922
2757
2466
2815
2692
2066
2601
2651
1388
1361
1468
2030
2027
2100
2897
3011
2651
2251
2163
2133
2449
2167
1978
949
1472
1503
1447
1140
1850
2193
2075
1582
1792
1825
1867
1597
1616
2006
1956
1412
2271
2276
1804
2384
1290
2420
1401
1722
1825
2070
1970
2194
2862
2387
2324
2459
2521
2460
1380
1896
1621
1589
2305
2165
2006
2362
3023
2993
2827
3338
3028
2814
3024
211
4652
1567
1779
1736
1664
1756
1176
1027
1482
2105
1609
2841
3003
2837
2989
2944
2186
94
2076
1937
2011
2453
2248
2352
2286
2394
952
1909
2052
2175
2285
2618
2301
2257
2107
2301
2157
2301
2302
2110
2080
2082
1820
1767
1725
1775
1897
1405
1615
1194
1107
1396
1040
1176
1027
643
428
580
62
3204
1388
1568
1227
1477
1599
1487
1011
577
1058
801
533
737
454
619
729
384
305
698
1116
1533
1687
1606
1394
1176
950
517
433
368
235
313
674
527
721
747
580
313
305
332
416
313
360
423
321
219
289
384
164
164
211
188
188
259
283
431
674
627
485
486
462
416
274
180
174
203
259
259
211
305
243
297
305
267
186
321
486
603
94
999
251
274
549
533
509
208
259
219
211
297
203
203
62
78
78
78
70
78
86
78
70
62
62
31
47
369
400
282
227
329
243
118
47
148
251
164
164
211
148
102
94
525
62
110
70
15
439
413
235
172
102
86
110
148
203
156
196
211
133
7
180
227
297
423
313
235
102
289
164
175
196
690
125
267
251
400
243
251
188
286
376
227
274
172
172
925
1020
1309
1111
972
454
148
188
274
219
289
166
251
140
94
140
140
180
219
267
313
274
23
23
15
15
15
15
15
15
15
15
15
23
31
23
23
15
15
7
15
36
1050
1543
1490
1249
1419
1268
1811
1412
1502
1693
1564
1538
1427
1709
1443
1094
1482
1116
1278
477
1725
1096
1079
1379
1458
1110
1402
1796
1199
752
305
370
241
140
70
78
78
78
78
86
86
86
78
78
86
86
78
78
78
78
78
78
78
86
78
269
854
893
1144
927
1364
1678
1841
2077
1166
925
2026
2233
1929
1288
1376
1419
973
1273
1529
1185
1317
988
1136
1266
705
211
211
509
478
282
196
23
31
31
47
31
31
31
31
31
31
31
23
47
47
39
23
15
23
15
7
47
62
102
70
86
78
78
78
110
11
70
110
94
102
78
110
102
94
94
78
102
78
110
78
78
118
70
78
94
267
31
16
70
110
102
110
133
94
47
102
70
15
47
54
39
47
7
23
560
1247
1370
1606
1525
1708
1290
1306
1529
1626
1521
1553
1749
1207
1170
1325
1646
1842
1369
1474
1378
1050
878
94
1781
1043
940
1168
1068
1192
765
690
765
267
494
611
750
705
603
690
737
690
812
768
400
628
1011
713
564
171
148
462
289
682
235
353
798
1129
802
1278
732
776
737
756
768
571
917
987
1050
984
792
595
564
229
384
313
188
564
730
595
282
776
666
580
321
156
203
428
431
737
815
360
235
385
416
525
572
188
140
172
70
62
267
580
360
416
140
39
454
541
251
198
164
180
94
70
118
78
86
86
86
78
86
94
78
86
86
86
7
691
1070
1604
1502
1556
1313
1263
1088
1354
1192
2028
1443
2046
2663
2943
1374
2094
1870
2006
2414
1756
1958
1252
1755
2255
1826
1553
2117
2247
2115
2387
1890
2352
2845
2913
2435
2697
2504
2627
2396
2634
3068
2536
2207
3575
2546
3210
2501
2899
2980
2834
2951
2701
2607
2196
2270
1274
2625
2493
2818
3022
3135
3437
2836
3110
2751
2203
2239
2468
2385
3314
2477
2247
2555
2433
2935
2885
2458
2162
2905
2395
3055
509
47
47
208
1965
2930
2539
2301
1858
1562
1599
1897
1397
1968
2687
2236
1850
1705
2188
1153
1826
1301
2070
1633
2155
1198
1537
1007
1654
1593
1624
1574
1924
2757
2611
2019
2791
3124
3348
2934
2299
1968
2129
2402
1547
2359
2776
3037
2333
2194
3007
3282
3100
3246
3296
3047
2791
3015
3163
3077
2843
2433
2937
2619
3142
2499
3313
2517
3038
2253
2767
2396
3255
3096
2870
3273
3044
2578
3309
2295
3105
2989
3148
3176
2965
2268
2947
2509
3037
2883
3260
2693
2577
3280
3285
1285
2540
3325
3423
3246
2600
3195
2802
2554
2368
2238
2752
2721
2416
3367
3095
2856
2241
1915
2737
2156
1803
2930
2300
2644
2654
2607
172
4482
1619
2062
2086
2708
2404
2579
3016
2615
2054
1952
1748
2613
3098
2622
2918
1882
1528
1623
2003
1672
2712
2471
2257
1702
1678
979
1301
1388
2043
1521
100
4471
2212
2041
2705
1200
1343
1417
1884
2094
1293
1419
1203
1498
164
666
839
752
693
1058
909
925
1160
711
1285
1262
398
4517
1978
2052
1270
862
1000
1626
2031
1446
1522
1567
1113
1480
1654
1473
1371
1164
1291
1158
1154
901
1006
905
1278
1260
1144
1058
1197
1384
1545
1556
1486
1543
1487
1019
696
1074
1661
1866
1334
1309
1007
1430
1278
1529
1160
1615
1874
1459
2156
1541
1999
1491
1120
731
1270
1178
1055
1521
1049
1293
1260
1555
1332
1095
557
1568
1579
1160
1678
1806
1788
