363
281
182
98
158
205
292
243
352
442
321
340
249
403
250
377
251
386
435
334
420
321
464
333
384
411
475
313
467
433
469
438
232
391
319
408
341
393
313
390
392
289
393
374
433
419
377
423
295
374
317
273
332
289
229
217
370
381
348
293
350
363
364
187
232
255
255
362
320
396
308
378
349
208
213
441
439
403
438
393
439
443
288
334
445
404
274
439
330
329
384
339
472
275
389
365
336
234
205
327
222
393
428
423
461
461
315
383
309
412
351
413
414
340
328
343
394
395
450
396
327
244
247
334
192
267
282
248
274
244
319
234
294
322
252
310
291
292
286
338
289
272
318
300
335
337
475
489
373
510
491
375
377
373
405
374
313
548
398
456
449
395
488
388
492
384
403
363
373
382
370
464
370
405
369
498
491
388
524
437
283
353
362
366
403
384
390
358
437
504
484
452
487
460
411
469
449
344
433
442
231
227
245
338
338
350
483
502
442
375
361
356
408
361
330
158
245
250
241
190
308
365
346
264
299
304
311
266
269
334
326
235
378
379
301
397
215
403
234
287
304
345
328
366
477
398
387
410
420
410
230
316
270
265
384
361
334
394
504
499
471
556
505
469
504
35
775
261
297
289
277
293
196
171
247
351
268
473
500
473
498
491
364
16
346
323
335
409
375
392
381
399
159
318
342
362
381
436
384
376
351
384
360
384
384
352
347
347
303
294
287
296
316
234
269
199
185
233
173
196
171
107
71
97
10
534
231
261
205
246
267
248
168
96
176
134
89
123
76
103
122
64
51
116
186
255
281
268
232
196
158
86
72
61
39
52
112
88
120
125
97
52
51
55
69
52
60
70
53
36
48
64
27
27
35
31
31
43
47
72
112
104
81
81
77
69
46
30
29
34
43
43
35
51
40
50
51
44
31
53
81
101
16
166
42
46
91
89
85
35
43
37
35
50
34
34
10
13
13
13
12
13
14
13
12
10
10
5
8
62
67
47
38
55
40
20
8
25
42
27
27
35
25
17
16
88
10
18
12
3
73
69
39
29
17
14
18
25
34
26
33
35
22
1
30
38
50
70
52
39
17
48
27
29
33
115
21
44
42
67
40
42
31
48
63
38
46
29
29
154
170
218
185
162
76
25
31
46
37
48
28
42
23
16
23
23
30
37
44
52
46
4
4
3
3
3
3
3
3
3
3
3
4
5
4
4
3
3
1
3
6
175
257
248
208
236
211
302
235
250
282
261
256
238
285
241
182
247
186
213
80
287
183
180
230
243
185
234
299
200
125
51
62
40
23
12
13
13
13
13
14
14
14
13
13
14
14
13
13
13
13
13
13
13
14
13
45
142
149
191
155
227
280
307
346
194
154
338
372
321
215
229
236
162
212
255
198
219
165
189
211
118
35
35
85
80
47
33
4
5
5
8
5
5
5
5
5
5
5
4
8
8
6
4
3
4
3
1
8
10
17
12
14
13
13
13
18
2
12
18
16
17
13
18
17
16
16
13
17
13
18
13
13
20
12
13
16
44
5
3
12
18
17
18
22
16
8
17
12
3
8
9
6
8
1
4
93
208
228
268
254
285
215
218
255
271
254
259
292
201
195
221
274
307
228
246
230
175
146
16
297
174
157
195
178
199
127
115
128
44
82
102
125
118
101
115
123
115
135
128
67
105
168
119
94
28
25
77
48
114
39
59
133
188
134
213
122
129
123
126
128
95
153
164
175
164
132
99
94
38
64
52
31
94
122
99
47
129
111
97
53
26
34
71
72
123
136
60
39
64
69
88
95
31
23
29
12
10
44
97
60
69
23
6
76
90
42
33
27
30
16
12
20
13
14
14
14
13
14
16
13
14
14
14
1
115
178
267
250
259
219
211
181
226
199
338
241
341
444
491
229
349
312
334
402
293
326
209
293
376
304
259
353
374
353
398
315
392
474
485
406
449
417
438
399
439
511
423
368
596
424
535
417
483
497
472
492
450
435
366
378
212
438
415
470
504
523
573
473
518
459
367
373
411
398
552
413
374
426
406
489
481
410
360
484
399
509
85
8
8
35
327
488
423
384
310
260
266
316
233
328
448
373
308
284
365
192
304
217
345
272
359
200
256
168
276
265
271
262
321
460
435
337
465
521
558
489
383
328
355
400
258
393
463
506
389
366
501
547
517
541
549
508
465
503
527
513
474
406
489
436
524
417
552
420
506
376
461
399
543
516
478
546
507
430
551
382
517
498
525
529
494
378
491
418
506
480
543
449
430
547
548
214
423
554
571
541
433
532
467
426
395
373
459
453
403
561
516
476
374
319
456
359
301
488
383
441
442
435
29
747
270
344
348
451
401
430
503
436
342
325
291
436
516
437
486
314
255
270
334
279
452
412
376
284
280
163
217
231
340
254
17
745
369
340
451
200
224
236
314
349
215
236
201
250
27
111
140
125
115
176
152
154
193
119
214
210
66
753
330
342
212
144
167
271
338
241
254
261
185
247
276
246
228
194
215
193
192
150
168
151
213
210
191
176
200
231
257
259
248
257
248
170
116
179
277
311
222
218
168
238
213
255
193
269
312
243
359
257
333
249
187
122
212
196
176
254
175
216
210
259
222
182
93
261
263
193
280
301
298
363
281
182
98
158
205
292
243
352
442
321
340
249
403
250
377
251
386
435
334
420
321
464
333
384
411
475
313
467
433
469
438
232
391
319
408
341
393
313
390
392
289
393
374
433
419
377
423
295
374
317
273
332
289
229
217
370
381
348
293
350
363
364
187
232
255
255
362
320
396
308
378
349
208
213
441
439
403
438
393
439
443
288
334
445
404
274
439
330
329
384
339
472
275
389
365
336
234
205
327
222
393
428
423
461
461
315
383
309
412
351
413
414
340
328
343
394
395
450
396
327
244
247
334
192
267
282
248
274
244
319
234
294
322
252
310
291
292
286
338
289
272
318
300
335
337
475
489
373
510
491
375
377
373
405
374
313
548
398
456
449
395
488
388
492
384
403
363
373
382
370
464
370
405
369
498
491
388
524
437
283
353
362
366
403
384
390
358
437
504
484
452
487
460
411
469
449
344
433
442
231
227
245
338
338
350
483
502
442
375
361
356
408
361
330
158
245
250
241
190
308
365
346
264
299
304
311
266
269
334
326
235
378
379
301
397
215
403
234
287
304
345
328
366
477
398
387
410
420
410
230
316
270
265
384
361
334
394
504
499
471
556
505
469
504
35
775
261
297
289
277
293
196
171
247
351
268
473
500
473
498
491
364
16
346
323
335
409
375
392
381
399
159
318
342
362
381
436
384
376
351
384
360
384
384
352
347
347
303
294
287
296
316
234
269
199
185
233
173
196
171
107
71
97
10
534
231
261
205
246
267
248
168
96
176
134
89
123
76
103
122
64
51
116
186
255
281
268
232
196
158
86
72
61
39
52
112
88
120
125
97
52
51
55
69
52
60
70
53
36
48
64
27
27
35
31
31
43
47
72
112
104
81
81
77
69
46
30
29
34
43
43
35
51
40
50
51
44
31
53
81
101
16
166
42
46
91
89
85
35
43
37
35
50
34
34
10
13
13
13
12
13
14
13
12
10
10
5
8
62
67
47
38
55
40
20
8
25
42
27
27
35
25
17
16
88
10
18
12
3
73
69
39
29
17
14
18
25
34
26
33
35
22
1
30
38
50
70
52
39
17
48
27
29
33
115
21
44
42
67
40
42
31
48
63
38
46
29
29
154
170
218
185
162
76
25
31
46
37
48
28
42
23
16
23
23
30
37
44
52
46
4
4
3
3
3
3
3
3
3
3
3
4
5
4
4
3
3
1
3
6
175
257
248
208
236
211
302
235
250
282
261
256
238
285
241
182
247
186
213
80
287
183
180
230
243
185
234
299
200
125
51
62
40
23
12
13
13
13
13
14
14
14
13
13
14
14
13
13
13
13
13
13
13
14
13
45
142
149
191
155
227
280
307
346
194
154
338
372
321
215
229
236
162
212
255
198
219
165
189
211
118
35
35
85
80
47
33
4
5
5
8
5
5
5
5
5
5
5
4
8
8
6
4
3
4
3
1
8
10
17
12
14
13
13
13
18
2
12
18
16
17
13
18
17
16
16
13
17
13
18
13
13
20
12
13
16
44
5
3
12
18
17
18
22
16
8
17
12
3
8
9
6
8
1
4
93
208
228
268
254
285
215
218
255
271
254
259
292
201
195
221
274
307
228
246
230
175
146
16
297
174
157
195
178
199
127
115
128
44
82
102
125
118
101
115
123
115
135
128
67
105
168
119
94
28
25
77
48
114
39
59
133
188
134
213
122
129
123
126
128
95
153
164
175
164
132
99
94
38
64
52
31
94
122
99
47
129
111
97
53
26
34
71
72
123
136
60
39
64
69
88
95
31
23
29
12
10
44
97
60
69
23
6
76
90
42
33
27
30
16
12
20
13
14
14
14
13
14
16
13
14
14
14
1
115
178
267
250
259
219
211
181
226
199
338
241
341
444
491
229
349
312
334
402
293
326
209
293
376
304
259
353
374
353
398
315
392
474
485
406
449
417
438
399
439
511
423
368
596
424
535
417
483
497
472
492
450
435
366
378
212
438
415
470
504
523
573
473
518
459
367
373
411
398
552
413
374
426
406
489
481
410
360
484
399
509
85
8
8
35
327
488
423
384
310
260
266
316
233
328
448
373
308
284
365
192
304
217
345
272
359
200
256
168
276
265
271
262
321
460
435
337
465
521
558
489
383
328
355
400
258
393
463
506
389
366
501
547
517
541
549
508
465
503
527
513
474
406
489
436
524
417
552
420
506
376
461
399
543
516
478
546
507
430
551
382
517
498
525
529
494
378
491
418
506
480
543
449
430
547
548
214
423
554
571
541
433
532
467
426
395
373
459
453
403
561
516
476
374
319
456
359
301
488
383
441
442
435
29
747
270
344
348
451
401
430
503
436
342
325
291
436
516
437
486
314
255
270
334
279
452
412
376
284
280
163
217
231
340
254
17
745
369
340
451
200
224
236
314
349
215
236
201
250
27
111
140
125
115
176
152
154
193
119
214
210
66
753
330
342
212
144
167
271
338
241
254
261
185
247
276
246
228
194
215
193
192
150
168
151
213
210
191
176
200
231
257
259
248
257
248
170
116
179
277
311
222
218
168
238
213
255
193
269
312
243
359
257
333
249
187
122
212
196
176
254
175
216
210
259
222
182
93
261
263
193
280
301
298
363
281
182
98
158
205
292
243
352
442
321
340
249
403
250
377
251
386
435
334
420
321
464
333
384
411
475
313
467
433
469
438
232
391
319
408
341
393
313
390
392
289
393
374
433
419
377
423
295
374
317
273
332
289
229
217
370
381
348
293
350
363
364
187
232
255
255
362
320
396
308
378
349
208
213
441
439
403
438
393
439
443
288
334
445
404
274
439
330
329
384
339
472
275
389
365
336
234
205
327
222
393
428
423
461
461
315
383
309
412
351
413
414
340
328
343
394
395
450
396
327
244
247
334
192
267
282
248
274
244
319
234
294
322
252
310
291
292
286
338
289
272
318
300
335
337
475
489
373
510
491
375
377
373
405
374
313
548
398
456
449
395
488
388
492
384
403
363
373
382
370
464
370
405
369
498
491
388
524
437
283
353
362
366
403
384
390
358
437
504
484
452
487
460
411
469
449
344
433
442
231
227
245
338
338
350
483
502
442
375
361
356
408
361
330
158
245
250
241
190
308
365
346
264
299
304
311
266
269
334
326
235
378
379
301
397
215
403
234
287
304
345
328
366
477
398
387
410
420
410
230
316
270
265
384
361
334
394
504
499
471
556
505
469
504
35
775
261
297
289
277
293
196
171
247
351
268
473
500
473
498
491
364
16
346
323
335
409
375
392
381
399
159
318
342
362
381
436
384
376
351
384
360
384
384
352
347
347
303
294
287
296
316
234
269
199
185
233
173
196
171
107
71
97
10
534
231
261
205
246
267
248
168
96
176
134
89
123
76
103
122
64
51
116
186
255
281
268
232
196
158
86
72
61
39
52
112
88
120
125
97
52
51
55
69
52
60
70
53
36
48
64
27
27
35
31
31
43
47
72
112
104
81
81
77
69
46
30
29
34
43
43
35
51
40
50
51
44
31
53
81
101
16
166
42
46
91
89
85
35
43
37
35
50
34
34
10
13
13
13
12
13
14
13
12
10
10
5
8
62
67
47
38
55
40
20
8
25
42
27
27
35
25
17
16
88
10
18
12
3
73
69
39
29
17
14
18
25
34
26
33
35
22
1
30
38
50
70
52
39
17
48
27
29
33
115
21
44
42
67
40
42
31
48
63
38
46
29
29
154
170
218
185
162
76
25
31
46
37
48
28
42
23
16
23
23
30
37
44
52
46
4
4
3
3
3
3
3
3
3
3
3
4
5
4
4
3
3
1
3
6
175
257
248
208
236
211
302
235
250
282
261
256
238
285
241
182
247
186
213
80
287
183
180
230
243
185
234
299
200
125
51
62
40
23
12
13
13
13
13
14
14
14
13
13
14
14
13
13
13
13
13
13
13
14
13
45
142
149
191
155
227
280
307
346
194
154
338
372
321
215
229
236
162
212
255
198
219
165
189
211
118
35
35
85
80
47
33
4
5
5
8
5
5
5
5
5
5
5
4
8
8
6
4
3
4
3
1
8
10
17
12
14
13
13
13
18
2
12
18
16
17
13
18
17
16
16
13
17
13
18
13
13
20
12
13
16
44
5
3
12
18
17
18
22
16
8
17
12
3
8
9
6
8
1
4
93
208
228
268
254
285
215
218
255
271
254
259
292
201
195
221
274
307
228
246
230
175
146
16
297
174
157
195
178
199
127
115
128
44
82
102
125
118
101
115
123
115
135
128
67
105
168
119
94
28
25
77
48
114
39
59
133
188
134
213
122
129
123
126
128
95
153
164
175
164
132
99
94
38
64
52
31
94
122
99
47
129
111
97
53
26
34
71
72
123
136
60
39
64
69
88
95
31
23
29
12
10
44
97
60
69
23
6
76
90
42
33
27
30
16
12
20
13
14
14
14
13
14
16
13
14
14
14
1
115
178
267
250
259
219
211
181
226
199
338
241
341
444
491
229
349
312
334
402
293
326
209
293
376
304
259
353
374
353
398
315
392
474
485
406
449
417
438
399
439
511
423
368
596
424
535
417
483
497
472
492
450
435
366
378
212
438
415
470
504
523
573
473
518
459
367
373
411
398
552
413
374
426
406
489
481
410
360
484
399
509
85
8
8
35
327
488
423
384
310
260
266
316
233
328
448
373
308
284
365
192
304
217
345
272
359
200
256
168
276
265
271
262
321
460
435
337
465
521
558
489
383
328
355
400
258
393
463
506
389
366
501
547
517
541
549
508
465
503
527
513
474
406
489
436
524
417
552
420
506
376
461
399
543
516
478
546
507
430
551
382
517
498
525
529
494
378
491
418
506
480
543
449
430
547
548
214
423
554
571
541
433
532
467
426
395
373
459
453
403
561
516
476
374
319
456
359
301
488
383
441
442
435
29
747
270
344
348
451
401
430
503
436
342
325
291
436
516
437
486
314
255
270
334
279
452
412
376
284
280
163
217
231
340
254
17
745
369
340
451
200
224
236
314
349
215
236
201
250
27
111
140
125
115
176
152
154
193
119
214
210
66
753
330
342
212
144
167
271
338
241
254
261
185
247
276
246
228
194
215
193
192
150
168
151
213
210
191
176
200
231
257
259
248
257
248
170
116
179
277
311
222
218
168
238
213
255
193
269
312
243
359
257
333
249
187
122
212
196
176
254
175
216
210
259
222
182
93
261
263
193
280
301
298
