1321
713
515
338
732
1344
2112
1750
2203
2478
1566
1431
1543
1586
1668
977
656
443
115
2058
685
627
935
717
896
2000
2415
2392
2058
1798
1977
1808
1511
1570
1952
1215
1315
2498
1489
1360
1393
1244
573
732
800
1190
877
338
762
1393
1899
1595
1688
1441
1557
1591
1576
1803
1634
1899
1730
1750
1456
1045
1543
1373
1466
800
554
906
887
771
920
1466
1229
896
781
794
1273
752
742
1566
1595
1128
829
776
984
810
984
881
1302
1045
1341
1177
583
887
1138
1026
1263
1402
1466
1084
1427
1566
1505
1422
1013
896
1161
1505
1297
1408
520
434
563
781
752
1026
1813
1498
1639
1373
1089
1099
612
1437
925
940
1177
940
1253
1292
862
1003
1138
1441
2280
2173
2054
1537
1311
1325
1581
1094
1571
1750
1601
1981
1518
1311
867
1094
1717
1691
1707
949
1427
1373
1774
2010
2251
2039
1726
1711
2337
1649
1277
829
1253
1527
2136
2151
2010
2241
2290
2691
1991
2193
1750
2373
2849
2530
1711
2087
2016
2830
3361
3061
3171
3486
3659
3939
3355
2855
2743
3075
3051
2714
2897
2787
2425
2280
2511
2579
2530
2203
2334
2782
3148
2955
1808
800
717
1215
1534
1750
2039
2222
2440
2261
2386
2405
1981
2739
2483
1730
1070
1402
2396
2485
1820
1972
1991
1919
1315
2550
2826
2173
2319
2444
2753
2222
2353
2058
1557
1899
1779
1894
2994
2858
2511
2566
2261
2608
2801
2530
2618
2772
2483
2483
2045
1875
1884
2218
2627
2598
2309
3283
1865
1514
1315
1784
901
1495
974
997
2203
2743
1678
1875
2102
1277
1730
2926
2858
2984
2878
2801
2498
2203
2136
3525
3408
2840
2329
1904
1803
1952
2183
2897
2222
2743
2887
2887
2907
2546
2579
2193
2483
2376
2016
2241
2627
3177
3341
2926
3239
2887
2907
2720
2261
1923
1855
2092
1711
1855
2266
2126
1750
2180
1315
1591
1576
1865
2189
1884
1499
2006
1586
1996
1209
1630
1248
1855
2016
1826
1933
2459
1720
1855
2469
2116
2068
2261
2366
2430
1740
1615
2121
1383
2254
1898
1846
2039
2334
2058
1826
2392
1634
1557
1253
1383
1398
1118
1103
1552
1200
1784
1383
1350
920
1282
1624
2006
1875
1475
1460
1566
1698
1373
1659
1634
1571
1422
2025
1788
1672
2064
1943
2019
2151
1489
1605
1630
1537
2402
1981
1740
2212
1938
1808
2097
2256
1730
1720
1891
1750
2058
2430
1238
2106
2121
2010
1644
1987
1952
1836
2064
1884
1884
2180
2126
1943
2180
1884
1826
2627
2656
2540
2511
2768
2560
2502
2415
2261
2493
2396
2811
2730
2550
2656
2444
2666
2560
2319
2483
2694
2652
2694
2598
2193
1644
1832
1634
2270
2694
2739
2569
2521
2329
2444
2280
2444
2314
1258
1311
1113
1698
1055
1148
906
862
1475
1846
2305
1894
1489
2180
2029
2029
1981
1823
1537
1649
1277
2045
2029
1826
2025
1750
1460
2228
1855
1826
2025
1730
1759
2016
1730
2029
2151
2010
2087
1958
1904
2173
2183
2392
2116
1952
2173
2180
1962
1788
2324
2077
2116
1991
2285
2261
2097
2145
2295
1904
1750
1360
955
949
1118
1113
1282
1234
1209
1562
1393
1562
1402
1813
1615
1344
1370
1157
544
346
424
685
115
1711
1273
1074
781
820
935
852
984
636
694
804
1282
1305
1321
1094
1370
1321
1180
1485
1354
1505
1373
1755
1344
1244
794
1388
1219
1398
1224
1170
1331
1113
1206
1177
1229
1437
1141
1505
1219
1388
891
703
356
299
231
241
221
182
145
145
135
235
607
896
665
578
380
492
434
338
250
221
202
241
308
331
405
395
405
424
318
328
312
270
299
250
164
202
221
250
308
250
250
260
197
192
145
164
135
96
115
96
67
96
154
125
77
57
48
96
106
135
115
38
77
115
77
57
57
57
57
57
57
57
48
38
71
260
241
434
617
771
823
906
781
617
554
511
598
771
804
800
588
627
752
1045
945
1123
1321
771
747
1321
1089
872
1388
656
737
539
356
299
260
125
86
145
154
67
708
2382
2300
1943
1759
2045
2058
1360
1267
1668
804
887
1331
1094
1678
1730
1933
2366
2411
2270
1933
2039
2218
2183
1720
1909
1615
2029
2440
1518
1711
2247
1933
2222
2241
2054
2068
2261
434
2704
2029
2324
2309
1875
2309
2594
2521
2405
2415
2396
2048
2035
1943
2376
2121
1489
1855
2521
2584
2173
1962
2444
2444
1928
1402
2386
1601
2126
2241
2694
2777
2212
2155
1720
1871
1460
2016
1817
2309
2280
2483
2556
2232
2415
2357
1991
2353
2290
2203
2097
2092
1489
1378
997
453
762
1177
862
472
38
38
38
38
38
38
38
38
38
38
38
38
28
28
38
38
38
38
38
38
28
28
28
28
28
28
28
28
28
28
28
28
28
28
28
28
28
28
28
28
28
28
28
28
28
28
28
28
23
38
57
38
38
38
38
38
38
38
28
38
38
38
38
38
48
57
492
1694
711
1552
1103
1070
1167
843
1070
453
154
67
135
524
1514
1219
1408
1234
1055
1070
1007
1273
1167
930
1273
1219
1417
1302
1277
1456
1238
1224
940
1446
1422
1543
1094
1437
1412
1765
1441
1958
1836
1691
1842
1297
800
9
1311
1113
1823
1422
607
2367
1875
1967
1605
2145
2218
1730
2039
2160
1750
1730
1630
1325
1177
916
785
993
762
762
524
829
887
578
428
578
559
395
463
318
106
231
216
338
299
385
289
241
173
173
231
192
241
216
135
125
549
405
453
366
182
279
328
177
636
549
145
279
145
115
2226
1505
1177
1514
1141
1417
1547
1138
598
360
356
520
356
424
395
375
312
502
366
414
752
823
1118
858
903
711
1109
925
554
328
202
299
202
366
839
987
1938
1923
2077
1891
1315
1167
1094
1543
1566
1321
713
515
338
732
1344
2112
1750
2203
2478
1566
1431
1543
1586
1668
977
656
443
115
2058
685
627
935
717
896
2000
2415
2392
2058
1798
1977
1808
1511
1570
1952
1215
1315
2498
1489
1360
1393
1244
573
732
800
1190
877
338
762
1393
1899
1595
1688
1441
1557
1591
1576
1803
1634
1899
1730
1750
1456
1045
1543
1373
1466
800
554
906
887
771
920
1466
1229
896
781
794
1273
752
742
1566
1595
1128
829
776
984
810
984
881
1302
1045
1341
1177
583
887
1138
1026
1263
1402
1466
1084
1427
1566
1505
1422
1013
896
1161
1505
1297
1408
520
434
563
781
752
1026
1813
1498
1639
1373
1089
1099
612
1437
925
940
1177
940
1253
1292
862
1003
1138
1441
2280
2173
2054
1537
1311
1325
1581
1094
1571
1750
1601
1981
1518
1311
867
1094
1717
1691
1707
949
1427
1373
1774
2010
2251
2039
1726
1711
2337
1649
1277
829
1253
1527
2136
2151
2010
2241
2290
2691
1991
2193
1750
2373
2849
2530
1711
2087
2016
2830
3361
3061
3171
3486
3659
3939
3355
2855
2743
3075
3051
2714
2897
2787
2425
2280
2511
2579
2530
2203
2334
2782
3148
2955
1808
800
717
1215
1534
1750
2039
2222
2440
2261
2386
2405
1981
2739
2483
1730
1070
1402
2396
2485
1820
1972
1991
1919
1315
2550
2826
2173
2319
2444
2753
2222
2353
2058
1557
1899
1779
1894
2994
2858
2511
2566
2261
2608
2801
2530
2618
2772
2483
2483
2045
1875
1884
2218
2627
2598
2309
3283
1865
1514
1315
1784
901
1495
974
997
2203
2743
1678
1875
2102
1277
1730
2926
2858
2984
2878
2801
2498
2203
2136
3525
3408
2840
2329
1904
1803
1952
2183
2897
2222
2743
2887
2887
2907
2546
2579
2193
2483
2376
2016
2241
2627
3177
3341
2926
3239
2887
2907
2720
2261
1923
1855
2092
1711
1855
2266
2126
1750
2180
1315
1591
1576
1865
2189
1884
1499
2006
1586
1996
1209
1630
1248
1855
2016
1826
1933
2459
1720
1855
2469
2116
2068
2261
2366
2430
1740
1615
2121
1383
2254
1898
1846
2039
2334
2058
1826
2392
1634
1557
1253
1383
1398
1118
1103
1552
1200
1784
1383
1350
920
1282
1624
2006
1875
1475
1460
1566
1698
1373
1659
1634
1571
1422
2025
1788
1672
2064
1943
2019
2151
1489
1605
1630
1537
2402
1981
1740
2212
1938
1808
2097
2256
1730
1720
1891
1750
2058
2430
1238
2106
2121
2010
1644
1987
1952
1836
2064
1884
1884
2180
2126
1943
2180
1884
1826
2627
2656
2540
2511
2768
2560
2502
2415
2261
2493
2396
2811
2730
2550
2656
2444
2666
2560
2319
2483
2694
2652
2694
2598
2193
1644
1832
1634
2270
2694
2739
2569
2521
2329
2444
2280
2444
2314
1258
1311
1113
1698
1055
1148
906
862
1475
1846
2305
1894
1489
2180
2029
2029
1981
1823
1537
1649
1277
2045
2029
1826
2025
1750
1460
2228
1855
1826
2025
1730
1759
2016
1730
2029
2151
2010
2087
1958
1904
2173
2183
2392
2116
1952
2173
2180
1962
1788
2324
2077
2116
1991
2285
2261
2097
2145
2295
1904
1750
1360
955
949
1118
1113
1282
1234
1209
1562
1393
1562
1402
1813
1615
1344
1370
1157
544
346
424
685
115
1711
1273
1074
781
820
935
852
984
636
694
804
1282
1305
1321
1094
1370
1321
1180
1485
1354
1505
1373
1755
1344
1244
794
1388
1219
1398
1224
1170
1331
1113
1206
1177
1229
1437
1141
1505
1219
1388
891
703
356
299
231
241
221
182
145
145
135
235
607
896
665
578
380
492
434
338
250
221
202
241
308
331
405
395
405
424
318
328
312
270
299
250
164
202
221
250
308
250
250
260
197
192
145
164
135
96
115
96
67
96
154
125
77
57
48
96
106
135
115
38
77
115
77
57
57
57
57
57
57
57
48
38
71
260
241
434
617
771
823
906
781
617
554
511
598
771
804
800
588
627
752
1045
945
1123
1321
771
747
1321
1089
872
1388
656
737
539
356
299
260
125
86
145
154
67
708
2382
2300
1943
1759
2045
2058
1360
1267
1668
804
887
1331
1094
1678
1730
1933
2366
2411
2270
1933
2039
2218
2183
1720
1909
1615
2029
2440
1518
1711
2247
1933
2222
2241
2054
2068
2261
434
2704
2029
2324
2309
1875
2309
2594
2521
2405
2415
2396
2048
2035
1943
2376
2121
1489
1855
2521
2584
2173
1962
2444
2444
1928
1402
2386
1601
2126
2241
2694
2777
2212
2155
1720
1871
1460
2016
1817
2309
2280
2483
2556
2232
2415
2357
1991
2353
2290
2203
2097
2092
1489
1378
997
453
762
1177
862
472
38
38
38
38
38
38
38
38
38
38
38
38
28
28
38
38
38
38
38
38
28
28
28
28
28
28
28
28
28
28
28
28
28
28
28
28
28
28
28
28
28
28
28
28
28
28
28
28
23
38
57
38
38
38
38
38
38
38
28
38
38
38
38
38
48
57
492
1694
711
1552
1103
1070
1167
843
1070
453
154
67
135
524
1514
1219
1408
1234
1055
1070
1007
1273
1167
930
1273
1219
1417
1302
1277
1456
1238
1224
940
1446
1422
1543
1094
1437
1412
1765
1441
1958
1836
1691
1842
1297
800
9
1311
1113
1823
1422
607
2367
1875
1967
1605
2145
2218
1730
2039
2160
1750
1730
1630
1325
1177
916
785
993
762
762
524
829
887
578
428
578
559
395
463
318
106
231
216
338
299
385
289
241
173
173
231
192
241
216
135
125
549
405
453
366
182
279
328
177
636
549
145
279
145
115
2226
1505
1177
1514
1141
1417
1547
1138
598
360
356
520
356
424
395
375
312
502
366
414
752
823
1118
858
903
711
1109
925
554
328
202
299
202
366
839
987
1938
1923
2077
1891
1315
1167
1094
1543
1566
1321
713
515
338
732
1344
2112
1750
2203
2478
1566
1431
1543
1586
1668
977
656
443
115
2058
685
627
935
717
896
2000
2415
2392
2058
1798
1977
1808
1511
1570
1952
1215
1315
2498
1489
1360
1393
1244
573
732
800
1190
877
338
762
1393
1899
1595
1688
1441
1557
1591
1576
1803
1634
1899
1730
1750
1456
1045
1543
1373
1466
800
554
906
887
771
920
1466
1229
896
781
794
1273
752
742
1566
1595
1128
829
776
984
810
984
881
1302
1045
1341
1177
583
887
1138
1026
1263
1402
1466
1084
1427
1566
1505
1422
1013
896
1161
1505
1297
1408
520
434
563
781
752
1026
1813
1498
1639
1373
1089
1099
612
1437
925
940
1177
940
1253
1292
862
1003
1138
1441
2280
2173
2054
1537
1311
1325
1581
1094
1571
1750
1601
1981
1518
1311
867
1094
1717
1691
1707
949
1427
1373
1774
2010
2251
2039
1726
1711
2337
1649
1277
829
1253
1527
2136
2151
2010
2241
2290
2691
1991
2193
1750
2373
2849
2530
1711
2087
2016
2830
3361
3061
3171
3486
3659
3939
3355
2855
2743
3075
3051
2714
2897
2787
2425
2280
2511
2579
2530
2203
2334
2782
3148
2955
1808
800
717
1215
1534
1750
2039
2222
2440
2261
2386
2405
1981
2739
2483
1730
1070
1402
2396
2485
1820
1972
1991
1919
1315
2550
2826
2173
2319
2444
2753
2222
2353
2058
1557
1899
1779
1894
2994
2858
2511
2566
2261
2608
2801
2530
2618
2772
2483
2483
2045
1875
1884
2218
2627
2598
2309
3283
1865
1514
1315
1784
901
1495
974
997
2203
2743
1678
1875
2102
1277
1730
2926
2858
2984
2878
2801
2498
2203
2136
3525
3408
2840
2329
1904
1803
1952
2183
2897
2222
2743
2887
2887
2907
2546
2579
2193
2483
2376
2016
2241
2627
3177
3341
2926
3239
2887
2907
2720
2261
1923
1855
2092
1711
1855
2266
2126
1750
2180
1315
1591
1576
1865
2189
1884
1499
2006
1586
1996
1209
1630
1248
1855
2016
1826
1933
2459
1720
1855
2469
2116
2068
2261
2366
2430
1740
1615
2121
1383
2254
1898
1846
2039
2334
2058
1826
2392
1634
1557
1253
1383
1398
1118
1103
1552
1200
1784
1383
1350
920
1282
1624
2006
1875
1475
1460
1566
1698
1373
1659
1634
1571
1422
2025
1788
1672
2064
1943
2019
2151
1489
1605
1630
1537
2402
1981
1740
2212
1938
1808
2097
2256
1730
1720
1891
1750
2058
2430
1238
2106
2121
2010
1644
1987
1952
1836
2064
1884
1884
2180
2126
1943
2180
1884
1826
