1377
1264
1418
1562
1462
1302
1420
1308
1518
1050
1311
1006
1050
1090
965
1046
1143
1103
1149
1354
1272
1309
1468
1097
1106
1261
1246
1645
2000
1940
1476
1634
1489
1085
1090
817
627
926
753
721
734
656
962
1054
1425
1087
1282
1127
1090
850
862
655
470
371
256
263
249
256
228
200
363
406
499
391
332
399
349
406
235
158
192
199
199
256
256
299
228
189
199
163
135
163
85
85
49
57
71
71
71
71
78
78
78
78
78
71
64
57
57
29
121
135
178
206
185
149
114
35
92
64
71
78
7
42
42
21
21
21
49
21
21
28
28
35
28
42
21
14
33
35
42
49
7
42
35
21
7
21
49
28
42
21
28
42
49
42
42
49
57
57
64
64
78
71
71
42
71
57
78
71
64
49
85
333
35
42
28
14
57
42
35
35
35
49
35
28
7
28
292
57
42
92
100
64
49
100
49
71
57
78
85
57
28
35
21
21
28
7
42
18
35
57
64
78
107
57
78
71
78
71
14
49
71
35
85
222
27
78
114
135
128
100
107
100
57
85
142
53
135
135
128
156
163
128
163
93
142
42
655
85
107
21
57
14
71
78
14
42
35
64
42
57
64
78
57
28
85
449
49
21
42
49
12
35
42
42
42
28
35
35
21
21
7
28
42
71
57
71
28
42
57
85
143
28
42
35
28
28
21
85
42
64
135
35
57
64
42
64
71
35
28
21
21
7
7
14
7
7
7
21
28
28
14
21
28
120
49
49
14
111
35
64
49
64
64
64
85
64
78
47
49
42
42
85
85
64
57
42
57
42
42
27
35
49
71
78
100
36
85
64
57
42
7
42
35
13
21
28
21
28
28
7
203
42
64
42
7
42
28
42
31
49
71
64
49
57
52
35
35
42
28
21
99
21
223
955
916
419
288
324
632
977
947
1179
1371
1393
1313
861
848
810
1078
1217
909
1085
994
1593
1569
1350
1454
1463
1534
1438
1347
544
613
320
819
691
717
1582
1417
1087
1110
1216
1242
1291
1368
1097
1216
1267
1382
313
563
1166
1321
1611
1627
1412
1668
1646
1215
1156
1069
797
862
613
1011
1237
1375
1464
1881
1603
1183
477
320
356
85
271
285
156
1249
1439
697
391
634
608
641
598
285
249
277
349
492
155
121
655
391
371
306
128
270
1204
818
527
734
509
277
206
335
688
1018
887
958
962
849
951
1076
1211
1034
649
855
575
933
781
796
774
1097
973
654
570
755
727
753
690
812
876
301
855
898
1354
1169
684
313
520
833
449
964
1760
1453
1358
1147
1175
689
1632
1518
1625
1253
1021
1154
1029
1265
1544
1553
1318
1301
1832
1938
1615
1531
1463
1556
2026
1959
1673
1871
1889
2716
2166
1800
1604
1810
1582
1342
1717
2114
2289
2177
2359
1301
1611
1438
1578
1476
1427
1701
1297
1355
1558
1988
1820
1981
1722
1899
1893
1835
1643
1375
1421
1134
1981
1107
1461
1574
1116
762
1052
1432
1153
1464
1496
1034
1646
1401
2187
1637
1414
1946
2380
1674
1801
1948
1885
1759
1282
909
1031
1411
1368
1145
1076
719
998
1341
1883
1582
1909
1407
833
1446
976
1501
1955
1738
1482
1231
1625
888
1033
1029
1406
1441
1853
1860
2037
1811
1485
1874
1550
1017
1095
1126
1382
1243
1382
1313
1932
1460
1534
1822
78
3938
1853
1261
1375
1354
1379
1317
1539
1588
1648
1181
1411
1253
1895
1190
1646
1334
2308
1804
1717
1176
1560
1553
1233
67
4488
1240
1233
1069
1061
1386
2252
1567
1282
1531
2230
1468
1567
812
833
273
3603
819
662
598
555
769
419
570
591
891
829
662
705
755
514
833
904
1895
1578
1867
1446
990
677
1282
443
3967
1504
1070
1589
1332
998
762
391
613
85
2422
512
242
820
1603
1302
1033
1006
1867
1321
1475
869
734
1475
1147
1282
1049
1190
1003
1368
1224
1563
1604
1497
1580
28
300
71
606
228
320
363
366
270
214
192
196
178
149
145
107
49
264
874
978
975
1202
1831
1955
1887
1917
1916
1464
1899
1704
1460
556
1791
1130
1375
2204
1796
1702
1790
1871
1724
2095
1991
1748
1543
1704
2158
1798
2066
2359
1811
2014
2517
1535
1955
1891
2065
1462
2133
2657
1474
1734
2266
1778
1056
1457
2029
1871
1816
2119
1716
1715
1640
1741
1504
1661
1393
988
1224
1047
935
1140
983
1595
1513
707
925
1427
1452
1339
1060
919
454
919
1832
1692
1770
2203
1918
2394
87
2334
2959
2687
2122
1997
1832
1267
1238
1580
1737
1869
1143
1408
1311
1165
1121
1286
1318
904
926
1158
1364
1780
1799
1979
2140
1603
413
934
1608
2211
2113
2447
2355
2215
2256
1810
2067
1634
1561
1250
1238
1190
1114
1158
1612
1497
1998
1559
1719
1892
1868
1754
1349
1184
1176
891
1246
1378
1568
1670
1504
1076
1095
1034
1082
1113
1151
993
983
1065
1151
1026
938
1140
1066
1149
1215
1056
975
1012
926
562
1069
1669
1653
1813
1179
1296
1423
1446
908
1211
1096
1222
1647
2006
2116
1533
1786
1470
1909
1632
1697
2176
2324
1879
2295
2023
1665
1993
2103
2100
1574
1012
750
1500
1608
2005
1595
894
1262
1291
2155
2018
1490
1577
1434
1573
1303
1762
1694
1428
1783
2200
2103
2178
1860
1375
1063
916
1367
1434
2088
1478
1717
2036
1714
2669
2261
1257
1427
2009
2028
2031
1853
1325
1774
1325
1837
2045
1573
1190
1259
1337
1379
1752
1686
1916
2297
2180
2047
2271
1799
1906
1368
1785
1597
1397
1569
1979
1791
1991
1332
1697
1426
1425
1468
1535
1184
1589
1380
1313
1288
1307
1163
1089
945
886
1110
1377
1264
1418
1562
1462
1302
1420
1308
1518
1050
1311
1006
1050
1090
965
1046
1143
1103
1149
1354
1272
1309
1468
1097
1106
1261
1246
1645
2000
1940
1476
1634
1489
1085
1090
817
627
926
753
721
734
656
962
1054
1425
1087
1282
1127
1090
850
862
655
470
371
256
263
249
256
228
200
363
406
499
391
332
399
349
406
235
158
192
199
199
256
256
299
228
189
199
163
135
163
85
85
49
57
71
71
71
71
78
78
78
78
78
71
64
57
57
29
121
135
178
206
185
149
114
35
92
64
71
78
7
42
42
21
21
21
49
21
21
28
28
35
28
42
21
14
33
35
42
49
7
42
35
21
7
21
49
28
42
21
28
42
49
42
42
49
57
57
64
64
78
71
71
42
71
57
78
71
64
49
85
333
35
42
28
14
57
42
35
35
35
49
35
28
7
28
292
57
42
92
100
64
49
100
49
71
57
78
85
57
28
35
21
21
28
7
42
18
35
57
64
78
107
57
78
71
78
71
14
49
71
35
85
222
27
78
114
135
128
100
107
100
57
85
142
53
135
135
128
156
163
128
163
93
142
42
655
85
107
21
57
14
71
78
14
42
35
64
42
57
64
78
57
28
85
449
49
21
42
49
12
35
42
42
42
28
35
35
21
21
7
28
42
71
57
71
28
42
57
85
143
28
42
35
28
28
21
85
42
64
135
35
57
64
42
64
71
35
28
21
21
7
7
14
7
7
7
21
28
28
14
21
28
120
49
49
14
111
35
64
49
64
64
64
85
64
78
47
49
42
42
85
85
64
57
42
57
42
42
27
35
49
71
78
100
36
85
64
57
42
7
42
35
13
21
28
21
28
28
7
203
42
64
42
7
42
28
42
31
49
71
64
49
57
52
35
35
42
28
21
99
21
223
955
916
419
288
324
632
977
947
1179
1371
1393
1313
861
848
810
1078
1217
909
1085
994
1593
1569
1350
1454
1463
1534
1438
1347
544
613
320
819
691
717
1582
1417
1087
1110
1216
1242
1291
1368
1097
1216
1267
1382
313
563
1166
1321
1611
1627
1412
1668
1646
1215
1156
1069
797
862
613
1011
1237
1375
1464
1881
1603
1183
477
320
356
85
271
285
156
1249
1439
697
391
634
608
641
598
285
249
277
349
492
155
121
655
391
371
306
128
270
1204
818
527
734
509
277
206
335
688
1018
887
958
962
849
951
1076
1211
1034
649
855
575
933
781
796
774
1097
973
654
570
755
727
753
690
812
876
301
855
898
1354
1169
684
313
520
833
449
964
1760
1453
1358
1147
1175
689
1632
1518
1625
1253
1021
1154
1029
1265
1544
1553
1318
1301
1832
1938
1615
1531
1463
1556
2026
1959
1673
1871
1889
2716
2166
1800
1604
1810
1582
1342
1717
2114
2289
2177
2359
1301
1611
1438
1578
1476
1427
1701
1297
1355
1558
1988
1820
1981
1722
1899
1893
1835
1643
1375
1421
1134
1981
1107
1461
1574
1116
762
1052
1432
1153
1464
1496
1034
1646
1401
2187
1637
1414
1946
2380
1674
1801
1948
1885
1759
1282
909
1031
1411
1368
1145
1076
719
998
1341
1883
1582
1909
1407
833
1446
976
1501
1955
1738
1482
1231
1625
888
1033
1029
1406
1441
1853
1860
2037
1811
1485
1874
1550
1017
1095
1126
1382
1243
1382
1313
1932
1460
1534
1822
78
3938
1853
1261
1375
1354
1379
1317
1539
1588
1648
1181
1411
1253
1895
1190
1646
1334
2308
1804
1717
1176
1560
1553
1233
67
4488
1240
1233
1069
1061
1386
2252
1567
1282
1531
2230
1468
1567
812
833
273
3603
819
662
598
555
769
419
570
591
891
829
662
705
755
514
833
904
1895
1578
1867
1446
990
677
1282
443
3967
1504
1070
1589
1332
998
762
391
613
85
2422
512
242
820
1603
1302
1033
1006
1867
1321
1475
869
734
1475
1147
1282
1049
1190
1003
1368
1224
1563
1604
1497
1580
28
300
71
606
228
320
363
366
270
214
192
196
178
149
145
107
49
264
874
978
975
1202
1831
1955
1887
1917
1916
1464
1899
1704
1460
556
1791
1130
1375
2204
1796
1702
1790
1871
1724
2095
1991
1748
1543
1704
2158
1798
2066
2359
1811
2014
2517
1535
1955
1891
2065
1462
2133
2657
1474
1734
2266
1778
1056
1457
2029
1871
1816
2119
1716
1715
1640
1741
1504
1661
1393
988
1224
1047
935
1140
983
1595
1513
707
925
1427
1452
1339
1060
919
454
919
1832
1692
1770
2203
1918
2394
87
2334
2959
2687
2122
1997
1832
1267
1238
1580
1737
1869
1143
1408
1311
1165
1121
1286
1318
904
926
1158
1364
1780
1799
1979
2140
1603
413
934
1608
2211
2113
2447
2355
2215
2256
1810
2067
1634
1561
1250
1238
1190
1114
1158
1612
1497
1998
1559
1719
1892
1868
1754
1349
1184
1176
891
1246
1378
1568
1670
1504
1076
1095
1034
1082
1113
1151
993
983
1065
1151
1026
938
1140
1066
1149
1215
1056
975
1012
926
562
1069
1669
1653
1813
1179
1296
1423
1446
908
1211
1096
1222
1647
2006
2116
1533
1786
1470
1909
1632
1697
2176
2324
1879
2295
2023
1665
1993
2103
2100
1574
1012
750
1500
1608
2005
1595
894
1262
1291
2155
2018
1490
1577
1434
1573
1303
1762
1694
1428
1783
2200
2103
2178
1860
1375
1063
916
1367
1434
2088
1478
1717
2036
1714
2669
2261
1257
1427
2009
2028
2031
1853
1325
1774
1325
1837
2045
1573
1190
1259
1337
1379
1752
1686
1916
2297
2180
2047
2271
1799
1906
1368
1785
1597
1397
1569
1979
1791
1991
1332
1697
1426
1425
1468
1535
1184
1589
1380
1313
1288
1307
1163
1089
945
886
1110
1377
1264
1418
1562
1462
1302
1420
1308
1518
1050
1311
1006
1050
1090
965
1046
1143
1103
1149
1354
1272
1309
1468
1097
1106
1261
1246
1645
2000
1940
1476
1634
1489
1085
1090
817
627
926
753
721
734
656
962
1054
1425
1087
1282
1127
1090
850
862
655
470
371
256
263
249
256
228
200
363
406
499
391
332
399
349
406
235
158
192
199
199
256
256
299
228
189
199
163
135
163
85
85
49
57
71
71
71
71
78
78
78
78
78
71
64
57
57
29
121
135
178
206
185
149
114
35
92
64
71
78
7
42
42
21
21
21
49
21
21
28
28
35
28
42
21
14
33
35
42
49
7
42
35
21
7
21
49
28
42
21
28
42
49
42
42
49
57
57
64
64
78
71
71
42
71
57
78
71
64
49
85
333
35
42
28
14
57
42
35
35
35
49
35
28
7
28
292
57
42
92
100
64
49
100
49
71
57
78
85
57
28
35
21
21
28
7
42
18
35
57
64
78
107
57
78
71
78
71
14
49
71
35
85
222
27
78
114
135
128
100
107
100
57
85
142
53
135
135
128
156
163
128
163
93
142
42
655
85
107
21
57
14
71
78
14
42
35
64
42
57
64
78
57
28
85
449
49
21
42
49
12
35
42
42
42
28
35
35
21
21
7
28
42
71
57
71
28
42
57
85
143
28
42
35
28
28
21
85
42
64
135
35
57
64
42
64
71
35
28
21
21
7
7
14
7
7
7
21
28
28
14
21
28
120
49
49
14
111
35
64
49
64
64
64
85
64
78
47
49
42
42
85
85
64
57
42
57
42
42
27
35
49
71
78
100
36
85
64
57
42
7
42
35
13
21
28
21
28
28
7
203
42
64
42
7
42
28
42
31
49
71
64
49
57
52
35
35
42
28
21
99
21
223
955
916
419
288
324
632
977
947
1179
1371
1393
1313
861
848
810
1078
1217
909
1085
994
1593
1569
1350
1454
1463
1534
1438
1347
544
613
320
819
691
717
1582
1417
1087
1110
1216
1242
1291
1368
1097
1216
1267
1382
313
563
1166
1321
1611
1627
1412
1668
1646
1215
1156
1069
797
862
613
1011
1237
1375
1464
1881
1603
1183
477
320
356
85
271
285
156
1249
1439
697
391
634
608
641
598
285
249
277
349
492
155
121
655
391
371
306
128
270
1204
818
527
734
509
277
206
335
688
1018
887
958
962
849
951
1076
1211
1034
649
855
575
933
781
796
774
1097
973
654
570
755
727
753
690
812
876
301
855
898
1354
1169
684
313
520
833
449
964
1760
1453
1358
1147
1175
689
1632
1518
1625
1253
1021
1154
1029
1265
1544
1553
1318
1301
1832
1938
1615
1531
1463
1556
2026
1959
1673
1871
1889
2716
2166
1800
1604
1810
1582
1342
1717
2114
2289
2177
2359
1301
1611
1438
1578
1476
1427
1701
1297
1355
1558
1988
1820
1981
1722
1899
1893
1835
1643
1375
1421
1134
1981
1107
1461
1574
1116
762
1052
1432
1153
1464
1496
1034
1646
1401
2187
1637
1414
1946
2380
1674
1801
1948
1885
1759
1282
909
1031
1411
1368
1145
1076
719
998
1341
1883
1582
1909
1407
833
1446
976
1501
1955
1738
1482
1231
1625
888
1033
1029
1406
1441
1853
1860
2037
1811
1485
1874
1550
1017
1095
1126
1382
1243
1382
1313
1932
1460
1534
1822
78
3938
1853
1261
1375
1354
1379
1317
1539
1588
1648
1181
1411
1253
1895
1190
1646
1334
2308
1804
1717
1176
1560
1553
1233
67
4488
1240
1233
1069
1061
1386
2252
1567
1282
1531
2230
1468
1567
812
833
273
3603
819
662
598
555
769
419
570
591
891
829
662
705
755
514
833
904
1895
1578
1867
1446
990
677
1282
443
3967
1504
1070
1589
1332
998
762
391
613
85
2422
512
242
820
1603
1302
1033
1006
1867
1321
1475
869
734
1475
1147
1282
1049
1190
1003
1368
1224
1563
1604
1497
1580
28
