75
18
151
57
80
91
91
68
53
48
49
44
37
36
27
12
66
218
245
244
301
458
489
472
479
479
366
475
426
365
139
448
283
344
551
449
426
448
468
431
524
498
437
386
426
539
449
517
590
453
504
629
384
489
473
516
365
533
664
369
434
566
445
264
364
507
468
454
530
429
429
410
435
376
415
348
247
306
262
234
285
246
399
378
177
231
357
363
335
265
230
113
230
458
423
443
551
479
598
22
584
740
672
531
499
458
317
309
395
434
467
286
352
328
291
280
322
329
226
231
290
341
445
450
495
535
401
103
233
402
553
528
612
589
554
564
453
517
408
390
313
309
297
279
289
403
374
500
390
430
473
467
439
337
296
294
223
312
345
392
418
376
269
274
259
271
278
288
248
246
266
288
256
235
285
266
287
304
264
244
253
231
140
267
417
413
453
295
324
356
362
227
303
274
305
412
501
529
383
447
368
477
408
424
544
581
470
574
506
416
498
526
525
394
253
188
375
402
501
399
224
315
323
539
504
372
394
358
393
326
441
424
357
446
550
526
545
465
344
266
229
342
358
522
370
429
509
428
667
565
314
357
502
507
508
463
331
444
331
459
511
393
298
315
334
345
438
421
479
574
545
512
568
450
476
342
446
399
349
392
495
448
498
333
424
357
356
367
384
296
397
345
328
322
327
291
272
236
221
277
344
316
355
391
365
326
355
327
379
263
328
252
262
273
241
261
286
276
287
339
318
327
367
274
277
315
312
411
500
485
369
408
372
271
273
204
157
231
188
180
183
164
240
264
356
272
321
282
273
212
216
164
118
93
64
66
62
64
57
50
91
101
125
98
83
100
87
101
59
39
48
50
50
64
64
75
57
47
50
41
34
41
21
21
12
14
18
18
18
18
20
20
20
20
20
18
16
14
14
7
30
34
44
52
46
37
28
9
23
16
18
20
2
11
11
5
5
5
12
5
5
7
7
9
7
11
5
3
8
9
11
12
2
11
9
5
2
5
12
7
11
5
7
11
12
11
11
12
14
14
16
16
20
18
18
11
18
14
20
18
16
12
21
83
9
11
7
3
14
11
9
9
9
12
9
7
2
7
73
14
11
23
25
16
12
25
12
18
14
20
21
14
7
9
5
5
7
2
11
5
9
14
16
20
27
14
20
18
20
18
3
12
18
9
21
56
7
20
28
34
32
25
27
25
14
21
35
13
34
34
32
39
41
32
41
23
35
11
164
21
27
5
14
4
18
20
3
11
9
16
11
14
16
20
14
7
21
112
12
5
11
12
3
9
11
11
11
7
9
9
5
5
2
7
11
18
14
18
7
11
14
21
36
7
11
9
7
7
5
21
11
16
34
9
14
16
11
16
18
9
7
5
5
2
2
3
2
2
2
5
7
7
3
5
7
30
12
12
3
28
9
16
12
16
16
16
21
16
20
12
12
11
11
21
21
16
14
11
14
11
11
7
9
12
18
20
25
9
21
16
14
11
2
11
9
3
5
7
5
7
7
2
51
11
16
11
2
11
7
11
8
12
18
16
12
14
13
9
9
11
7
5
25
5
56
239
229
105
72
81
158
244
237
295
343
348
328
215
212
203
270
304
227
271
249
398
392
337
364
366
384
360
337
136
153
80
205
173
179
395
354
272
277
304
311
323
342
274
304
317
346
78
141
291
330
403
407
353
417
412
304
289
267
199
216
153
253
309
344
366
470
401
296
119
80
89
21
68
71
39
312
360
174
98
159
152
160
150
71
62
69
87
123
39
30
164
98
93
77
32
68
301
204
132
183
127
69
52
84
172
255
222
239
240
212
238
269
303
259
162
214
144
233
195
199
194
274
243
164
142
189
182
188
172
203
219
75
214
224
338
292
171
78
130
208
112
241
440
363
340
287
294
172
408
380
406
313
255
288
257
316
386
388
329
325
458
484
404
383
366
389
507
490
418
468
472
679
542
450
401
452
395
336
429
528
572
544
590
325
403
359
395
369
357
425
324
339
390
497
455
495
430
475
473
459
411
344
355
284
495
277
365
393
279
191
263
358
288
366
374
259
412
350
547
409
353
486
595
419
450
487
471
440
321
227
258
353
342
286
269
180
249
335
471
396
477
352
208
362
244
375
489
434
371
308
406
222
258
257
352
360
463
465
509
453
371
469
387
254
274
282
346
311
346
328
483
365
384
455
20
985
463
315
344
338
345
329
385
397
412
295
353
313
474
298
412
334
577
451
429
294
390
388
308
17
1122
310
308
267
265
346
563
392
321
383
558
367
392
203
208
68
901
205
166
150
139
192
105
142
148
223
207
166
176
189
129
208
226
474
395
467
362
248
169
321
111
992
376
268
397
333
249
191
98
153
21
605
128
61
205
401
325
258
252
467
330
369
217
184
369
287
321
262
297
251
342
306
391
401
374
395
7
75
18
151
57
80
91
91
68
53
48
49
44
37
36
27
12
66
218
245
244
301
458
489
472
479
479
366
475
426
365
139
448
283
344
551
449
426
448
468
431
524
498
437
386
426
539
449
517
590
453
504
629
384
489
473
516
365
533
664
369
434
566
445
264
364
507
468
454
530
429
429
410
435
376
415
348
247
306
262
234
285
246
399
378
177
231
357
363
335
265
230
113
230
458
423
443
551
479
598
22
584
740
672
531
499
458
317
309
395
434
467
286
352
328
291
280
322
329
226
231
290
341
445
450
495
535
401
103
233
402
553
528
612
589
554
564
453
517
408
390
313
309
297
279
289
403
374
500
390
430
473
467
439
337
296
294
223
312
345
392
418
376
269
274
259
271
278
288
248
246
266
288
256
235
285
266
287
304
264
244
253
231
140
267
417
413
453
295
324
356
362
227
303
274
305
412
501
529
383
447
368
477
408
424
544
581
470
574
506
416
498
526
525
394
253
188
375
402
501
399
224
315
323
539
504
372
394
358
393
326
441
424
357
446
550
526
545
465
344
266
229
342
358
522
370
429
509
428
667
565
314
357
502
507
508
463
331
444
331
459
511
393
298
315
334
345
438
421
479
574
545
512
568
450
476
342
446
399
349
392
495
448
498
333
424
357
356
367
384
296
397
345
328
322
327
291
272
236
221
277
344
316
355
391
365
326
355
327
379
263
328
252
262
273
241
261
286
276
287
339
318
327
367
274
277
315
312
411
500
485
369
408
372
271
273
204
157
231
188
180
183
164
240
264
356
272
321
282
273
212
216
164
118
93
64
66
62
64
57
50
91
101
125
98
83
100
87
101
59
39
48
50
50
64
64
75
57
47
50
41
34
41
21
21
12
14
18
18
18
18
20
20
20
20
20
18
16
14
14
7
30
34
44
52
46
37
28
9
23
16
18
20
2
11
11
5
5
5
12
5
5
7
7
9
7
11
5
3
8
9
11
12
2
11
9
5
2
5
12
7
11
5
7
11
12
11
11
12
14
14
16
16
20
18
18
11
18
14
20
18
16
12
21
83
9
11
7
3
14
11
9
9
9
12
9
7
2
7
73
14
11
23
25
16
12
25
12
18
14
20
21
14
7
9
5
5
7
2
11
5
9
14
16
20
27
14
20
18
20
18
3
12
18
9
21
56
7
20
28
34
32
25
27
25
14
21
35
13
34
34
32
39
41
32
41
23
35
11
164
21
27
5
14
4
18
20
3
11
9
16
11
14
16
20
14
7
21
112
12
5
11
12
3
9
11
11
11
7
9
9
5
5
2
7
11
18
14
18
7
11
14
21
36
7
11
9
7
7
5
21
11
16
34
9
14
16
11
16
18
9
7
5
5
2
2
3
2
2
2
5
7
7
3
5
7
30
12
12
3
28
9
16
12
16
16
16
21
16
20
12
12
11
11
21
21
16
14
11
14
11
11
7
9
12
18
20
25
9
21
16
14
11
2
11
9
3
5
7
5
7
7
2
51
11
16
11
2
11
7
11
8
12
18
16
12
14
13
9
9
11
7
5
25
5
56
239
229
105
72
81
158
244
237
295
343
348
328
215
212
203
270
304
227
271
249
398
392
337
364
366
384
360
337
136
153
80
205
173
179
395
354
272
277
304
311
323
342
274
304
317
346
78
141
291
330
403
407
353
417
412
304
289
267
199
216
153
253
309
344
366
470
401
296
119
80
89
21
68
71
39
312
360
174
98
159
152
160
150
71
62
69
87
123
39
30
164
98
93
77
32
68
301
204
132
183
127
69
52
84
172
255
222
239
240
212
238
269
303
259
162
214
144
233
195
199
194
274
243
164
142
189
182
188
172
203
219
75
214
224
338
292
171
78
130
208
112
241
440
363
340
287
294
172
408
380
406
313
255
288
257
316
386
388
329
325
458
484
404
383
366
389
507
490
418
468
472
679
542
450
401
452
395
336
429
528
572
544
590
325
403
359
395
369
357
425
324
339
390
497
455
495
430
475
473
459
411
344
355
284
495
277
365
393
279
191
263
358
288
366
374
259
412
350
547
409
353
486
595
419
450
487
471
440
321
227
258
353
342
286
269
180
249
335
471
396
477
352
208
362
244
375
489
434
371
308
406
222
258
257
352
360
463
465
509
453
371
469
387
254
274
282
346
311
346
328
483
365
384
455
20
985
463
315
344
338
345
329
385
397
412
295
353
313
474
298
412
334
577
451
429
294
390
388
308
17
1122
310
308
267
265
346
563
392
321
383
558
367
392
203
208
68
901
205
166
150
139
192
105
142
148
223
207
166
176
189
129
208
226
474
395
467
362
248
169
321
111
992
376
268
397
333
249
191
98
153
21
605
128
61
205
401
325
258
252
467
330
369
217
184
369
287
321
262
297
251
342
306
391
401
374
395
7
75
18
151
57
80
91
91
68
53
48
49
44
37
36
27
12
66
218
245
244
301
458
489
472
479
479
366
475
426
365
139
448
283
344
551
449
426
448
468
431
524
498
437
386
426
539
449
517
590
453
504
629
384
489
473
516
365
533
664
369
434
566
445
264
364
507
468
454
530
429
429
410
435
376
415
348
247
306
262
234
285
246
399
378
177
231
357
363
335
265
230
113
230
458
423
443
551
479
598
22
584
740
672
531
499
458
317
309
395
434
467
286
352
328
291
280
322
329
226
231
290
341
445
450
495
535
401
103
233
402
553
528
612
589
554
564
453
517
408
390
313
309
297
279
289
403
374
500
390
430
473
467
439
337
296
294
223
312
345
392
418
376
269
274
259
271
278
288
248
246
266
288
256
235
285
266
287
304
264
244
253
231
140
267
417
413
453
295
324
356
362
227
303
274
305
412
501
529
383
447
368
477
408
424
544
581
470
574
506
416
498
526
525
394
253
188
375
402
501
399
224
315
323
539
504
372
394
358
393
326
441
424
357
446
550
526
545
465
344
266
229
342
358
522
370
429
509
428
667
565
314
357
502
507
508
463
331
444
331
459
511
393
298
315
334
345
438
421
479
574
545
512
568
450
476
342
446
399
349
392
495
448
498
333
424
357
356
367
384
296
397
345
328
322
327
291
272
236
221
277
344
316
355
391
365
326
355
327
379
263
328
252
262
273
241
261
286
276
287
339
318
327
367
274
277
315
312
411
500
485
369
408
372
271
273
204
157
231
188
180
183
164
240
264
356
272
321
282
273
212
216
164
118
93
64
66
62
64
57
50
91
101
125
98
83
100
87
101
59
39
48
50
50
64
64
75
57
47
50
41
34
41
21
21
12
14
18
18
18
18
20
20
20
20
20
18
16
14
14
7
30
34
44
52
46
37
28
9
23
16
18
20
2
11
11
5
5
5
12
5
5
7
7
9
7
11
5
3
8
9
11
12
2
11
9
5
2
5
12
7
11
5
7
11
12
11
11
12
14
14
16
16
20
18
18
11
18
14
20
18
16
12
21
83
9
11
7
3
14
11
9
9
9
12
9
7
2
7
73
14
11
23
25
16
12
25
12
18
14
20
21
14
7
9
5
5
7
2
11
5
9
14
16
20
27
14
20
18
20
18
3
12
18
9
21
56
7
20
28
34
32
25
27
25
14
21
35
13
34
34
32
39
41
32
41
23
35
11
164
21
27
5
14
4
18
20
3
11
9
16
11
14
16
20
14
7
21
112
12
5
11
12
3
9
11
11
11
7
9
9
5
5
2
7
11
18
14
18
7
11
14
21
36
7
11
9
7
7
5
21
11
16
34
9
14
16
11
16
18
9
7
5
5
2
2
3
2
2
2
5
7
7
3
5
7
30
12
12
3
28
9
16
12
16
16
16
21
16
20
12
12
11
11
21
21
16
14
11
14
11
11
7
9
12
18
20
25
9
21
16
14
11
2
11
9
3
5
7
5
7
7
2
51
11
16
11
2
11
7
11
8
12
18
16
12
14
13
9
9
11
7
5
25
5
56
239
229
105
72
81
158
244
237
295
343
348
328
215
212
203
270
304
227
271
249
398
392
337
364
366
384
360
337
136
153
80
205
173
179
395
354
272
277
304
311
323
342
274
304
317
346
78
141
291
330
403
407
353
417
412
304
289
267
199
216
153
253
309
344
366
470
401
296
119
80
89
21
68
71
39
312
360
174
98
159
152
160
150
71
62
69
87
123
39
30
164
98
93
77
32
68
301
204
132
183
127
69
52
84
172
255
222
239
240
212
238
269
303
259
162
214
144
233
195
199
194
274
243
164
142
189
182
188
172
203
219
75
214
224
338
292
171
78
130
208
112
241
440
363
340
287
294
172
408
380
406
313
255
288
257
316
386
388
329
325
458
484
404
383
366
389
507
490
418
468
472
679
542
450
401
452
395
336
429
528
572
544
590
325
403
359
395
369
357
425
324
339
390
497
455
495
430
475
473
459
411
344
355
284
495
277
365
393
279
191
263
358
288
366
374
259
412
350
547
409
353
486
595
419
450
487
471
440
321
227
258
353
342
286
269
180
249
335
471
396
477
352
208
362
244
375
489
434
371
308
406
222
258
257
352
360
463
465
509
453
371
469
387
254
274
282
346
311
346
328
483
365
384
455
20
985
463
315
344
338
345
329
385
397
412
295
353
313
474
298
412
334
577
451
429
294
390
388
308
17
1122
310
308
267
265
346
563
392
321
383
558
367
392
203
208
68
901
205
166
150
139
192
105
142
148
223
207
166
176
189
129
208
226
474
395
467
362
248
169
321
111
992
376
268
397
333
249
191
98
153
21
605
128
61
205
401
325
258
252
467
330
369
217
184
369
287
321
262
297
251
342
306
391
401
374
395
7
