1405
1534
1438
1534
1535
1407
1387
1388
1213
1178
1150
1183
1265
937
1077
796
738
931
693
784
685
428
286
386
42
2136
925
1045
818
984
1066
991
674
385
706
534
355
491
303
413
486
256
203
465
744
1022
1124
1070
929
784
633
345
289
246
157
209
449
351
481
498
386
209
203
221
277
209
240
282
214
146
193
256
109
109
141
125
125
172
189
287
449
418
323
324
308
277
183
120
116
136
172
172
141
203
162
198
203
178
124
214
324
402
63
666
167
183
366
355
340
139
172
146
141
198
136
136
42
52
52
52
47
52
57
52
47
42
42
21
31
246
267
188
151
219
162
78
31
99
167
109
109
141
99
68
63
350
42
73
47
10
292
275
157
115
68
57
73
99
136
104
130
141
89
5
120
151
198
282
209
157
68
193
109
117
130
460
84
178
167
267
162
167
125
191
251
151
183
115
115
617
680
873
740
648
303
99
125
183
146
193
110
167
94
63
94
94
120
146
178
209
183
15
15
10
10
10
10
10
10
10
10
10
15
21
15
15
10
10
5
10
24
700
1029
993
833
946
845
1208
941
1001
1129
1043
1026
952
1139
962
729
988
744
852
318
1150
731
719
920
972
740
935
1197
800
502
203
246
161
94
47
52
52
52
52
57
57
57
52
52
57
57
52
52
52
52
52
52
52
57
52
179
569
595
763
618
909
1119
1227
1385
778
617
1351
1488
1286
859
918
946
649
848
1019
790
878
659
758
844
470
141
141
340
319
188
130
15
21
21
31
21
21
21
21
21
21
21
15
31
31
26
15
10
15
10
5
31
42
68
47
57
52
52
52
73
8
47
73
63
68
52
73
68
63
63
52
68
52
73
52
52
78
47
52
63
178
21
11
47
73
68
73
89
63
31
68
47
10
31
36
26
31
5
15
373
831
913
1071
1016
1139
860
871
1019
1084
1014
1036
1166
805
780
883
1097
1228
913
983
919
700
585
63
1187
695
627
779
712
794
510
460
510
178
329
407
500
470
402
460
491
460
541
512
267
418
674
475
376
114
99
308
193
455
157
235
532
752
535
852
488
517
491
504
512
381
611
658
700
656
528
397
376
152
256
209
125
376
487
397
188
517
444
386
214
104
136
286
287
491
544
240
157
257
277
350
381
125
94
115
47
42
178
386
240
277
94
26
303
361
167
132
109
120
63
47
78
52
57
57
57
52
57
63
52
57
57
57
5
460
713
1069
1001
1037
875
842
726
903
795
1352
962
1364
1776
1962
916
1396
1247
1337
1609
1171
1305
834
1170
1503
1218
1036
1411
1498
1410
1591
1260
1568
1896
1942
1624
1798
1669
1751
1597
1756
2045
1690
1471
2383
1697
2140
1667
1933
1987
1889
1967
1800
1738
1464
1513
849
1750
1662
1879
2015
2090
2291
1891
2073
1834
1469
1493
1645
1590
2209
1651
1498
1703
1622
1957
1924
1639
1441
1937
1596
2037
340
31
31
139
1310
1953
1692
1534
1239
1041
1066
1265
931
1312
1791
1491
1233
1136
1458
769
1218
867
1380
1089
1436
799
1025
671
1103
1062
1082
1049
1283
1838
1741
1346
1861
2083
2232
1956
1533
1312
1420
1601
1031
1573
1851
2025
1555
1463
2005
2188
2066
2164
2197
2032
1861
2010
2109
2052
1895
1622
1958
1746
2095
1666
2209
1678
2025
1502
1845
1597
2170
2064
1914
2182
2029
1719
2206
1530
2070
1992
2099
2117
1977
1512
1965
1673
2024
1922
2173
1795
1718
2187
2190
856
1693
2217
2282
2164
1733
2130
1868
1703
1579
1492
1835
1814
1611
2245
2064
1904
1494
1277
1825
1437
1202
1953
1533
1763
1769
1738
115
2988
1080
1375
1391
1806
1603
1720
2011
1743
1369
1302
1165
1742
2065
1748
1945
1255
1018
1082
1336
1114
1808
1647
1505
1135
1119
653
867
925
1362
1014
66
2981
1475
1361
1803
800
895
944
1256
1396
862
946
802
998
109
444
559
502
462
706
606
617
773
474
857
841
266
3011
1318
1368
846
575
667
1084
1354
964
1015
1045
742
986
1103
982
914
776
861
772
770
601
671
603
852
840
763
706
798
923
1030
1038
991
1028
991
679
464
716
1107
1244
889
873
671
953
852
1019
773
1077
1249
973
1437
1027
1333
994
747
487
846
785
703
1014
699
862
840
1037
888
730
371
1046
1053
773
1119
1204
1192
1454
1125
729
393
634
818
1167
971
1408
1766
1283
1361
996
1613
1002
1506
1004
1543
1739
1334
1678
1285
1857
1333
1534
1644
1900
1252
1866
1732
1876
1751
928
1562
1275
1634
1365
1572
1252
1559
1568
1156
1573
1497
1731
1676
1509
1692
1179
1494
1267
1092
1326
1155
916
870
1480
1524
1393
1171
1401
1453
1455
749
930
1021
1018
1447
1279
1584
1230
1513
1397
832
851
1763
1754
1612
1752
1573
1757
1772
1153
1337
1782
1617
1095
1757
1319
1315
1536
1357
1889
1102
1555
1458
1343
936
819
1306
889
1571
1712
1690
1844
1843
1260
1532
1235
1647
1402
1652
1656
1359
1311
1373
1577
1580
1799
1585
1307
978
988
1336
769
1069
1129
993
1096
978
1277
935
1176
1288
1010
1239
1165
1168
1145
1353
1155
1088
1270
1200
1341
1347
1901
1958
1491
2039
1962
1501
1509
1493
1622
1498
1252
2191
1593
1824
1798
1581
1951
1552
1968
1536
1613
1450
1492
1528
1482
1857
1479
1618
1477
1993
1964
1551
2094
1747
1133
1412
1448
1466
1611
1537
1560
1432
1749
2015
1935
1808
1948
1838
1644
1877
1795
1377
1734
1767
925
908
979
1353
1351
1400
1931
2007
1767
1501
1442
1422
1633
1445
1319
632
981
1002
965
760
1233
1462
1383
1055
1195
1217
1245
1065
1078
1337
1304
941
1514
1518
1203
1589
860
1614
934
1148
1217
1380
1314
1463
1908
1591
1550
1639
1680
1640
920
1264
1081
1059
1537
1443
1337
1574
2015
1995
1885
2225
2019
1876
2016
141
3102
1045
1186
1157
1110
1171
784
685
988
1403
1072
1894
2002
1891
1992
1963
1457
63
1384
1291
1341
1636
1499
1568
1524
1596
635
1273
1368
1450
1523
1745
1534
1505
1405
1534
1438
1534
1535
1407
1387
1388
1213
1178
1150
1183
1265
937
1077
796
738
931
693
784
685
428
286
386
42
2136
925
1045
818
984
1066
991
674
385
706
534
355
491
303
413
486
256
203
465
744
1022
1124
1070
929
784
633
345
289
246
157
209
449
351
481
498
386
209
203
221
277
209
240
282
214
146
193
256
109
109
141
125
125
172
189
287
449
418
323
324
308
277
183
120
116
136
172
172
141
203
162
198
203
178
124
214
324
402
63
666
167
183
366
355
340
139
172
146
141
198
136
136
42
52
52
52
47
52
57
52
47
42
42
21
31
246
267
188
151
219
162
78
31
99
167
109
109
141
99
68
63
350
42
73
47
10
292
275
157
115
68
57
73
99
136
104
130
141
89
5
120
151
198
282
209
157
68
193
109
117
130
460
84
178
167
267
162
167
125
191
251
151
183
115
115
617
680
873
740
648
303
99
125
183
146
193
110
167
94
63
94
94
120
146
178
209
183
15
15
10
10
10
10
10
10
10
10
10
15
21
15
15
10
10
5
10
24
700
1029
993
833
946
845
1208
941
1001
1129
1043
1026
952
1139
962
729
988
744
852
318
1150
731
719
920
972
740
935
1197
800
502
203
246
161
94
47
52
52
52
52
57
57
57
52
52
57
57
52
52
52
52
52
52
52
57
52
179
569
595
763
618
909
1119
1227
1385
778
617
1351
1488
1286
859
918
946
649
848
1019
790
878
659
758
844
470
141
141
340
319
188
130
15
21
21
31
21
21
21
21
21
21
21
15
31
31
26
15
10
15
10
5
31
42
68
47
57
52
52
52
73
8
47
73
63
68
52
73
68
63
63
52
68
52
73
52
52
78
47
52
63
178
21
11
47
73
68
73
89
63
31
68
47
10
31
36
26
31
5
15
373
831
913
1071
1016
1139
860
871
1019
1084
1014
1036
1166
805
780
883
1097
1228
913
983
919
700
585
63
1187
695
627
779
712
794
510
460
510
178
329
407
500
470
402
460
491
460
541
512
267
418
674
475
376
114
99
308
193
455
157
235
532
752
535
852
488
517
491
504
512
381
611
658
700
656
528
397
376
152
256
209
125
376
487
397
188
517
444
386
214
104
136
286
287
491
544
240
157
257
277
350
381
125
94
115
47
42
178
386
240
277
94
26
303
361
167
132
109
120
63
47
78
52
57
57
57
52
57
63
52
57
57
57
5
460
713
1069
1001
1037
875
842
726
903
795
1352
962
1364
1776
1962
916
1396
1247
1337
1609
1171
1305
834
1170
1503
1218
1036
1411
1498
1410
1591
1260
1568
1896
1942
1624
1798
1669
1751
1597
1756
2045
1690
1471
2383
1697
2140
1667
1933
1987
1889
1967
1800
1738
1464
1513
849
1750
1662
1879
2015
2090
2291
1891
2073
1834
1469
1493
1645
1590
2209
1651
1498
1703
1622
1957
1924
1639
1441
1937
1596
2037
340
31
31
139
1310
1953
1692
1534
1239
1041
1066
1265
931
1312
1791
1491
1233
1136
1458
769
1218
867
1380
1089
1436
799
1025
671
1103
1062
1082
1049
1283
1838
1741
1346
1861
2083
2232
1956
1533
1312
1420
1601
1031
1573
1851
2025
1555
1463
2005
2188
2066
2164
2197
2032
1861
2010
2109
2052
1895
1622
1958
1746
2095
1666
2209
1678
2025
1502
1845
1597
2170
2064
1914
2182
2029
1719
2206
1530
2070
1992
2099
2117
1977
1512
1965
1673
2024
1922
2173
1795
1718
2187
2190
856
1693
2217
2282
2164
1733
2130
1868
1703
1579
1492
1835
1814
1611
2245
2064
1904
1494
1277
1825
1437
1202
1953
1533
1763
1769
1738
115
2988
1080
1375
1391
1806
1603
1720
2011
1743
1369
1302
1165
1742
2065
1748
1945
1255
1018
1082
1336
1114
1808
1647
1505
1135
1119
653
867
925
1362
1014
66
2981
1475
1361
1803
800
895
944
1256
1396
862
946
802
998
109
444
559
502
462
706
606
617
773
474
857
841
266
3011
1318
1368
846
575
667
1084
1354
964
1015
1045
742
986
1103
982
914
776
861
772
770
601
671
603
852
840
763
706
798
923
1030
1038
991
1028
991
679
464
716
1107
1244
889
873
671
953
852
1019
773
1077
1249
973
1437
1027
1333
994
747
487
846
785
703
1014
699
862
840
1037
888
730
371
1046
1053
773
1119
1204
1192
1454
1125
729
393
634
818
1167
971
1408
1766
1283
1361
996
1613
1002
1506
1004
1543
1739
1334
1678
1285
1857
1333
1534
1644
1900
1252
1866
1732
1876
1751
928
1562
1275
1634
1365
1572
1252
1559
1568
1156
1573
1497
1731
1676
1509
1692
1179
1494
1267
1092
1326
1155
916
870
1480
1524
1393
1171
1401
1453
1455
749
930
1021
1018
1447
1279
1584
1230
1513
1397
832
851
1763
1754
1612
1752
1573
1757
1772
1153
1337
1782
1617
1095
1757
1319
1315
1536
1357
1889
1102
1555
1458
1343
936
819
1306
889
1571
1712
1690
1844
1843
1260
1532
1235
1647
1402
1652
1656
1359
1311
1373
1577
1580
1799
1585
1307
978
988
1336
769
1069
1129
993
1096
978
1277
935
1176
1288
1010
1239
1165
1168
1145
1353
1155
1088
1270
1200
1341
1347
1901
1958
1491
2039
1962
1501
1509
1493
1622
1498
1252
2191
1593
1824
1798
1581
1951
1552
1968
1536
1613
1450
1492
1528
1482
1857
1479
1618
1477
1993
1964
1551
2094
1747
1133
1412
1448
1466
1611
1537
1560
1432
1749
2015
1935
1808
1948
1838
1644
1877
1795
1377
1734
1767
925
908
979
1353
1351
1400
1931
2007
1767
1501
1442
1422
1633
1445
1319
632
981
1002
965
760
1233
1462
1383
1055
1195
1217
1245
1065
1078
1337
1304
941
1514
1518
1203
1589
860
1614
934
1148
1217
1380
1314
1463
1908
1591
1550
1639
1680
1640
920
1264
1081
1059
1537
1443
1337
1574
2015
1995
1885
2225
2019
1876
2016
141
3102
1045
1186
1157
1110
1171
784
685
988
1403
1072
1894
2002
1891
1992
1963
1457
63
1384
1291
1341
1636
1499
1568
1524
1596
635
1273
1368
1450
1523
1745
1534
1505
1405
1534
1438
1534
1535
1407
1387
1388
1213
1178
1150
1183
1265
937
1077
796
738
931
693
784
685
428
286
386
42
2136
925
1045
818
984
1066
991
674
385
706
534
355
491
303
413
486
256
203
465
744
1022
1124
1070
929
784
633
345
289
246
157
209
449
351
481
498
386
209
203
221
277
209
240
282
214
146
193
256
109
109
141
125
125
172
189
287
449
418
323
324
308
277
183
120
116
136
172
172
141
203
162
198
203
178
124
214
324
402
63
666
167
183
366
355
340
139
172
146
141
198
136
136
42
52
52
52
47
52
57
52
47
42
42
21
31
246
267
188
151
219
162
78
31
99
167
109
109
141
99
68
63
350
42
73
47
10
292
275
157
115
68
57
73
99
136
104
130
141
89
5
120
151
198
282
209
157
68
193
109
117
130
460
84
178
167
267
162
167
125
191
251
151
183
115
115
617
680
873
740
648
303
99
125
183
146
193
110
167
94
63
94
94
120
146
178
209
183
15
15
10
10
10
10
10
10
10
10
10
15
21
15
15
10
10
5
10
24
700
1029
993
833
946
845
1208
941
1001
1129
1043
1026
952
1139
962
729
988
744
852
318
1150
731
719
920
972
740
935
1197
800
502
203
246
161
94
47
52
52
52
52
57
57
57
52
52
57
57
52
52
52
52
52
52
52
57
52
179
569
595
763
618
909
1119
1227
1385
778
617
1351
1488
1286
859
918
946
649
848
1019
790
878
659
758
844
470
141
141
340
319
188
130
15
21
21
31
21
21
21
21
21
21
21
15
31
31
26
15
10
15
10
5
31
42
68
47
57
52
52
52
73
8
47
73
63
68
52
73
68
63
63
52
68
52
73
52
52
78
47
52
63
178
21
11
47
73
68
73
89
63
31
68
47
10
31
36
26
31
5
15
373
831
913
1071
1016
1139
860
871
1019
1084
1014
1036
1166
805
780
883
1097
1228
913
983
919
700
585
63
1187
695
627
779
712
794
510
460
510
178
329
407
500
470
402
460
491
460
541
512
267
418
674
475
376
114
99
308
193
455
157
235
532
752
535
852
488
517
491
504
512
381
611
658
700
656
528
397
376
152
256
209
125
376
487
397
188
517
444
386
214
104
136
286
287
491
544
240
157
257
277
350
381
125
94
115
47
42
178
386
240
277
94
26
303
361
167
132
109
120
63
47
78
52
57
57
57
52
57
63
52
57
57
57
5
460
713
1069
1001
1037
875
842
726
903
795
1352
962
1364
1776
1962
916
1396
1247
1337
1609
1171
1305
834
1170
1503
1218
1036
1411
1498
1410
1591
1260
1568
1896
1942
1624
1798
1669
1751
1597
1756
2045
1690
1471
2383
1697
2140
1667
1933
1987
1889
1967
1800
1738
1464
1513
849
1750
1662
1879
2015
2090
2291
1891
2073
1834
1469
1493
1645
1590
2209
1651
1498
1703
1622
1957
1924
1639
1441
1937
1596
2037
340
31
31
139
1310
1953
1692
1534
1239
1041
1066
1265
931
1312
1791
1491
1233
1136
1458
769
1218
867
1380
1089
1436
799
1025
671
1103
1062
1082
1049
1283
1838
1741
1346
1861
2083
2232
1956
1533
1312
1420
1601
1031
1573
1851
2025
1555
1463
2005
2188
2066
2164
2197
2032
1861
2010
2109
2052
1895
1622
1958
1746
2095
1666
2209
1678
2025
1502
1845
1597
2170
2064
1914
2182
2029
1719
2206
1530
2070
1992
2099
2117
1977
1512
1965
1673
2024
1922
2173
1795
1718
2187
2190
856
1693
2217
2282
2164
1733
2130
1868
1703
1579
1492
1835
1814
1611
2245
2064
1904
1494
1277
1825
1437
1202
1953
1533
1763
1769
1738
115
2988
1080
1375
1391
1806
1603
1720
2011
1743
1369
1302
1165
1742
2065
1748
1945
1255
1018
1082
1336
1114
1808
1647
1505
1135
1119
653
867
925
1362
1014
66
2981
1475
1361
1803
800
895
944
1256
1396
862
946
802
998
109
444
559
502
462
706
606
617
773
474
857
841
266
3011
1318
1368
846
575
667
1084
1354
964
1015
1045
742
986
1103
982
914
776
861
772
770
601
671
603
852
840
763
706
798
923
1030
1038
991
1028
991
679
464
716
1107
1244
889
873
671
953
852
1019
773
1077
1249
973
1437
1027
1333
994
747
487
846
785
703
1014
699
862
840
1037
888
730
371
1046
1053
773
1119
1204
1192
