739
728
573
636
538
676
813
506
570
749
644
741
747
685
689
754
145
901
676
775
770
625
770
865
840
802
805
799
683
678
648
792
707
496
618
840
861
724
654
815
815
643
467
795
534
709
747
898
926
737
718
573
624
487
672
606
770
760
828
852
744
805
786
664
784
763
734
699
697
496
459
332
151
254
392
287
157
13
13
13
13
13
13
13
13
13
13
13
13
9
9
13
13
13
13
13
13
9
9
9
9
9
9
9
9
9
9
9
9
9
9
9
9
9
9
9
9
9
9
9
9
9
9
9
9
8
13
19
13
13
13
13
13
13
13
9
13
13
13
13
13
16
19
164
565
237
517
368
357
389
281
357
151
51
22
45
175
505
406
469
411
352
357
336
424
389
310
424
406
472
434
426
485
413
408
313
482
474
514
365
479
471
588
480
653
612
564
614
432
267
3
437
371
608
474
202
789
625
656
535
715
739
577
680
720
583
577
543
442
392
305
262
331
254
254
175
276
296
193
143
193
186
132
154
106
35
77
72
113
100
128
96
80
58
58
77
64
80
72
45
42
183
135
151
122
61
93
109
59
212
183
48
93
48
38
742
502
392
505
380
472
516
379
199
120
119
173
119
141
132
125
104
167
122
138
251
274
373
286
301
237
370
308
185
109
67
100
67
122
280
329
646
641
692
630
438
389
365
514
522
440
238
172
113
244
448
704
583
734
826
522
477
514
529
556
326
219
148
38
686
228
209
312
239
299
667
805
797
686
599
659
603
504
523
651
405
438
833
496
453
464
415
191
244
267
397
292
113
254
464
633
532
563
480
519
530
525
601
545
633
577
583
485
348
514
458
489
267
185
302
296
257
307
489
410
299
260
265
424
251
247
522
532
376
276
259
328
270
328
294
434
348
447
392
194
296
379
342
421
467
489
361
476
522
502
474
338
299
387
502
432
469
173
145
188
260
251
342
604
499
546
458
363
366
204
479
308
313
392
313
418
431
287
334
379
480
760
724
685
512
437
442
527
365
524
583
534
660
506
437
289
365
572
564
569
316
476
458
591
670
750
680
575
570
779
550
426
276
418
509
712
717
670
747
763
897
664
731
583
791
950
843
570
696
672
943
1120
1020
1057
1162
1220
1313
1118
952
914
1025
1017
905
966
929
808
760
837
860
843
734
778
927
1049
985
603
267
239
405
511
583
680
741
813
754
795
802
660
913
828
577
357
467
799
828
607
657
664
640
438
850
942
724
773
815
918
741
784
686
519
633
593
631
998
953
837
855
754
869
934
843
873
924
828
828
682
625
628
739
876
866
770
1094
622
505
438
595
300
498
325
332
734
914
559
625
701
426
577
975
953
995
959
934
833
734
712
1175
1136
947
776
635
601
651
728
966
741
914
962
962
969
849
860
731
828
792
672
747
876
1059
1114
975
1080
962
969
907
754
641
618
697
570
618
755
709
583
727
438
530
525
622
730
628
500
669
529
665
403
543
416
618
672
609
644
820
573
618
823
705
689
754
789
810
580
538
707
461
751
633
615
680
778
686
609
797
545
519
418
461
466
373
368
517
400
595
461
450
307
427
541
669
625
492
487
522
566
458
553
545
524
474
675
596
557
688
648
673
717
496
535
543
512
801
660
580
737
646
603
699
752
577
573
630
583
686
810
413
702
707
670
548
662
651
612
688
628
628
727
709
648
727
628
609
876
885
847
837
923
853
834
805
754
831
799
937
910
850
885
815
889
853
773
828
898
884
898
866
731
548
611
545
757
898
913
856
840
776
815
760
815
771
419
437
371
566
352
383
302
287
492
615
768
631
496
727
676
676
660
608
512
550
426
682
676
609
675
583
487
743
618
609
675
577
586
672
577
676
717
670
696
653
635
724
728
797
705
651
724
727
654
596
775
692
705
664
762
754
699
715
765
635
583
453
318
316
373
371
427
411
403
521
464
521
467
604
538
448
457
386
181
115
141
228
38
570
424
358
260
273
312
284
328
212
231
268
427
435
440
365
457
440
393
495
451
502
458
585
448
415
265
463
406
466
408
390
444
371
402
392
410
479
380
502
406
463
297
234
119
100
77
80
74
61
48
48
45
78
202
299
222
193
127
164
145
113
83
74
67
80
103
110
135
132
135
141
106
109
104
90
100
83
55
67
74
83
103
83
83
87
66
64
48
55
45
32
38
32
22
32
51
42
26
19
16
32
35
45
38
13
26
38
26
19
19
19
19
19
19
19
16
13
24
87
80
145
206
257
274
302
260
206
185
170
199
257
268
267
196
209
251
348
315
374
440
257
249
440
363
291
463
219
246
180
119
100
87
42
29
48
51
22
236
794
767
648
586
682
686
453
422
556
268
296
444
365
559
577
644
789
804
757
644
680
739
728
573
636
538
676
813
506
570
749
644
741
747
685
689
754
145
901
676
775
770
625
770
865
840
802
805
799
683
678
648
792
707
496
618
840
861
724
654
815
815
643
467
795
534
709
747
898
926
737
718
573
624
487
672
606
770
760
828
852
744
805
786
664
784
763
734
699
697
496
459
332
151
254
392
287
157
13
13
13
13
13
13
13
13
13
13
13
13
9
9
13
13
13
13
13
13
9
9
9
9
9
9
9
9
9
9
9
9
9
9
9
9
9
9
9
9
9
9
9
9
9
9
9
9
8
13
19
13
13
13
13
13
13
13
9
13
13
13
13
13
16
19
164
565
237
517
368
357
389
281
357
151
51
22
45
175
505
406
469
411
352
357
336
424
389
310
424
406
472
434
426
485
413
408
313
482
474
514
365
479
471
588
480
653
612
564
614
432
267
3
437
371
608
474
202
789
625
656
535
715
739
577
680
720
583
577
543
442
392
305
262
331
254
254
175
276
296
193
143
193
186
132
154
106
35
77
72
113
100
128
96
80
58
58
77
64
80
72
45
42
183
135
151
122
61
93
109
59
212
183
48
93
48
38
742
502
392
505
380
472
516
379
199
120
119
173
119
141
132
125
104
167
122
138
251
274
373
286
301
237
370
308
185
109
67
100
67
122
280
329
646
641
692
630
438
389
365
514
522
440
238
172
113
244
448
704
583
734
826
522
477
514
529
556
326
219
148
38
686
228
209
312
239
299
667
805
797
686
599
659
603
504
523
651
405
438
833
496
453
464
415
191
244
267
397
292
113
254
464
633
532
563
480
519
530
525
601
545
633
577
583
485
348
514
458
489
267
185
302
296
257
307
489
410
299
260
265
424
251
247
522
532
376
276
259
328
270
328
294
434
348
447
392
194
296
379
342
421
467
489
361
476
522
502
474
338
299
387
502
432
469
173
145
188
260
251
342
604
499
546
458
363
366
204
479
308
313
392
313
418
431
287
334
379
480
760
724
685
512
437
442
527
365
524
583
534
660
506
437
289
365
572
564
569
316
476
458
591
670
750
680
575
570
779
550
426
276
418
509
712
717
670
747
763
897
664
731
583
791
950
843
570
696
672
943
1120
1020
1057
1162
1220
1313
1118
952
914
1025
1017
905
966
929
808
760
837
860
843
734
778
927
1049
985
603
267
239
405
511
583
680
741
813
754
795
802
660
913
828
577
357
467
799
828
607
657
664
640
438
850
942
724
773
815
918
741
784
686
519
633
593
631
998
953
837
855
754
869
934
843
873
924
828
828
682
625
628
739
876
866
770
1094
622
505
438
595
300
498
325
332
734
914
559
625
701
426
577
975
953
995
959
934
833
734
712
1175
1136
947
776
635
601
651
728
966
741
914
962
962
969
849
860
731
828
792
672
747
876
1059
1114
975
1080
962
969
907
754
641
618
697
570
618
755
709
583
727
438
530
525
622
730
628
500
669
529
665
403
543
416
618
672
609
644
820
573
618
823
705
689
754
789
810
580
538
707
461
751
633
615
680
778
686
609
797
545
519
418
461
466
373
368
517
400
595
461
450
307
427
541
669
625
492
487
522
566
458
553
545
524
474
675
596
557
688
648
673
717
496
535
543
512
801
660
580
737
646
603
699
752
577
573
630
583
686
810
413
702
707
670
548
662
651
612
688
628
628
727
709
648
727
628
609
876
885
847
837
923
853
834
805
754
831
799
937
910
850
885
815
889
853
773
828
898
884
898
866
731
548
611
545
757
898
913
856
840
776
815
760
815
771
419
437
371
566
352
383
302
287
492
615
768
631
496
727
676
676
660
608
512
550
426
682
676
609
675
583
487
743
618
609
675
577
586
672
577
676
717
670
696
653
635
724
728
797
705
651
724
727
654
596
775
692
705
664
762
754
699
715
765
635
583
453
318
316
373
371
427
411
403
521
464
521
467
604
538
448
457
386
181
115
141
228
38
570
424
358
260
273
312
284
328
212
231
268
427
435
440
365
457
440
393
495
451
502
458
585
448
415
265
463
406
466
408
390
444
371
402
392
410
479
380
502
406
463
297
234
119
100
77
80
74
61
48
48
45
78
202
299
222
193
127
164
145
113
83
74
67
80
103
110
135
132
135
141
106
109
104
90
100
83
55
67
74
83
103
83
83
87
66
64
48
55
45
32
38
32
22
32
51
42
26
19
16
32
35
45
38
13
26
38
26
19
19
19
19
19
19
19
16
13
24
87
80
145
206
257
274
302
260
206
185
170
199
257
268
267
196
209
251
348
315
374
440
257
249
440
363
291
463
219
246
180
119
100
87
42
29
48
51
22
236
794
767
648
586
682
686
453
422
556
268
296
444
365
559
577
644
789
804
757
644
680
739
728
573
636
538
676
813
506
570
749
644
741
747
685
689
754
145
901
676
775
770
625
770
865
840
802
805
799
683
678
648
792
707
496
618
840
861
724
654
815
815
643
467
795
534
709
747
898
926
737
718
573
624
487
672
606
770
760
828
852
744
805
786
664
784
763
734
699
697
496
459
332
151
254
392
287
157
13
13
13
13
13
13
13
13
13
13
13
13
9
9
13
13
13
13
13
13
9
9
9
9
9
9
9
9
9
9
9
9
9
9
9
9
9
9
9
9
9
9
9
9
9
9
9
9
8
13
19
13
13
13
13
13
13
13
9
13
13
13
13
13
16
19
164
565
237
517
368
357
389
281
357
151
51
22
45
175
505
406
469
411
352
357
336
424
389
310
424
406
472
434
426
485
413
408
313
482
474
514
365
479
471
588
480
653
612
564
614
432
267
3
437
371
608
474
202
789
625
656
535
715
739
577
680
720
583
577
543
442
392
305
262
331
254
254
175
276
296
193
143
193
186
132
154
106
35
77
72
113
100
128
96
80
58
58
77
64
80
72
45
42
183
135
151
122
61
93
109
59
212
183
48
93
48
38
742
502
392
505
380
472
516
379
199
120
119
173
119
141
132
125
104
167
122
138
251
274
373
286
301
237
370
308
185
109
67
100
67
122
280
329
646
641
692
630
438
389
365
514
522
440
238
172
113
244
448
704
583
734
826
522
477
514
529
556
326
219
148
38
686
228
209
312
239
299
667
805
797
686
599
659
603
504
523
651
405
438
833
496
453
464
415
191
244
267
397
292
113
254
464
633
532
563
480
519
530
525
601
545
633
577
583
485
348
514
458
489
267
185
302
296
257
307
489
410
299
260
265
424
251
247
522
532
376
276
259
328
270
328
294
434
348
447
392
194
296
379
342
421
467
489
361
476
522
502
474
338
299
387
502
432
469
173
145
188
260
251
342
604
499
546
458
363
366
204
479
308
313
392
313
418
431
287
334
379
480
760
724
685
512
437
442
527
365
524
583
534
660
506
437
289
365
572
564
569
316
476
458
591
670
750
680
575
570
779
550
426
276
418
509
712
717
670
747
763
897
664
731
583
791
950
843
570
696
672
943
1120
1020
1057
1162
1220
1313
1118
952
914
1025
1017
905
966
929
808
760
837
860
843
734
778
927
1049
985
603
267
239
405
511
583
680
741
813
754
795
802
660
913
828
577
357
467
799
828
607
657
664
640
438
850
942
724
773
815
918
741
784
686
519
633
593
631
998
953
837
855
754
869
934
843
873
924
828
828
682
625
628
739
876
866
770
1094
622
505
438
595
300
498
325
332
734
914
559
625
701
426
577
975
953
995
959
934
833
734
712
1175
1136
947
776
635
601
651
728
966
741
914
962
962
969
849
860
731
828
792
672
747
876
1059
1114
975
1080
962
969
907
754
641
618
697
570
618
755
709
583
727
438
530
525
622
730
628
500
669
529
665
403
543
416
618
672
609
644
820
573
618
823
705
689
754
789
810
580
538
707
461
751
633
615
680
778
686
609
797
545
519
418
461
466
373
368
517
400
595
461
450
307
427
541
669
625
492
487
522
566
458
553
545
524
474
675
596
557
688
648
673
717
496
535
543
512
801
660
580
737
646
603
699
752
577
573
630
583
686
810
413
702
707
670
548
662
651
612
688
628
628
727
709
648
727
628
609
