689
632
709
781
731
651
710
654
759
525
655
503
525
545
483
523
571
552
574
677
636
655
734
549
553
631
623
822
1000
970
738
817
745
542
545
408
314
463
376
360
367
328
481
527
712
543
641
564
545
425
431
328
235
185
128
132
125
128
114
100
182
203
249
196
166
199
175
203
118
79
96
100
100
128
128
149
114
94
100
82
67
82
43
43
25
28
35
35
35
35
39
39
39
39
39
35
32
28
28
15
61
67
89
103
92
75
57
18
46
32
35
39
3
21
21
10
10
10
25
10
10
14
14
18
14
21
10
7
17
18
21
25
3
21
18
10
3
10
25
14
21
10
14
21
25
21
21
25
28
28
32
32
39
35
35
21
35
28
39
35
32
25
43
166
18
21
14
7
28
21
18
18
18
25
18
14
3
14
146
28
21
46
50
32
25
50
25
35
28
39
43
28
14
18
10
10
14
3
21
9
18
28
32
39
53
28
39
35
39
35
7
25
35
18
43
111
13
39
57
67
64
50
53
50
28
43
71
27
67
67
64
78
82
64
82
47
71
21
328
43
53
10
28
7
35
39
7
21
18
32
21
28
32
39
28
14
43
224
25
10
21
25
6
18
21
21
21
14
18
18
10
10
3
14
21
35
28
35
14
21
28
43
71
14
21
18
14
14
10
43
21
32
67
18
28
32
21
32
35
18
14
10
10
3
3
7
3
3
3
10
14
14
7
10
14
60
25
25
7
55
18
32
25
32
32
32
43
32
39
23
25
21
21
43
43
32
28
21
28
21
21
14
18
25
35
39
50
18
43
32
28
21
3
21
18
7
10
14
10
14
14
3
102
21
32
21
3
21
14
21
15
25
35
32
25
28
26
18
18
21
14
10
49
11
112
478
458
210
144
162
316
489
473
589
686
697
656
431
424
405
539
608
455
542
497
797
784
675
727
732
767
719
673
272
306
160
410
345
358
791
708
544
555
608
621
645
684
549
608
634
691
157
281
583
660
805
813
706
834
823
608
578
534
399
431
306
505
619
687
732
940
802
592
239
160
178
43
135
142
78
624
720
349
196
317
304
320
299
142
125
139
175
246
77
61
328
196
185
153
64
135
602
409
263
367
254
139
103
167
344
509
443
479
481
425
476
538
606
517
325
427
287
467
391
398
387
549
486
327
285
378
363
377
345
406
438
151
427
449
677
585
342
157
260
417
224
482
880
727
679
573
588
344
816
759
812
627
510
577
515
633
772
776
659
650
916
969
808
765
732
778
1013
979
837
936
944
1358
1083
900
802
905
791
671
859
1057
1145
1088
1180
650
805
719
789
738
714
851
649
678
779
994
910
990
861
950
946
917
821
688
710
567
990
553
730
787
558
381
526
716
577
732
748
517
823
700
1094
818
707
973
1190
837
901
974
943
880
641
455
516
706
684
572
538
359
499
671
942
791
955
704
416
723
488
750
978
869
741
615
812
444
516
515
703
720
926
930
1018
905
743
937
775
509
548
563
691
622
691
657
966
730
767
911
39
1969
926
630
688
677
690
658
769
794
824
590
706
626
948
595
823
667
1154
902
859
588
780
776
616
34
2244
620
616
534
531
693
1126
783
641
765
1115
734
784
406
417
137
1802
410
331
299
278
385
210
285
296
445
414
331
353
378
257
417
452
948
789
933
723
495
338
641
222
1983
752
535
794
666
499
381
196
306
43
1211
256
121
410
802
651
516
503
933
661
737
435
367
737
573
641
524
595
501
684
612
782
802
748
790
14
150
35
303
114
160
182
183
135
107
96
98
89
75
72
53
25
132
437
489
488
601
916
977
944
958
958
732
949
852
730
278
895
565
687
1102
898
851
895
935
862
1048
996
874
772
852
1079
899
1033
1180
906
1007
1258
767
977
945
1033
731
1066
1329
737
867
1133
889
528
729
1014
936
908
1059
858
858
820
870
752
831
696
494
612
524
468
570
492
798
756
354
463
714
726
670
530
459
227
459
916
846
885
1102
959
1197
44
1167
1480
1343
1061
999
916
634
619
790
869
934
572
704
655
582
560
643
659
452
463
579
682
890
900
989
1070
802
206
467
804
1105
1056
1224
1177
1107
1128
905
1033
817
781
625
619
595
557
579
806
748
999
779
860
946
934
877
675
592
588
445
623
689
784
835
752
538
547
517
541
557
575
497
491
532
575
513
469
570
533
574
608
528
488
506
463
281
534
834
827
907
589
648
711
723
454
606
548
611
823
1003
1058
766
893
735
955
816
848
1088
1162
939
1147
1012
832
996
1052
1050
787
506
375
750
804
1002
798
447
631
646
1077
1009
745
789
717
787
651
881
847
714
891
1100
1052
1089
930
687
531
458
684
717
1044
739
859
1018
857
1335
1131
628
713
1005
1014
1015
927
663
887
663
918
1022
786
595
629
668
690
876
843
958
1149
1090
1024
1136
900
953
684
893
799
698
785
989
895
995
666
848
713
713
734
767
592
794
690
656
644
653
581
545
472
443
555
689
632
709
781
731
651
710
654
759
525
655
503
525
545
483
523
571
552
574
677
636
655
734
549
553
631
623
822
1000
970
738
817
745
542
545
408
314
463
376
360
367
328
481
527
712
543
641
564
545
425
431
328
235
185
128
132
125
128
114
100
182
203
249
196
166
199
175
203
118
79
96
100
100
128
128
149
114
94
100
82
67
82
43
43
25
28
35
35
35
35
39
39
39
39
39
35
32
28
28
15
61
67
89
103
92
75
57
18
46
32
35
39
3
21
21
10
10
10
25
10
10
14
14
18
14
21
10
7
17
18
21
25
3
21
18
10
3
10
25
14
21
10
14
21
25
21
21
25
28
28
32
32
39
35
35
21
35
28
39
35
32
25
43
166
18
21
14
7
28
21
18
18
18
25
18
14
3
14
146
28
21
46
50
32
25
50
25
35
28
39
43
28
14
18
10
10
14
3
21
9
18
28
32
39
53
28
39
35
39
35
7
25
35
18
43
111
13
39
57
67
64
50
53
50
28
43
71
27
67
67
64
78
82
64
82
47
71
21
328
43
53
10
28
7
35
39
7
21
18
32
21
28
32
39
28
14
43
224
25
10
21
25
6
18
21
21
21
14
18
18
10
10
3
14
21
35
28
35
14
21
28
43
71
14
21
18
14
14
10
43
21
32
67
18
28
32
21
32
35
18
14
10
10
3
3
7
3
3
3
10
14
14
7
10
14
60
25
25
7
55
18
32
25
32
32
32
43
32
39
23
25
21
21
43
43
32
28
21
28
21
21
14
18
25
35
39
50
18
43
32
28
21
3
21
18
7
10
14
10
14
14
3
102
21
32
21
3
21
14
21
15
25
35
32
25
28
26
18
18
21
14
10
49
11
112
478
458
210
144
162
316
489
473
589
686
697
656
431
424
405
539
608
455
542
497
797
784
675
727
732
767
719
673
272
306
160
410
345
358
791
708
544
555
608
621
645
684
549
608
634
691
157
281
583
660
805
813
706
834
823
608
578
534
399
431
306
505
619
687
732
940
802
592
239
160
178
43
135
142
78
624
720
349
196
317
304
320
299
142
125
139
175
246
77
61
328
196
185
153
64
135
602
409
263
367
254
139
103
167
344
509
443
479
481
425
476
538
606
517
325
427
287
467
391
398
387
549
486
327
285
378
363
377
345
406
438
151
427
449
677
585
342
157
260
417
224
482
880
727
679
573
588
344
816
759
812
627
510
577
515
633
772
776
659
650
916
969
808
765
732
778
1013
979
837
936
944
1358
1083
900
802
905
791
671
859
1057
1145
1088
1180
650
805
719
789
738
714
851
649
678
779
994
910
990
861
950
946
917
821
688
710
567
990
553
730
787
558
381
526
716
577
732
748
517
823
700
1094
818
707
973
1190
837
901
974
943
880
641
455
516
706
684
572
538
359
499
671
942
791
955
704
416
723
488
750
978
869
741
615
812
444
516
515
703
720
926
930
1018
905
743
937
775
509
548
563
691
622
691
657
966
730
767
911
39
1969
926
630
688
677
690
658
769
794
824
590
706
626
948
595
823
667
1154
902
859
588
780
776
616
34
2244
620
616
534
531
693
1126
783
641
765
1115
734
784
406
417
137
1802
410
331
299
278
385
210
285
296
445
414
331
353
378
257
417
452
948
789
933
723
495
338
641
222
1983
752
535
794
666
499
381
196
306
43
1211
256
121
410
802
651
516
503
933
661
737
435
367
737
573
641
524
595
501
684
612
782
802
748
790
14
150
35
303
114
160
182
183
135
107
96
98
89
75
72
53
25
132
437
489
488
601
916
977
944
958
958
732
949
852
730
278
895
565
687
1102
898
851
895
935
862
1048
996
874
772
852
1079
899
1033
1180
906
1007
1258
767
977
945
1033
731
1066
1329
737
867
1133
889
528
729
1014
936
908
1059
858
858
820
870
752
831
696
494
612
524
468
570
492
798
756
354
463
714
726
670
530
459
227
459
916
846
885
1102
959
1197
44
1167
1480
1343
1061
999
916
634
619
790
869
934
572
704
655
582
560
643
659
452
463
579
682
890
900
989
1070
802
206
467
804
1105
1056
1224
1177
1107
1128
905
1033
817
781
625
619
595
557
579
806
748
999
779
860
946
934
877
675
592
588
445
623
689
784
835
752
538
547
517
541
557
575
497
491
532
575
513
469
570
533
574
608
528
488
506
463
281
534
834
827
907
589
648
711
723
454
606
548
611
823
1003
1058
766
893
735
955
816
848
1088
1162
939
1147
1012
832
996
1052
1050
787
506
375
750
804
1002
798
447
631
646
1077
1009
745
789
717
787
651
881
847
714
891
1100
1052
1089
930
687
531
458
684
717
1044
739
859
1018
857
1335
1131
628
713
1005
1014
1015
927
663
887
663
918
1022
786
595
629
668
690
876
843
958
1149
1090
1024
1136
900
953
684
893
799
698
785
989
895
995
666
848
713
713
734
767
592
794
690
656
644
653
581
545
472
443
555
689
632
709
781
731
651
710
654
759
525
655
503
525
545
483
523
571
552
574
677
636
655
734
549
553
631
623
822
1000
970
738
817
745
542
545
408
314
463
376
360
367
328
481
527
712
543
641
564
545
425
431
328
235
185
128
132
125
128
114
100
182
203
249
196
166
199
175
203
118
79
96
100
100
128
128
149
114
94
100
82
67
82
43
43
25
28
35
35
35
35
39
39
39
39
39
35
32
28
28
15
61
67
89
103
92
75
57
18
46
32
35
39
3
21
21
10
10
10
25
10
10
14
14
18
14
21
10
7
17
18
21
25
3
21
18
10
3
10
25
14
21
10
14
21
25
21
21
25
28
28
32
32
39
35
35
21
35
28
39
35
32
25
43
166
18
21
14
7
28
21
18
18
18
25
18
14
3
14
146
28
21
46
50
32
25
50
25
35
28
39
43
28
14
18
10
10
14
3
21
9
18
28
32
39
53
28
39
35
39
35
7
25
35
18
43
111
13
39
57
67
64
50
53
50
28
43
71
27
67
67
64
78
82
64
82
47
71
21
328
43
53
10
28
7
35
39
7
21
18
32
21
28
32
39
28
14
43
224
25
10
21
25
6
18
21
21
21
14
18
18
10
10
3
14
21
35
28
35
14
21
28
43
71
14
21
18
14
14
10
43
21
32
67
18
28
32
21
32
35
18
14
10
10
3
3
7
3
3
3
10
14
14
7
10
14
60
25
25
7
55
18
32
25
32
32
32
43
32
39
23
25
21
21
43
43
32
28
21
28
21
21
14
18
25
35
39
50
18
43
32
28
21
3
21
18
7
10
14
10
14
14
3
102
21
32
21
3
21
14
21
15
25
35
32
25
28
26
18
18
21
14
10
49
11
112
478
458
210
144
162
316
489
473
589
686
697
656
431
424
405
539
608
455
542
497
797
784
675
727
732
767
719
673
272
306
160
410
345
358
791
708
544
555
608
621
645
684
549
608
634
691
157
281
583
660
805
813
706
834
823
608
578
534
399
431
306
505
619
687
732
940
802
592
239
160
178
43
135
142
78
624
720
349
196
317
304
320
299
142
125
139
175
246
77
61
328
196
185
153
64
135
602
409
263
367
254
139
103
167
344
509
443
479
481
425
476
538
606
517
325
427
287
467
391
398
387
549
486
327
285
378
363
377
345
406
438
151
427
449
677
585
342
157
260
417
224
482
880
727
679
573
588
344
816
759
812
627
510
577
515
633
772
776
659
650
916
969
808
765
732
778
1013
979
837
936
944
1358
1083
900
802
905
791
671
859
1057
1145
1088
1180
650
805
719
789
738
714
851
649
678
779
994
910
990
861
950
946
917
821
688
710
567
990
553
730
787
558
381
526
716
577
732
748
517
823
700
1094
818
707
973
1190
837
901
974
943
880
641
455
516
706
684
572
538
359
499
671
942
791
955
704
416
723
488
750
978
869
741
615
812
444
516
515
703
720
926
930
1018
905
743
937
775
509
548
563
691
622
691
657
966
730
767
911
39
1969
926
630
688
677
690
658
769
794
824
590
706
626
948
595
823
667
1154
902
859
588
780
776
616
34
2244
620
616
534
531
693
1126
783
641
765
1115
734
784
406
417
137
1802
410
331
299
278
385
210
285
296
445
414
331
353
378
257
417
452
948
789
933
723
495
338
641
222
1983
752
535
794
666
499
381
196
306
43
1211
256
121
410
802
651
516
503
933
661
737
435
367
737
573
641
524
595
501
684
612
782
802
748
790
14
