2058
1371
1179
940
1062
1334
1447
1287
1098
938
895
791
894
856
1105
1047
633
1287
973
976
1232
1318
1211
1222
1326
1883
961
717
824
1108
988
879
1024
940
780
968
1242
1729
1785
1429
814
1391
1513
1163
799
922
1259
1361
1432
1191
1344
1240
1126
785
940
1199
1133
1501
1696
1125
1344
1285
1802
1807
1739
1680
1369
1541
1097
1430
1457
1363
1429
829
1042
837
1229
791
710
1100
1130
1506
1154
1168
1178
852
1216
1222
1126
839
636
930
974
1017
1024
999
1211
1029
860
1154
1169
1387
1386
831
690
1381
1151
1397
1118
1024
1384
1069
963
742
591
766
821
685
917
903
905
988
872
928
649
1014
786
649
459
553
560
507
451
783
913
1069
1143
758
492
621
596
441
857
943
1087
1011
661
664
813
667
395
360
396
502
614
560
405
253
324
216
882
524
524
451
469
170
180
307
253
281
307
271
258
342
324
378
251
415
324
162
216
206
378
253
454
831
611
679
524
287
342
180
198
144
89
61
107
235
162
144
107
71
56
107
89
89
144
89
126
180
296
271
235
134
235
180
71
436
162
144
53
771
415
155
107
71
89
89
126
144
185
966
1080
1914
1490
953
971
786
509
533
915
707
758
743
846
839
740
553
857
1007
1110
1495
1285
1640
1876
1875
1638
1336
1790
1959
1576
1486
1510
1496
1377
1382
1179
608
796
1341
1977
1399
1136
1351
1283
522
867
707
903
464
614
890
1663
1083
1472
1055
1295
1154
1480
2187
2069
1853
1704
1377
1972
1747
951
324
441
433
370
396
299
1280
1529
1450
1259
1003
1145
1318
1191
1146
1016
1538
1818
1893
1212
1524
1779
2187
1951
2505
1815
2768
2332
2180
2086
1491
1769
1957
2096
2078
2028
1980
1942
2114
1901
1638
1893
1519
1757
1610
1818
1835
1007
1483
1785
1262
1359
1622
1313
1427
1103
1098
958
780
540
849
644
885
806
1686
1475
1419
1402
1600
2276
1150
667
609
867
403
487
355
342
451
420
324
271
198
88
633
1103
669
920
700
614
291
753
1635
1548
1607
1652
1833
1827
1861
1992
2220
1736
2178
1866
1458
1495
803
867
1737
1703
1676
1600
1420
1191
1422
1404
1628
1483
1323
1179
2223
1630
1771
1927
2069
1704
2342
1903
2502
1059
1546
1387
2178
2048
1683
2438
1706
1757
1571
1680
1782
1919
2283
2088
1951
2000
1881
1586
1904
2193
1741
1519
1911
1838
1701
1657
1805
2600
1757
1121
1586
1972
1194
1225
1366
986
1960
2416
1931
832
1396
874
1113
581
1229
880
1435
955
1533
1110
1633
1409
1298
1506
1396
1538
1460
1321
593
928
922
676
1462
1515
1579
1969
1893
1924
1886
1574
1893
1804
1690
1548
1645
1655
1686
1638
1531
1714
1766
1590
1766
1775
1604
1723
1647
1632
1833
1926
1346
1842
1866
1391
2010
1273
2028
2099
1752
1823
1769
1936
1211
2088
2010
1818
1009
1500
1554
1880
1891
1899
1339
892
1633
363
469
713
839
1017
1055
1128
1188
1326
1444
256
2023
3330
2022
2446
2246
2312
2773
2476
2684
2700
2304
1823
2633
1919
2776
2799
1211
2530
2096
2388
2824
2400
2344
2482
2520
2770
2476
2801
2956
2225
3217
2621
3122
2325
2225
2129
3041
2894
3017
1382
2595
2271
2586
2287
2674
3136
2773
1660
2086
2730
2408
1888
2633
2065
2862
3277
2249
2284
2976
2816
2591
2943
2291
2431
2677
2426
2644
2200
2081
1747
2520
1922
1143
372
1435
1240
1262
1463
1754
1904
1708
1538
1325
1308
1726
2245
1771
2175
2529
2534
2263
2183
2289
2354
1742
2182
2091
1863
1964
2107
1868
1922
1908
216
581
578
801
898
1498
2548
1911
2439
2456
2071
2449
2354
2317
2139
2165
1875
2182
2562
2823
2073
2279
2165
2378
2292
2408
1846
2157
2144
2408
2524
2963
2083
1802
1792
1766
1597
1995
1787
1536
1572
1766
1913
2008
2304
1202
1919
1693
2254
1787
2712
2162
1643
1995
1985
2159
2383
1987
2370
1861
1835
2246
1822
1605
1809
1179
813
654
1470
1855
1477
1148
1660
1083
1422
1037
633
1830
360
913
1480
1627
1876
1838
1718
1911
1458
1835
2677
2904
2519
1121
596
837
965
1192
515
814
1719
2060
2003
1949
1932
2221
2355
2449
2309
1856
1285
2051
2218
2284
2441
1787
1937
1842
1724
1564
1931
2223
1876
2307
2195
1414
920
945
1273
1250
1234
768
808
1032
1363
1179
791
180
766
841
771
1800
1518
1678
1823
1980
1600
1196
958
857
1097
1259
1434
1693
1359
1171
216
770
307
30
1001
505
249
1700
1686
2104
1985
1624
1333
1510
1391
1161
854
524
694
839
657
697
1242
1455
1856
1579
1635
1572
1696
1386
1475
1224
1589
1169
1802
2586
1990
2705
2139
2880
2522
2657
2638
2702
2565
2514
1493
2557
2205
2900
2643
2621
2276
2646
2925
1799
1926
2519
2464
2482
2862
3164
3318
2714
1569
1630
1569
1714
2027
2292
2730
2249
3247
2340
2742
2730
2895
2590
2337
2515
2598
2610
2507
2768
1840
2586
2236
2499
1587
1637
1219
1255
1123
1602
1772
1666
1493
1660
1338
1757
1417
1665
1480
1680
1913
1703
1737
1529
1455
1676
1990
2008
2245
2629
2534
2216
2816
2537
2225
2560
2482
2058
2639
2226
2443
3084
2884
2165
1567
1809
1851
2220
2646
2610
2162
1949
1964
1700
1468
1528
1820
1277
1467
1581
1908
1148
1133
747
557
451
315
271
307
433
760
685
743
552
614
464
505
451
386
451
415
831
315
324
271
633
685
958
289
474
827
976
1115
1130
776
793
1024
1166
1255
1298
1113
1326
1107
1402
1178
877
1282
1315
1131
1047
1325
1014
1047
829
487
586
616
504
756
1049
1698
1401
1320
984
1250
1026
857
641
633
256
360
324
324
451
344
524
266
1406
687
216
786
816
709
819
1229
1090
945
864
1085
851
1012
1168
971
915
730
908
857
1098
1052
829
1044
1369
1318
1736
1627
1557
1406
1130
1434
1366
1481
1790
1536
1381
1754
1384
1453
1410
1833
1726
1486
1491
1468
1642
1701
1990
1188
2899
2210
2861
1260
1772
1196
1833
1769
1095
1277
892
1232
1145
1085
951
1075
1075
1093
1145
1693
2692
1965
2795
2284
1843
1181
920
1615
1401
1394
1503
1323
1807
1632
1572
1939
1690
1477
1718
1782
1562
1374
1472
1716
1774
1663
1486
1544
1169
2025
1881
1947
1188
1389
2306
1913
1886
1965
1888
1465
2081
1842
1306
1627
1901
1668
1809
1648
1701
2200
1569
1310
1439
1283
355
542
629
510
396
205
740
277
415
358
542
309
253
89
89
183
596
370
307
378
401
578
533
649
811
941
958
598
1224
1637
1330
1245
1235
614
694
1022
608
713
758
629
241
542
251
469
1031
1143
1014
1225
1019
1475
1252
1247
1338
1178
747
449
940
1009
505
487
507
433
1475
1488
1683
2299
1559
2020
1630
1277
1733
1956
2195
1660
1766
1757
1163
1569
1637
1301
1107
1837
1612
2283
1934
1718
1645
1150
1361
1744
1782
1637
1047
1196
1254
1515
1648
1688
1982
1632
1136
1805
1832
1581
865
1102
1409
1321
1737
1553
1336
1455
1179
1546
1632
1414
1665
1353
2058
1371
1179
940
1062
1334
1447
1287
1098
938
895
791
894
856
1105
1047
633
1287
973
976
1232
1318
1211
1222
1326
1883
961
717
824
1108
988
879
1024
940
780
968
1242
1729
1785
1429
814
1391
1513
1163
799
922
1259
1361
1432
1191
1344
1240
1126
785
940
1199
1133
1501
1696
1125
1344
1285
1802
1807
1739
1680
1369
1541
1097
1430
1457
1363
1429
829
1042
837
1229
791
710
1100
1130
1506
1154
1168
1178
852
1216
1222
1126
839
636
930
974
1017
1024
999
1211
1029
860
1154
1169
1387
1386
831
690
1381
1151
1397
1118
1024
1384
1069
963
742
591
766
821
685
917
903
905
988
872
928
649
1014
786
649
459
553
560
507
451
783
913
1069
1143
758
492
621
596
441
857
943
1087
1011
661
664
813
667
395
360
396
502
614
560
405
253
324
216
882
524
524
451
469
170
180
307
253
281
307
271
258
342
324
378
251
415
324
162
216
206
378
253
454
831
611
679
524
287
342
180
198
144
89
61
107
235
162
144
107
71
56
107
89
89
144
89
126
180
296
271
235
134
235
180
71
436
162
144
53
771
415
155
107
71
89
89
126
144
185
966
1080
1914
1490
953
971
786
509
533
915
707
758
743
846
839
740
553
857
1007
1110
1495
1285
1640
1876
1875
1638
1336
1790
1959
1576
1486
1510
1496
1377
1382
1179
608
796
1341
1977
1399
1136
1351
1283
522
867
707
903
464
614
890
1663
1083
1472
1055
1295
1154
1480
2187
2069
1853
1704
1377
1972
1747
951
324
441
433
370
396
299
1280
1529
1450
1259
1003
1145
1318
1191
1146
1016
1538
1818
1893
1212
1524
1779
2187
1951
2505
1815
2768
2332
2180
2086
1491
1769
1957
2096
2078
2028
1980
1942
2114
1901
1638
1893
1519
1757
1610
1818
1835
1007
1483
1785
1262
1359
1622
1313
1427
1103
1098
958
780
540
849
644
885
806
1686
1475
1419
1402
1600
2276
1150
667
609
867
403
487
355
342
451
420
324
271
198
88
633
1103
669
920
700
614
291
753
1635
1548
1607
1652
1833
1827
1861
1992
2220
1736
2178
1866
1458
1495
803
867
1737
1703
1676
1600
1420
1191
1422
1404
1628
1483
1323
1179
2223
1630
1771
1927
2069
1704
2342
1903
2502
1059
1546
1387
2178
2048
1683
2438
1706
1757
1571
1680
1782
1919
2283
2088
1951
2000
1881
1586
1904
2193
1741
1519
1911
1838
1701
1657
1805
2600
1757
1121
1586
1972
1194
1225
1366
986
1960
2416
1931
832
1396
874
1113
581
1229
880
1435
955
1533
1110
1633
1409
1298
1506
1396
1538
1460
1321
593
928
922
676
1462
1515
1579
1969
1893
1924
1886
1574
1893
1804
1690
1548
1645
1655
1686
1638
1531
1714
1766
1590
1766
1775
1604
1723
1647
1632
1833
1926
1346
1842
1866
1391
2010
1273
2028
2099
1752
1823
1769
1936
1211
2088
2010
1818
1009
1500
1554
1880
1891
1899
1339
892
1633
363
469
713
839
1017
1055
1128
1188
1326
1444
256
2023
3330
2022
2446
2246
2312
2773
2476
2684
2700
2304
1823
2633
1919
2776
2799
1211
2530
2096
2388
2824
2400
2344
2482
2520
2770
2476
2801
2956
2225
3217
2621
3122
2325
2225
2129
3041
2894
3017
1382
2595
2271
2586
2287
2674
3136
2773
1660
2086
2730
2408
1888
2633
2065
2862
3277
2249
2284
2976
2816
2591
2943
2291
2431
2677
2426
2644
2200
2081
1747
2520
1922
1143
372
1435
1240
1262
1463
1754
1904
1708
1538
1325
1308
1726
2245
1771
2175
2529
2534
2263
2183
2289
2354
1742
2182
2091
1863
1964
2107
1868
1922
1908
216
581
578
801
898
1498
2548
1911
2439
2456
2071
2449
2354
2317
2139
2165
1875
2182
2562
2823
2073
2279
2165
2378
2292
2408
1846
2157
2144
2408
2524
2963
2083
1802
1792
1766
1597
1995
1787
1536
1572
1766
1913
2008
2304
1202
1919
1693
2254
1787
2712
2162
1643
1995
1985
2159
2383
1987
2370
1861
1835
2246
1822
1605
1809
1179
813
654
1470
1855
1477
1148
1660
1083
1422
1037
633
1830
360
913
1480
1627
1876
1838
1718
1911
1458
1835
2677
2904
2519
1121
596
837
965
1192
515
814
1719
2060
2003
1949
1932
2221
2355
2449
2309
1856
1285
2051
2218
2284
2441
1787
1937
1842
1724
1564
1931
2223
1876
2307
2195
1414
920
945
1273
1250
1234
768
808
1032
1363
1179
791
180
766
841
771
1800
1518
1678
1823
1980
1600
1196
958
857
1097
1259
1434
1693
1359
1171
216
770
307
30
1001
505
249
1700
1686
2104
1985
1624
1333
1510
1391
1161
854
524
694
839
657
697
1242
1455
1856
1579
1635
1572
1696
1386
1475
1224
1589
1169
1802
2586
1990
2705
2139
2880
2522
2657
2638
2702
2565
2514
1493
2557
2205
2900
2643
2621
2276
2646
2925
1799
1926
2519
2464
2482
2862
3164
3318
2714
1569
1630
1569
1714
2027
2292
2730
2249
3247
2340
2742
2730
2895
2590
2337
2515
2598
2610
2507
2768
1840
2586
2236
2499
1587
1637
1219
1255
1123
1602
1772
1666
1493
1660
1338
1757
1417
1665
1480
1680
1913
1703
1737
1529
1455
1676
1990
2008
2245
2629
2534
2216
2816
2537
2225
2560
2482
2058
2639
2226
2443
3084
2884
2165
1567
1809
1851
2220
2646
2610
2162
1949
1964
1700
1468
1528
1820
1277
1467
1581
1908
1148
1133
747
557
451
315
271
307
433
760
685
743
552
614
464
505
451
386
451
415
831
315
324
271
633
685
958
289
474
827
976
1115
1130
776
793
1024
1166
1255
1298
1113
1326
1107
1402
1178
877
1282
1315
1131
1047
1325
1014
1047
829
487
586
616
504
756
1049
1698
1401
1320
984
1250
1026
857
641
633
256
360
324
324
451
344
524
266
1406
687
216
786
816
709
819
1229
1090
945
864
1085
851
1012
1168
971
915
730
908
857
1098
1052
829
1044
1369
1318
1736
1627
1557
1406
1130
1434
1366
1481
1790
1536
1381
1754
1384
1453
1410
1833
1726
1486
1491
1468
1642
1701
1990
1188
2899
2210
2861
1260
1772
1196
1833
1769
1095
1277
892
1232
1145
1085
951
1075
1075
1093
1145
1693
2692
1965
2795
2284
1843
1181
920
1615
1401
1394
1503
1323
1807
1632
1572
1939
1690
1477
1718
1782
1562
1374
1472
1716
1774
1663
1486
1544
1169
2025
1881
1947
1188
1389
2306
1913
1886
1965
1888
1465
2081
1842
1306
1627
1901
1668
1809
1648
1701
2200
1569
1310
1439
1283
355
542
629
510
396
205
740
277
415
358
542
309
253
89
89
183
596
370
307
378
401
578
533
649
811
941
958
598
1224
1637
1330
1245
1235
614
694
1022
608
713
758
629
241
542
251
469
1031
1143
1014
1225
1019
1475
1252
1247
1338
1178
747
449
940
1009
505
487
507
433
1475
1488
1683
2299
1559
2020
1630
1277
1733
1956
2195
1660
1766
1757
1163
1569
1637
1301
1107
1837
1612
2283
1934
1718
1645
1150
1361
1744
1782
1637
1047
1196
1254
1515
1648
1688
1982
1632
1136
1805
1832
1581
865
1102
1409
1321
1737
1553
1336
1455
1179
1546
1632
1414
1665
1353
2058
1371
1179
940
1062
1334
1447
1287
1098
938
895
791
894
856
1105
1047
633
1287
973
976
1232
1318
1211
1222
1326
1883
961
717
824
1108
988
879
1024
940
780
968
1242
1729
1785
1429
814
1391
1513
1163
799
922
1259
1361
1432
1191
1344
1240
1126
785
940
1199
1133
1501
1696
1125
1344
1285
1802
1807
1739
1680
1369
1541
1097
1430
1457
1363
1429
829
1042
837
1229
791
710
1100
1130
1506
1154
1168
1178
852
1216
1222
1126
839
636
930
974
1017
1024
999
1211
1029
860
1154
1169
1387
1386
831
690
1381
1151
1397
1118
1024
1384
1069
963
742
591
766
821
685
917
903
905
988
872
928
649
1014
786
649
459
553
560
507
451
783
913
1069
1143
758
492
621
596
441
857
943
1087
1011
661
664
813
667
395
360
396
502
614
560
405
253
324
216
882
524
524
451
469
170
180
307
253
281
307
271
258
342
324
378
251
415
324
162
216
206
378
253
454
831
611
679
524
287
342
180
198
144
89
61
107
235
162
144
107
71
56
107
89
89
144
89
126
180
296
271
235
134
235
180
71
436
162
144
53
771
415
155
107
71
89
89
126
144
185
966
1080
1914
1490
953
971
786
509
533
915
707
758
743
846
839
740
553
857
1007
1110
1495
1285
1640
1876
1875
1638
1336
1790
1959
1576
1486
1510
1496
1377
1382
1179
608
796
1341
1977
1399
1136
1351
1283
522
867
707
903
464
614
890
1663
1083
1472
1055
1295
1154
1480
2187
2069
1853
1704
1377
1972
1747
951
324
441
433
370
396
299
1280
1529
1450
1259
1003
1145
1318
1191
1146
1016
1538
1818
1893
1212
1524
1779
2187
1951
2505
1815
2768
2332
2180
2086
1491
1769
1957
2096
2078
2028
1980
1942
2114
1901
1638
1893
1519
1757
1610
1818
1835
1007
1483
1785
1262
1359
1622
1313
1427
1103
1098
958
780
540
849
644
885
806
1686
1475
1419
1402
1600
2276
1150
667
609
867
403
487
355
342
451
420
324
271
198
88
633
1103
669
920
700
614
291
753
1635
1548
1607
1652
1833
1827
1861
1992
2220
1736
2178
1866
1458
1495
803
867
1737
1703
1676
1600
1420
1191
1422
1404
1628
1483
1323
1179
2223
1630
1771
1927
2069
1704
2342
1903
2502
1059
1546
1387
2178
2048
1683
2438
1706
1757
1571
1680
1782
1919
2283
2088
1951
2000
1881
1586
1904
2193
1741
1519
1911
1838
1701
1657
1805
2600
1757
1121
1586
1972
1194
1225
1366
986
1960
2416
1931
832
1396
874
1113
581
1229
880
1435
955
1533
1110
1633
1409
1298
1506
1396
1538
1460
1321
593
928
922
676
1462
1515
1579
1969
1893
1924
1886
1574
1893
1804
1690
1548
1645
1655
1686
1638
1531
1714
1766
1590
1766
1775
1604
1723
1647
1632
1833
1926
1346
1842
1866
1391
2010
1273
2028
2099
1752
1823
1769
1936
1211
2088
2010
1818
1009
1500
1554
1880
1891
1899
1339
892
1633
363
469
713
839
1017
1055
1128
1188
1326
1444
256
