16
1695
3081
2614
383
557
969
1095
1765
1621
2348
2104
2092
2410
2507
2595
1804
1366
1470
1294
717
443
788
399
383
455
840
984
788
640
519
969
1484
951
345
269
250
172
626
673
1230
1621
1171
981
682
668
904
1092
867
863
798
573
1065
870
555
752
749
835
751
422
422
737
1158
1071
436
805
1355
1587
1450
1378
1364
1438
1162
1250
1211
1288
1434
1143
577
265
1306
1761
1329
1364
1645
1394
896
1477
1920
1492
2145
1884
942
1529
2085
1649
1756
1770
2122
1886
2250
2758
2262
1397
1343
1262
1883
1976
1475
1002
738
1383
1167
1100
795
1849
2171
1814
1898
1914
1463
1396
2227
1672
1920
1665
1920
1243
1230
1448
1528
1023
1106
998
788
1253
1427
1366
1468
974
1471
1491
1519
1786
1788
1586
1121
679
538
1501
1647
1651
1731
1731
2007
1934
1404
1545
1160
1448
1060
779
1494
1710
1529
1016
1185
807
504
596
974
1222
1317
1397
1132
1434
1596
1619
1747
1570
1610
1610
1524
939
1536
1552
1608
1545
1563
1093
1765
1723
1533
1788
1867
1978
1958
2116
2064
2023
1858
1550
1039
664
963
923
731
1048
798
622
872
471
1512
1368
1195
691
510
1424
1995
1907
1545
2043
2544
1948
2530
1876
2023
1851
1452
1383
1856
1767
1573
1928
2730
2043
1856
1847
1890
1756
1816
2095
1491
1605
1290
1378
1121
701
1946
1860
1735
1753
1580
1243
1594
1934
1730
1257
615
230
167
1710
2095
1949
1651
2405
2426
1928
1570
1566
1521
1151
1032
902
889
1130
1751
1255
1550
1788
1301
2122
1724
2050
1869
1814
1724
1392
1116
564
652
877
673
37
1035
965
958
914
2225
2380
2413
2283
2575
2475
2071
3009
2238
1642
1318
95
153
1116
835
1071
765
1378
1911
2292
2570
2728
2217
2863
2373
2118
1953
2303
2085
2366
2044
2241
2428
2278
1934
2048
1259
582
383
1338
2129
2413
2542
1962
1596
1468
1471
1188
953
881
986
1034
990
1086
691
494
570
710
921
981
657
654
223
2076
2297
1997
1905
1927
1397
1622
2009
2106
1009
1397
1563
1404
925
735
861
422
422
359
1020
814
548
680
729
508
487
480
315
403
396
596
403
403
322
422
311
466
192
192
211
141
519
323
230
153
134
76
153
123
134
56
56
499
125
403
308
257
383
327
183
211
37
635
114
134
206
768
519
374
557
533
615
323
250
269
172
221
288
364
267
499
396
877
1297
1055
946
1086
865
459
649
1130
1269
596
369
403
258
364
406
761
947
1150
1106
2090
1686
1354
1644
1863
2607
2704
2779
2134
2007
1812
1554
1879
1547
2011
1772
2085
2624
2767
2373
2573
2262
2020
2171
2106
1960
1702
1823
1927
1891
2007
1788
2723
2301
1971
2234
2623
2614
2239
2484
2285
2368
2199
1976
2457
2036
1557
1749
1985
1965
1668
1707
1737
1818
2013
1802
2359
2007
2275
1434
2336
1508
1811
2134
2201
2521
2366
2501
2336
2855
2572
2269
958
580
499
677
1830
2355
2275
2046
2152
1798
1839
2011
1862
2004
2252
2217
1401
1935
1716
1796
2440
2688
2051
2043
1920
1695
1789
1296
2071
1788
1809
1049
807
633
438
364
345
603
1202
1821
1942
1448
2148
1772
1396
1487
2083
2232
2132
1422
1937
1478
1877
1691
1832
795
995
765
1283
1322
1466
1211
912
710
172
499
765
967
1705
1965
1913
1986
1890
2547
2528
2102
1593
1600
1693
1858
1596
2343
1673
2083
1628
1308
1763
1649
1475
1672
1547
1480
1738
1825
1443
953
1238
1132
782
1041
1587
1549
1030
1183
1062
1346
726
765
364
577
577
413
1002
1255
1680
1661
1828
1598
1542
2065
1963
1879
1867
1874
1884
1904
2174
1865
2199
2160
2153
2370
2317
1614
2285
2218
2329
2218
2519
2663
1767
2528
2292
1802
2276
2317
2482
2688
2450
2218
2403
2004
2433
2201
2428
2310
2377
2327
2227
1786
2475
2422
1672
2029
1143
2067
2064
1913
1457
1816
1784
1352
1807
1280
1782
1538
1434
1703
1828
1932
1999
2004
2354
2259
2245
2421
1570
2352
2461
2275
1770
2201
2285
2145
2327
2097
1891
1751
1985
2160
1579
1927
1753
1879
1614
1327
1461
1900
1869
1765
1654
1688
2246
1997
1137
2055
2204
2030
2190
1823
1793
1197
1758
1789
1526
1673
2058
1967
2406
2106
1942
2384
2155
1807
1733
2159
2197
2111
2303
2127
2078
2350
1932
1886
2159
2403
2051
1753
2152
2312
3132
2108
2250
2301
1793
2081
1934
1904
2067
2055
2178
2106
1928
1645
1624
1898
2471
1614
1807
1791
1927
2148
1840
1775
1396
1448
2178
2118
1266
1997
1441
504
1366
1394
1234
1368
940
677
726
940
1056
492
1401
835
717
1099
1404
538
846
424
364
441
596
366
962
522
1250
923
596
397
499
441
360
749
262
557
485
884
619
571
635
635
455
601
768
415
480
557
243
577
417
422
441
251
461
480
279
461
288
267
710
323
422
302
461
308
172
250
918
1093
1118
1232
1341
1767
2148
1167
1459
1179
1346
1120
909
949
986
1046
452
501
364
230
1448
438
95
172
979
673
925
1146
1025
102
1758
1255
631
744
942
737
654
724
371
461
441
534
998
1383
1032
969
654
513
830
1155
856
758
538
441
424
1364
1324
1116
1211
956
833
824
1199
849
624
497
710
766
937
592
503
499
367
461
325
538
485
538
320
519
429
480
403
278
211
250
192
311
856
364
192
403
209
422
345
295
308
668
499
986
654
306
1550
1345
1436
737
364
875
250
250
345
631
1542
1559
1557
775
759
1162
870
904
766
603
773
673
418
729
663
527
786
1034
1673
1322
1629
1905
1693
2014
1930
2076
2160
2160
2257
2016
856
1499
2032
2375
1900
2097
2447
2644
1826
1665
1682
1881
1784
1897
1971
2370
2081
1106
1144
958
1262
1004
1018
1078
1067
1494
1717
1048
1283
909
1190
1380
1097
1035
1538
1450
1107
768
872
1109
1199
1027
1253
1290
1292
1318
1034
1427
1529
1563
1283
1600
1426
1686
1747
1380
1844
1753
1802
1986
1513
1573
1796
2011
2055
2290
2338
2166
1371
1324
1619
1865
1916
1594
2027
2262
2057
1519
1631
2115
2014
1944
1935
1784
1579
1399
1426
2294
1846
2122
1487
1870
1983
1983
2085
2621
1617
1796
2255
1891
1981
2076
2391
2030
1605
1573
677
2043
1666
1840
1847
1582
1753
2021
1522
1647
1617
1264
824
729
577
1273
1825
1833
2099
1496
2021
2032
1531
2468
1512
1571
1575
1969
2396
1911
2252
2002
2021
2092
2113
1951
1144
1886
2181
1582
2157
1561
2178
2246
2116
2280
1949
2220
2065
2310
2312
2051
1837
16
1695
3081
2614
383
557
969
1095
1765
1621
2348
2104
2092
2410
2507
2595
1804
1366
1470
1294
717
443
788
399
383
455
840
984
788
640
519
969
1484
951
345
269
250
172
626
673
1230
1621
1171
981
682
668
904
1092
867
863
798
573
1065
870
555
752
749
835
751
422
422
737
1158
1071
436
805
1355
1587
1450
1378
1364
1438
1162
1250
1211
1288
1434
1143
577
265
1306
1761
1329
1364
1645
1394
896
1477
1920
1492
2145
1884
942
1529
2085
1649
1756
1770
2122
1886
2250
2758
2262
1397
1343
1262
1883
1976
1475
1002
738
1383
1167
1100
795
1849
2171
1814
1898
1914
1463
1396
2227
1672
1920
1665
1920
1243
1230
1448
1528
1023
1106
998
788
1253
1427
1366
1468
974
1471
1491
1519
1786
1788
1586
1121
679
538
1501
1647
1651
1731
1731
2007
1934
1404
1545
1160
1448
1060
779
1494
1710
1529
1016
1185
807
504
596
974
1222
1317
1397
1132
1434
1596
1619
1747
1570
1610
1610
1524
939
1536
1552
1608
1545
1563
1093
1765
1723
1533
1788
1867
1978
1958
2116
2064
2023
1858
1550
1039
664
963
923
731
1048
798
622
872
471
1512
1368
1195
691
510
1424
1995
1907
1545
2043
2544
1948
2530
1876
2023
1851
1452
1383
1856
1767
1573
1928
2730
2043
1856
1847
1890
1756
1816
2095
1491
1605
1290
1378
1121
701
1946
1860
1735
1753
1580
1243
1594
1934
1730
1257
615
230
167
1710
2095
1949
1651
2405
2426
1928
1570
1566
1521
1151
1032
902
889
1130
1751
1255
1550
1788
1301
2122
1724
2050
1869
1814
1724
1392
1116
564
652
877
673
37
1035
965
958
914
2225
2380
2413
2283
2575
2475
2071
3009
2238
1642
1318
95
153
1116
835
1071
765
1378
1911
2292
2570
2728
2217
2863
2373
2118
1953
2303
2085
2366
2044
2241
2428
2278
1934
2048
1259
582
383
1338
2129
2413
2542
1962
1596
1468
1471
1188
953
881
986
1034
990
1086
691
494
570
710
921
981
657
654
223
2076
2297
1997
1905
1927
1397
1622
2009
2106
1009
1397
1563
1404
925
735
861
422
422
359
1020
814
548
680
729
508
487
480
315
403
396
596
403
403
322
422
311
466
192
192
211
141
519
323
230
153
134
76
153
123
134
56
56
499
125
403
308
257
383
327
183
211
37
635
114
134
206
768
519
374
557
533
615
323
250
269
172
221
288
364
267
499
396
877
1297
1055
946
1086
865
459
649
1130
1269
596
369
403
258
364
406
761
947
1150
1106
2090
1686
1354
1644
1863
2607
2704
2779
2134
2007
1812
1554
1879
1547
2011
1772
2085
2624
2767
2373
2573
2262
2020
2171
2106
1960
1702
1823
1927
1891
2007
1788
2723
2301
1971
2234
2623
2614
2239
2484
2285
2368
2199
1976
2457
2036
1557
1749
1985
1965
1668
1707
1737
1818
2013
1802
2359
2007
2275
1434
2336
1508
1811
2134
2201
2521
2366
2501
2336
2855
2572
2269
958
580
499
677
1830
2355
2275
2046
2152
1798
1839
2011
1862
2004
2252
2217
1401
1935
1716
1796
2440
2688
2051
2043
1920
1695
1789
1296
2071
1788
1809
1049
807
633
438
364
345
603
1202
1821
1942
1448
2148
1772
1396
1487
2083
2232
2132
1422
1937
1478
1877
1691
1832
795
995
765
1283
1322
1466
1211
912
710
172
499
765
967
1705
1965
1913
1986
1890
2547
2528
2102
1593
1600
1693
1858
1596
2343
1673
2083
1628
1308
1763
1649
1475
1672
1547
1480
1738
1825
1443
953
1238
1132
782
1041
1587
1549
1030
1183
1062
1346
726
765
364
577
577
413
1002
1255
1680
1661
1828
1598
1542
2065
1963
1879
1867
1874
1884
1904
2174
1865
2199
2160
2153
2370
2317
1614
2285
2218
2329
2218
2519
2663
1767
2528
2292
1802
2276
2317
2482
2688
2450
2218
2403
2004
2433
2201
2428
2310
2377
2327
2227
1786
2475
2422
1672
2029
1143
2067
2064
1913
1457
1816
1784
1352
1807
1280
1782
1538
1434
1703
1828
1932
1999
2004
2354
2259
2245
2421
1570
2352
2461
2275
1770
2201
2285
2145
2327
2097
1891
1751
1985
2160
1579
1927
1753
1879
1614
1327
1461
1900
1869
1765
1654
1688
2246
1997
1137
2055
2204
2030
2190
1823
1793
1197
1758
1789
1526
1673
2058
1967
2406
2106
1942
2384
2155
1807
1733
2159
2197
2111
2303
2127
2078
2350
1932
1886
2159
2403
2051
1753
2152
2312
3132
2108
2250
2301
1793
2081
1934
1904
2067
2055
2178
2106
1928
1645
1624
1898
2471
1614
1807
1791
1927
2148
1840
1775
1396
1448
2178
2118
1266
1997
1441
504
1366
1394
1234
1368
940
677
726
940
1056
492
1401
835
717
1099
1404
538
846
424
364
441
596
366
962
522
1250
923
596
397
499
441
360
749
262
557
485
884
619
571
635
635
455
601
768
415
480
557
243
577
417
422
441
251
461
480
279
461
288
267
710
323
422
302
461
308
172
250
918
1093
1118
1232
1341
1767
2148
1167
1459
1179
1346
1120
909
949
986
1046
452
501
364
230
1448
438
95
172
979
673
925
1146
1025
102
1758
1255
631
744
942
737
654
724
371
461
441
534
998
1383
1032
969
654
513
830
1155
856
758
538
441
424
1364
1324
1116
1211
956
833
824
1199
849
624
497
710
766
937
592
503
499
367
461
325
538
485
538
320
519
429
480
403
278
211
250
192
311
856
364
192
403
209
422
345
295
308
668
499
986
654
306
1550
1345
1436
737
364
875
250
250
345
631
1542
1559
1557
775
759
1162
870
904
766
603
773
673
418
729
663
527
786
1034
1673
1322
1629
1905
1693
2014
1930
2076
2160
2160
2257
2016
856
1499
2032
2375
1900
2097
2447
2644
1826
1665
1682
1881
1784
1897
1971
2370
2081
1106
1144
958
1262
1004
1018
1078
1067
1494
1717
1048
1283
909
1190
1380
1097
1035
1538
1450
1107
768
872
1109
1199
1027
1253
1290
1292
1318
1034
1427
1529
1563
1283
1600
1426
1686
1747
1380
1844
1753
1802
1986
1513
1573
1796
2011
2055
2290
2338
2166
1371
1324
1619
1865
1916
1594
2027
2262
2057
1519
1631
2115
2014
1944
1935
1784
1579
1399
1426
2294
1846
2122
1487
1870
1983
1983
2085
2621
1617
1796
2255
1891
1981
2076
2391
2030
1605
1573
677
2043
1666
1840
1847
1582
1753
2021
1522
1647
1617
1264
824
729
577
1273
1825
1833
2099
1496
2021
2032
1531
2468
1512
1571
1575
1969
2396
1911
2252
2002
2021
2092
2113
1951
1144
1886
2181
1582
2157
1561
2178
2246
2116
2280
1949
2220
2065
2310
2312
2051
1837
16
1695
3081
2614
383
557
969
1095
1765
1621
2348
2104
2092
2410
2507
2595
1804
1366
1470
1294
717
443
788
399
383
455
840
984
788
640
519
969
1484
951
345
269
250
172
626
673
1230
1621
1171
981
682
668
904
1092
867
863
798
573
1065
870
555
752
749
835
751
422
422
737
1158
1071
436
805
1355
1587
1450
1378
1364
1438
1162
1250
1211
1288
1434
1143
577
265
1306
1761
1329
1364
1645
1394
896
1477
1920
1492
2145
1884
942
1529
2085
1649
1756
1770
2122
1886
2250
2758
2262
1397
1343
1262
1883
1976
1475
1002
738
1383
1167
1100
795
1849
2171
1814
1898
1914
1463
1396
2227
1672
1920
1665
1920
1243
1230
1448
1528
1023
1106
998
788
1253
1427
1366
1468
974
1471
1491
1519
1786
1788
1586
1121
679
538
1501
1647
1651
1731
1731
2007
1934
1404
1545
1160
1448
1060
779
1494
1710
1529
1016
1185
807
504
596
974
1222
1317
1397
1132
1434
1596
1619
1747
1570
1610
1610
1524
939
1536
1552
1608
1545
1563
1093
1765
1723
1533
1788
1867
1978
1958
2116
2064
2023
1858
1550
1039
664
963
923
731
1048
798
622
872
471
1512
1368
1195
691
510
1424
1995
1907
1545
2043
2544
1948
2530
1876
2023
1851
1452
1383
1856
1767
1573
1928
2730
2043
1856
1847
1890
1756
1816
2095
1491
1605
1290
1378
1121
701
1946
1860
1735
1753
1580
1243
1594
1934
1730
1257
615
230
167
1710
2095
1949
1651
2405
2426
1928
1570
1566
1521
1151
1032
902
889
1130
1751
1255
1550
1788
1301
2122
1724
2050
1869
1814
1724
1392
1116
564
652
877
673
37
1035
965
958
914
2225
2380
2413
2283
2575
2475
2071
3009
2238
1642
1318
95
153
1116
835
1071
765
1378
1911
2292
2570
2728
2217
2863
2373
2118
1953
2303
2085
2366
2044
2241
2428
2278
1934
2048
1259
582
383
1338
2129
2413
2542
1962
1596
1468
1471
1188
953
881
986
1034
990
1086
691
494
570
710
921
981
657
654
223
2076
2297
1997
1905
1927
1397
1622
2009
2106
1009
1397
1563
1404
925
735
861
422
422
359
1020
814
548
680
729
508
487
480
315
403
396
596
403
403
322
422
311
466
192
192
211
141
519
323
230
153
134
76
153
123
134
56
56
499
125
403
308
257
383
327
183
211
37
635
114
134
206
768
519
374
557
533
615
323
250
269
172
221
288
364
267
499
396
877
1297
1055
946
1086
865
459
649
1130
1269
596
369
403
258
364
406
761
947
1150
1106
2090
1686
1354
1644
1863
2607
2704
2779
2134
2007
1812
1554
1879
1547
2011
1772
2085
2624
2767
2373
2573
2262
2020
2171
2106
1960
1702
1823
1927
1891
2007
1788
2723
2301
1971
2234
2623
2614
2239
2484
2285
2368
2199
1976
2457
2036
1557
1749
1985
1965
1668
1707
1737
1818
2013
1802
2359
2007
2275
1434
2336
1508
1811
2134
2201
2521
2366
2501
2336
2855
2572
2269
958
580
499
677
1830
2355
2275
2046
2152
1798
1839
2011
1862
2004
2252
2217
1401
1935
1716
1796
2440
2688
2051
2043
1920
1695
1789
1296
2071
1788
1809
1049
807
633
438
364
345
603
1202
1821
1942
1448
2148
1772
1396
1487
2083
2232
2132
1422
1937
1478
1877
1691
1832
795
995
765
1283
1322
1466
1211
912
710
172
499
765
967
1705
1965
1913
1986
1890
2547
2528
2102
1593
1600
1693
1858
1596
2343
1673
2083
1628
1308
1763
1649
1475
1672
1547
1480
1738
1825
1443
953
1238
1132
782
1041
1587
1549
1030
1183
1062
1346
726
765
364
577
577
413
1002
1255
1680
1661
1828
1598
1542
2065
1963
1879
1867
1874
1884
1904
2174
1865
2199
2160
2153
2370
2317
1614
2285
2218
2329
2218
2519
2663
1767
2528
2292
1802
2276
2317
2482
2688
2450
2218
2403
2004
2433
2201
2428
2310
2377
2327
2227
1786
2475
2422
1672
2029
1143
2067
2064
1913
1457
1816
1784
1352
1807
1280
1782
1538
1434
1703
1828
1932
1999
2004
2354
2259
2245
2421
1570
2352
2461
2275
1770
2201
2285
2145
2327
2097
1891
1751
1985
2160
1579
1927
1753
1879
1614
1327
1461
1900
1869
1765
1654
1688
2246
1997
1137
2055
2204
2030
2190
1823
1793
1197
1758
1789
1526
1673
2058
1967
2406
2106
1942
2384
2155
1807
1733
2159
2197
2111
2303
2127
2078
2350
1932
1886
2159
2403
2051
1753
2152
2312
3132
2108
2250
2301
1793
2081
1934
1904
2067
2055
2178
2106
1928
1645
1624
1898
2471
1614
1807
1791
1927
2148
1840
1775
1396
1448
2178
2118
1266
1997
1441
504
1366
1394
1234
1368
940
677
726
940
1056
492
1401
835
717
1099
1404
538
846
424
364
441
596
366
962
522
1250
923
596
397
499
441
360
749
262
557
485
884
619
571
635
635
455
601
768
415
480
557
243
577
417
422
441
251
461
480
279
461
288
267
710
323
422
302
461
308
172
250
918
1093
1118
1232
1341
1767
2148
1167
1459
1179
1346
1120
909
949
986
1046
452
501
364
230
1448
438
95
172
979
673
925
1146
1025
102
1758
1255
631
744
942
737
654
724
371
461
441
534
998
1383
1032
969
654
513
830
1155
856
758
538
441
424
1364
1324
1116
1211
956
833
824
1199
849
624
497
710
766
937
592
503
499
367
461
325
538
485
538
320
519
429
480
403
278
211
250
192
311
856
364
192
403
209
422
345
295
308
668
499
986
654
306
1550
1345
1436
737
364
875
250
250
345
631
1542
1559
1557
775
759
1162
870
904
766
603
773
673
418
729
663
527
786
1034
1673
1322
1629
1905
1693
2014
1930
2076
2160
2160
2257
2016
856
1499
2032
2375
1900
2097
2447
2644
1826
1665
1682
1881
1784
1897
1971
2370
2081
1106
1144
958
1262
1004
1018
1078
1067
1494
1717
1048
1283
909
1190
1380
1097
1035
1538
1450
1107
768
872
1109
1199
1027
1253
1290
1292
1318
1034
1427
1529
1563
1283
1600
1426
1686
1747
1380
1844
1753
1802
1986
1513
1573
1796
2011
2055
2290
2338
2166
1371
1324
1619
1865
1916
1594
2027
2262
2057
1519
1631
2115
2014
1944
1935
1784
1579
1399
1426
2294
1846
2122
1487
1870
1983
1983
2085
2621
1617
1796
2255
1891
1981
2076
2391
2030
1605
1573
677
2043
1666
1840
1847
1582
1753
2021
1522
1647
1617
1264
824
729
577
1273
1825
1833
2099
1496
2021
2032
1531
2468
1512
1571
1575
1969
2396
1911
2252
2002
2021
2092
2113
1951
1144
1886
2181
1582
2157
1561
2178
2246
2116
2280
1949
2220
2065
2310
2312
2051
1837
