403
262
392
410
379
295
367
381
357
388
350
315
292
331
360
263
321
292
313
269
221
243
317
311
294
276
281
374
333
190
342
367
338
365
304
299
200
293
298
254
279
343
328
401
351
324
397
359
301
289
360
366
352
384
354
346
392
322
314
360
400
342
292
359
385
522
351
375
383
299
347
322
317
345
342
363
351
321
274
271
316
412
269
301
299
321
358
307
296
233
241
363
353
211
333
240
84
228
232
206
228
157
113
121
157
176
82
233
139
120
183
234
90
141
71
61
74
99
61
160
87
208
154
99
66
83
74
60
125
44
93
81
147
103
95
106
106
76
100
128
69
80
93
40
96
69
70
74
42
77
80
47
77
48
45
118
54
70
50
77
51
29
42
153
182
186
205
224
294
358
195
243
197
224
187
151
158
164
174
75
83
61
38
241
73
16
29
163
112
154
191
171
17
293
209
105
124
157
123
109
121
62
77
74
89
166
231
172
161
109
86
138
192
143
126
90
74
71
227
221
186
202
159
139
137
200
142
104
83
118
128
156
99
84
83
61
77
54
90
81
90
53
86
71
80
67
46
35
42
32
52
143
61
32
67
35
70
57
49
51
111
83
164
109
51
258
224
239
123
61
146
42
42
57
105
257
260
260
129
127
194
145
151
128
100
129
112
70
122
110
88
131
172
279
220
272
318
282
336
322
346
360
360
376
336
143
250
339
396
317
350
408
441
304
277
280
313
297
316
328
395
347
184
191
160
210
167
170
180
178
249
286
175
214
151
198
230
183
173
256
242
185
128
145
185
200
171
209
215
215
220
172
238
255
260
214
267
238
281
291
230
307
292
300
331
252
262
299
335
342
382
390
361
229
221
270
311
319
266
338
377
343
253
272
352
336
324
323
297
263
233
238
382
308
354
248
312
330
330
347
437
270
299
376
315
330
346
398
338
267
262
113
340
278
307
308
264
292
337
254
275
270
211
137
122
96
212
304
306
350
249
337
339
255
411
252
262
263
328
399
318
375
334
337
349
352
325
191
314
364
264
359
260
363
374
353
380
325
370
344
385
385
342
306
3
282
514
436
64
93
161
183
294
270
391
351
349
402
418
432
301
228
245
216
120
74
131
67
64
76
140
164
131
107
86
161
247
158
57
45
42
29
104
112
205
270
195
163
114
111
151
182
144
144
133
96
178
145
93
125
125
139
125
70
70
123
193
178
73
134
226
265
242
230
227
240
194
208
202
215
239
190
96
44
218
294
221
227
274
232
149
246
320
249
357
314
157
255
347
275
293
295
354
314
375
460
377
233
224
210
314
329
246
167
123
231
195
183
132
308
362
302
316
319
244
233
371
279
320
277
320
207
205
241
255
171
184
166
131
209
238
228
245
162
245
248
253
298
298
264
187
113
90
250
275
275
289
289
335
322
234
258
193
241
177
130
249
285
255
169
197
134
84
99
162
204
219
233
189
239
266
270
291
262
268
268
254
156
256
259
268
258
260
182
294
287
255
298
311
330
326
353
344
337
310
258
173
111
161
154
122
175
133
104
145
79
252
228
199
115
85
237
333
318
258
340
424
325
422
313
337
308
242
231
309
294
262
321
455
340
309
308
315
293
303
349
248
267
215
230
187
117
324
310
289
292
263
207
266
322
288
209
103
38
28
285
349
325
275
401
404
321
262
261
253
192
172
150
148
188
292
209
258
298
217
354
287
342
311
302
287
232
186
94
109
146
112
6
173
161
160
152
371
397
402
381
429
413
345
502
373
274
220
16
25
186
139
178
127
230
318
382
428
455
369
477
396
353
325
384
347
394
341
374
405
380
322
341
210
97
64
223
355
402
424
327
266
245
245
198
159
147
164
172
165
181
115
82
95
118
154
163
110
109
37
346
383
333
318
321
233
270
335
351
168
233
260
234
154
122
144
70
70
60
170
136
91
113
122
85
81
80
52
67
66
99
67
67
54
70
52
78
32
32
35
23
86
54
38
25
22
13
25
21
22
9
9
83
21
67
51
43
64
54
30
35
6
106
19
22
34
128
86
62
93
89
103
54
42
45
29
37
48
61
45
83
66
146
216
176
158
181
144
76
108
188
212
99
62
67
43
61
68
127
158
192
184
348
281
226
274
311
434
451
463
356
335
302
259
313
258
335
295
347
437
461
396
429
377
337
362
351
327
284
304
321
315
335
298
454
383
328
372
437
436
373
414
381
395
367
329
410
339
260
292
331
328
278
284
289
303
335
300
393
335
379
239
389
251
302
356
367
420
394
417
389
476
429
378
160
97
83
113
305
393
379
341
359
300
306
335
310
334
375
369
233
323
286
299
407
448
342
340
320
282
298
216
345
298
301
175
134
105
73
61
57
100
200
304
324
241
358
295
233
248
347
372
355
237
323
246
313
282
305
132
166
127
214
220
244
202
152
118
29
83
127
161
284
328
319
331
315
425
421
350
265
267
282
310
266
391
279
347
271
218
294
275
246
279
258
247
290
304
241
159
206
189
130
173
265
258
172
197
177
224
121
127
61
96
96
69
167
209
280
277
305
266
257
344
327
313
311
312
314
317
362
311
367
360
359
395
386
269
381
370
388
370
420
444
294
421
382
300
379
386
414
448
408
370
400
334
405
367
405
385
396
388
371
298
413
404
279
338
190
345
344
319
243
303
297
225
301
213
297
256
239
284
305
322
333
334
392
376
374
403
262
392
410
379
295
367
381
357
388
350
315
292
331
360
263
321
292
313
269
221
243
317
311
294
276
281
374
333
190
342
367
338
365
304
299
200
293
298
254
279
343
328
401
351
324
397
359
301
289
360
366
352
384
354
346
392
322
314
360
400
342
292
359
385
522
351
375
383
299
347
322
317
345
342
363
351
321
274
271
316
412
269
301
299
321
358
307
296
233
241
363
353
211
333
240
84
228
232
206
228
157
113
121
157
176
82
233
139
120
183
234
90
141
71
61
74
99
61
160
87
208
154
99
66
83
74
60
125
44
93
81
147
103
95
106
106
76
100
128
69
80
93
40
96
69
70
74
42
77
80
47
77
48
45
118
54
70
50
77
51
29
42
153
182
186
205
224
294
358
195
243
197
224
187
151
158
164
174
75
83
61
38
241
73
16
29
163
112
154
191
171
17
293
209
105
124
157
123
109
121
62
77
74
89
166
231
172
161
109
86
138
192
143
126
90
74
71
227
221
186
202
159
139
137
200
142
104
83
118
128
156
99
84
83
61
77
54
90
81
90
53
86
71
80
67
46
35
42
32
52
143
61
32
67
35
70
57
49
51
111
83
164
109
51
258
224
239
123
61
146
42
42
57
105
257
260
260
129
127
194
145
151
128
100
129
112
70
122
110
88
131
172
279
220
272
318
282
336
322
346
360
360
376
336
143
250
339
396
317
350
408
441
304
277
280
313
297
316
328
395
347
184
191
160
210
167
170
180
178
249
286
175
214
151
198
230
183
173
256
242
185
128
145
185
200
171
209
215
215
220
172
238
255
260
214
267
238
281
291
230
307
292
300
331
252
262
299
335
342
382
390
361
229
221
270
311
319
266
338
377
343
253
272
352
336
324
323
297
263
233
238
382
308
354
248
312
330
330
347
437
270
299
376
315
330
346
398
338
267
262
113
340
278
307
308
264
292
337
254
275
270
211
137
122
96
212
304
306
350
249
337
339
255
411
252
262
263
328
399
318
375
334
337
349
352
325
191
314
364
264
359
260
363
374
353
380
325
370
344
385
385
342
306
3
282
514
436
64
93
161
183
294
270
391
351
349
402
418
432
301
228
245
216
120
74
131
67
64
76
140
164
131
107
86
161
247
158
57
45
42
29
104
112
205
270
195
163
114
111
151
182
144
144
133
96
178
145
93
125
125
139
125
70
70
123
193
178
73
134
226
265
242
230
227
240
194
208
202
215
239
190
96
44
218
294
221
227
274
232
149
246
320
249
357
314
157
255
347
275
293
295
354
314
375
460
377
233
224
210
314
329
246
167
123
231
195
183
132
308
362
302
316
319
244
233
371
279
320
277
320
207
205
241
255
171
184
166
131
209
238
228
245
162
245
248
253
298
298
264
187
113
90
250
275
275
289
289
335
322
234
258
193
241
177
130
249
285
255
169
197
134
84
99
162
204
219
233
189
239
266
270
291
262
268
268
254
156
256
259
268
258
260
182
294
287
255
298
311
330
326
353
344
337
310
258
173
111
161
154
122
175
133
104
145
79
252
228
199
115
85
237
333
318
258
340
424
325
422
313
337
308
242
231
309
294
262
321
455
340
309
308
315
293
303
349
248
267
215
230
187
117
324
310
289
292
263
207
266
322
288
209
103
38
28
285
349
325
275
401
404
321
262
261
253
192
172
150
148
188
292
209
258
298
217
354
287
342
311
302
287
232
186
94
109
146
112
6
173
161
160
152
371
397
402
381
429
413
345
502
373
274
220
16
25
186
139
178
127
230
318
382
428
455
369
477
396
353
325
384
347
394
341
374
405
380
322
341
210
97
64
223
355
402
424
327
266
245
245
198
159
147
164
172
165
181
115
82
95
118
154
163
110
109
37
346
383
333
318
321
233
270
335
351
168
233
260
234
154
122
144
70
70
60
170
136
91
113
122
85
81
80
52
67
66
99
67
67
54
70
52
78
32
32
35
23
86
54
38
25
22
13
25
21
22
9
9
83
21
67
51
43
64
54
30
35
6
106
19
22
34
128
86
62
93
89
103
54
42
45
29
37
48
61
45
83
66
146
216
176
158
181
144
76
108
188
212
99
62
67
43
61
68
127
158
192
184
348
281
226
274
311
434
451
463
356
335
302
259
313
258
335
295
347
437
461
396
429
377
337
362
351
327
284
304
321
315
335
298
454
383
328
372
437
436
373
414
381
395
367
329
410
339
260
292
331
328
278
284
289
303
335
300
393
335
379
239
389
251
302
356
367
420
394
417
389
476
429
378
160
97
83
113
305
393
379
341
359
300
306
335
310
334
375
369
233
323
286
299
407
448
342
340
320
282
298
216
345
298
301
175
134
105
73
61
57
100
200
304
324
241
358
295
233
248
347
372
355
237
323
246
313
282
305
132
166
127
214
220
244
202
152
118
29
83
127
161
284
328
319
331
315
425
421
350
265
267
282
310
266
391
279
347
271
218
294
275
246
279
258
247
290
304
241
159
206
189
130
173
265
258
172
197
177
224
121
127
61
96
96
69
167
209
280
277
305
266
257
344
327
313
311
312
314
317
362
311
367
360
359
395
386
269
381
370
388
370
420
444
294
421
382
300
379
386
414
448
408
370
400
334
405
367
405
385
396
388
371
298
413
404
279
338
190
345
344
319
243
303
297
225
301
213
297
256
239
284
305
322
333
334
392
376
374
403
262
392
410
379
295
367
381
357
388
350
315
292
331
360
263
321
292
313
269
221
243
317
311
294
276
281
374
333
190
342
367
338
365
304
299
200
293
298
254
279
343
328
401
351
324
397
359
301
289
360
366
352
384
354
346
392
322
314
360
400
342
292
359
385
522
351
375
383
299
347
322
317
345
342
363
351
321
274
271
316
412
269
301
299
321
358
307
296
233
241
363
353
211
333
240
84
228
232
206
228
157
113
121
157
176
82
233
139
120
183
234
90
141
71
61
74
99
61
160
87
208
154
99
66
83
74
60
125
44
93
81
147
103
95
106
106
76
100
128
69
80
93
40
96
69
70
74
42
77
80
47
77
48
45
118
54
70
50
77
51
29
42
153
182
186
205
224
294
358
195
243
197
224
187
151
158
164
174
75
83
61
38
241
73
16
29
163
112
154
191
171
17
293
209
105
124
157
123
109
121
62
77
74
89
166
231
172
161
109
86
138
192
143
126
90
74
71
227
221
186
202
159
139
137
200
142
104
83
118
128
156
99
84
83
61
77
54
90
81
90
53
86
71
80
67
46
35
42
32
52
143
61
32
67
35
70
57
49
51
111
83
164
109
51
258
224
239
123
61
146
42
42
57
105
257
260
260
129
127
194
145
151
128
100
129
112
70
122
110
88
131
172
279
220
272
318
282
336
322
346
360
360
376
336
143
250
339
396
317
350
408
441
304
277
280
313
297
316
328
395
347
184
191
160
210
167
170
180
178
249
286
175
214
151
198
230
183
173
256
242
185
128
145
185
200
171
209
215
215
220
172
238
255
260
214
267
238
281
291
230
307
292
300
331
252
262
299
335
342
382
390
361
229
221
270
311
319
266
338
377
343
253
272
352
336
324
323
297
263
233
238
382
308
354
248
312
330
330
347
437
270
299
376
315
330
346
398
338
267
262
113
340
278
307
308
264
292
337
254
275
270
211
137
122
96
212
304
306
350
249
337
339
255
411
252
262
263
328
399
318
375
334
337
349
352
325
191
314
364
264
359
260
363
374
353
380
325
370
344
385
385
342
306
