936
677
132
421
608
604
538
705
448
475
490
423
575
466
432
490
397
504
404
504
308
426
490
442
492
583
666
792
865
823
816
748
792
762
806
838
863
904
172
1283
844
803
886
887
966
854
890
891
870
999
874
629
627
715
761
417
100
207
388
341
546
708
816
571
358
354
417
446
559
628
359
308
475
276
230
201
143
125
201
516
924
741
773
587
777
579
603
637
642
746
1054
580
806
525
644
275
504
440
429
432
334
403
371
438
512
574
615
700
633
532
575
579
657
842
841
858
862
773
723
345
1081
1443
1466
1269
486
542
532
482
630
1233
1081
1150
1502
804
359
172
831
1223
827
957
1177
973
803
899
1515
1344
2309
2034
1531
1544
1574
1523
1493
1566
737
359
367
549
800
940
919
813
257
875
802
619
648
424
540
561
409
504
408
473
648
419
411
583
561
238
301
324
532
442
442
359
201
16
39
1198
1616
1473
1294
1422
1158
1573
1722
1461
1190
1192
1379
1601
1418
1466
1622
1315
1340
1458
1398
1372
1243
1341
881
579
677
870
638
613
749
446
382
417
330
195
749
404
374
334
345
421
490
337
345
344
257
115
316
225
216
448
216
409
475
225
301
172
175
57
575
195
432
288
504
530
858
823
619
621
1008
775
750
815
995
873
894
272
499
504
265
100
351
621
517
444
1106
1083
708
960
928
861
921
658
396
345
228
287
371
461
312
579
696
799
924
1046
1710
1699
1736
1340
674
1356
1136
1086
1512
1859
1601
854
1139
628
965
349
580
590
786
1210
1257
1466
1793
1677
1399
1035
1457
1375
1424
1433
1539
2156
2114
1939
2207
1901
1087
1714
1840
1791
1952
1877
1903
2318
2248
2155
2320
2323
2485
2024
2500
2201
2109
2080
1909
1997
2101
1319
1648
1607
1529
1749
1670
1815
1703
2149
2063
1986
2332
1773
1790
1808
2161
2094
1681
1595
1246
1984
1824
1922
1324
1620
1612
1985
1626
2010
1853
1876
2155
2260
2588
1456
1876
2239
2482
2209
2546
2173
1901
1903
2297
1857
2430
2059
2098
1870
1285
2115
2417
1928
1976
1851
1537
1793
2031
2085
2094
1627
1502
1905
2072
2128
2227
1560
1249
1512
1279
1065
1593
1694
1302
1013
1274
1547
1289
1040
1420
1897
1329
1560
1949
2101
1752
1910
1647
2061
2307
2193
1602
1941
1723
1761
1843
1977
1640
1745
1435
1628
1672
1828
1418
1378
1610
1623
1652
1902
1207
1207
1044
1190
1291
919
811
745
1227
620
728
532
172
75
359
469
704
691
157
665
792
1590
1295
1031
978
812
856
677
412
426
258
640
659
725
762
836
613
891
962
1028
1089
811
994
981
1025
941
892
963
791
172
692
878
692
625
783
907
640
486
738
619
820
684
766
781
815
928
899
945
929
1061
769
1125
946
1069
1069
777
1139
920
990
821
688
916
1131
1056
1419
1261
1310
1078
1265
1299
1074
800
1117
1137
1066
770
992
1021
824
1142
840
1028
898
963
942
1200
854
353
1094
690
807
820
858
483
744
913
892
932
910
720
906
1031
767
1023
654
846
807
804
816
823
833
896
865
784
550
733
605
604
637
630
604
459
526
691
587
569
609
691
420
546
504
705
591
749
691
677
478
575
432
532
297
461
475
284
359
355
1241
1107
1579
762
1391
917
491
871
1366
786
994
904
978
924
720
1279
819
540
594
807
974
725
848
495
354
316
234
187
158
143
134
172
258
217
407
490
436
437
611
490
436
388
346
471
646
691
879
628
767
580
683
695
544
744
692
725
874
725
603
603
648
205
611
691
429
395
619
269
388
246
1204
812
808
1007
1350
1069
1293
1385
1031
1144
688
831
775
607
563
488
537
575
426
653
770
867
1015
488
796
644
753
892
1060
1000
881
1141
1160
1220
1169
823
1071
1274
823
886
688
551
465
519
500
490
222
316
294
490
474
500
575
287
374
217
575
369
394
546
350
301
215
258
172
752
641
554
671
620
403
495
546
311
405
532
363
345
216
258
278
345
230
221
287
158
63
201
287
351
349
546
391
878
633
570
428
490
516
662
573
1173
1123
746
532
316
187
222
158
599
316
378
345
532
646
496
575
434
446
558
469
763
719
682
837
788
823
888
987
678
513
500
1540
1173
1504
1329
1219
808
866
1070
988
856
417
284
633
453
471
490
838
858
1079
1049
1383
1115
1268
1514
1604
1603
1595
1510
1581
1901
1335
1465
1478
1622
1928
2005
1670
1523
1423
1360
1506
1539
1591
1148
1142
815
1010
967
737
904
696
546
499
645
775
482
698
684
458
475
197
1036
1300
1011
1027
1445
1346
1032
1285
953
1056
1074
1089
1038
986
1186
1175
1195
1204
1558
1156
1139
1485
1454
1378
1258
1277
1015
1270
1012
1092
1139
1079
1212
1215
1373
957
1408
1049
1031
1175
1177
1383
1400
1399
1348
1606
1156
1343
1497
1415
1381
1257
1601
1727
1901
1349
1124
1682
1123
584
1070
902
1099
1458
1450
1282
1473
963
1210
1206
1352
1120
795
1152
723
516
740
1173
890
898
904
1098
1083
975
1110
950
1419
1627
1224
1479
870
1079
750
1125
935
1191
1320
828
950
744
721
554
1211
1320
1415
1353
1373
1485
1375
1407
1362
1124
1420
1278
1768
1611
1361
1106
907
604
924
1004
1111
605
975
956
854
570
1011
920
999
973
891
845
938
1364
1249
1504
1574
1719
1537
1561
1545
1633
1354
1753
1628
1694
1724
1712
2159
187
83
476
691
1832
2461
1229
1021
1807
1175
1283
1049
1862
1364
2001
1762
1019
1132
966
1071
1204
807
544
716
758
766
725
691
524
520
461
303
330
237
330
258
359
1261
1487
1424
1573
1595
1340
1364
1443
881
1346
762
767
608
644
586
904
808
991
475
438
316
269
806
777
832
1100
1037
461
532
879
546
325
201
86
301
567
1206
1520
952
1424
842
899
988
1336
1207
1045
1173
1274
958
546
915
1261
1117
1079
840
1081
1589
1412
862
517
375
1187
1348
1236
963
1212
954
921
817
809
669
571
319
187
321
417
316
287
417
432
384
417
287
305
523
604
399
438
721
874
734
682
762
573
374
425
359
305
561
677
725
919
777
488
546
359
490
371
590
778
540
604
415
504
455
403
455
553
1254
758
766
756
863
936
938
692
1083
1056
729
583
791
670
594
917
1107
1137
885
956
738
546
388
267
143
216
525
787
1028
852
767
544
1185
769
1099
775
1265
1500
956
1182
1073
902
276
557
1260
1504
1903
1329
1343
1223
1306
1181
1227
1597
1186
1385
1581
1523
1739
1862
1786
1398
1811
1283
1670
1772
1321
1570
1497
1658
1522
1656
1664
1427
1341
1233
1216
724
1115
1040
1279
1013
1195
1183
796
956
861
609
703
578
616
640
892
521
811
842
748
308
403
1019
766
1245
1223
1160
1286
1425
1897
1439
1386
1620
1325
940
1127
617
873
848
561
878
813
971
850
604
1046
977
1032
1042
974
867
1082
838
1166
1165
1214
1311
1190
970
1249
991
1139
1186
1270
791
1220
1038
982
504
476
877
831
770
649
704
960
504
530
983
1019
877
640
1174
808
762
912
935
974
1012
808
674
916
1044
910
719
949
812
908
752
619
602
731
824
630
673
12
898
1033
359
230
250
330
461
240
230
546
530
372
342
388
358
330
230
245
208
172
287
322
1148
936
677
132
421
608
604
538
705
448
475
490
423
575
466
432
490
397
504
404
504
308
426
490
442
492
583
666
792
865
823
816
748
792
762
806
838
863
904
172
1283
844
803
886
887
966
854
890
891
870
999
874
629
627
715
761
417
100
207
388
341
546
708
816
571
358
354
417
446
559
628
359
308
475
276
230
201
143
125
201
516
924
741
773
587
777
579
603
637
642
746
1054
580
806
525
644
275
504
440
429
432
334
403
371
438
512
574
615
700
633
532
575
579
657
842
841
858
862
773
723
345
1081
1443
1466
1269
486
542
532
482
630
1233
1081
1150
1502
804
359
172
831
1223
827
957
1177
973
803
899
1515
1344
2309
2034
1531
1544
1574
1523
1493
1566
737
359
367
549
800
940
919
813
257
875
802
619
648
424
540
561
409
504
408
473
648
419
411
583
561
238
301
324
532
442
442
359
201
16
39
1198
1616
1473
1294
1422
1158
1573
1722
1461
1190
1192
1379
1601
1418
1466
1622
1315
1340
1458
1398
1372
1243
1341
881
579
677
870
638
613
749
446
382
417
330
195
749
404
374
334
345
421
490
337
345
344
257
115
316
225
216
448
216
409
475
225
301
172
175
57
575
195
432
288
504
530
858
823
619
621
1008
775
750
815
995
873
894
272
499
504
265
100
351
621
517
444
1106
1083
708
960
928
861
921
658
396
345
228
287
371
461
312
579
696
799
924
1046
1710
1699
1736
1340
674
1356
1136
1086
1512
1859
1601
854
1139
628
965
349
580
590
786
1210
1257
1466
1793
1677
1399
1035
1457
1375
1424
1433
1539
2156
2114
1939
2207
1901
1087
1714
1840
1791
1952
1877
1903
2318
2248
2155
2320
2323
2485
2024
2500
2201
2109
2080
1909
1997
2101
1319
1648
1607
1529
1749
1670
1815
1703
2149
2063
1986
2332
1773
1790
1808
2161
2094
1681
1595
1246
1984
1824
1922
1324
1620
1612
1985
1626
2010
1853
1876
2155
2260
2588
1456
1876
2239
2482
2209
2546
2173
1901
1903
2297
1857
2430
2059
2098
1870
1285
2115
2417
1928
1976
1851
1537
1793
2031
2085
2094
1627
1502
1905
2072
2128
2227
1560
1249
1512
1279
1065
1593
1694
1302
1013
1274
1547
1289
1040
1420
1897
1329
1560
1949
2101
1752
1910
1647
2061
2307
2193
1602
1941
1723
1761
1843
1977
1640
1745
1435
1628
1672
1828
1418
1378
1610
1623
1652
1902
1207
1207
1044
1190
1291
919
811
745
1227
620
728
532
172
75
359
469
704
691
157
665
792
1590
1295
1031
978
812
856
677
412
426
258
640
659
725
762
836
613
891
962
1028
1089
811
994
981
1025
941
892
963
791
172
692
878
692
625
783
907
640
486
738
619
820
684
766
781
815
928
899
945
929
1061
769
1125
946
1069
1069
777
1139
920
990
821
688
916
1131
1056
1419
1261
1310
1078
1265
1299
1074
800
1117
1137
1066
770
992
1021
824
1142
840
1028
898
963
942
1200
854
353
1094
690
807
820
858
483
744
913
892
932
910
720
906
1031
767
1023
654
846
807
804
816
823
833
896
865
784
550
733
605
604
637
630
604
459
526
691
587
569
609
691
420
546
504
705
591
749
691
677
478
575
432
532
297
461
475
284
359
355
1241
1107
1579
762
1391
917
491
871
1366
786
994
904
978
924
720
1279
819
540
594
807
974
725
848
495
354
316
234
187
158
143
134
172
258
217
407
490
436
437
611
490
436
388
346
471
646
691
879
628
767
580
683
695
544
744
692
725
874
725
603
603
648
205
611
691
429
395
619
269
388
246
1204
812
808
1007
1350
1069
1293
1385
1031
1144
688
831
775
607
563
488
537
575
426
653
770
867
1015
488
796
644
753
892
1060
1000
881
1141
1160
1220
1169
823
1071
1274
823
886
688
551
465
519
500
490
222
316
294
490
474
500
575
287
374
217
575
369
394
546
350
301
215
258
172
752
641
554
671
620
403
495
546
311
405
532
363
345
216
258
278
345
230
221
287
158
63
201
287
351
349
546
391
878
633
570
428
490
516
662
573
1173
1123
746
532
316
187
222
158
599
316
378
345
532
646
496
575
434
446
558
469
763
719
682
837
788
823
888
987
678
513
500
1540
1173
1504
1329
1219
808
866
1070
988
856
417
284
633
453
471
490
838
858
1079
1049
1383
1115
1268
1514
1604
1603
1595
1510
1581
1901
1335
1465
1478
1622
1928
2005
1670
1523
1423
1360
1506
1539
1591
1148
1142
815
1010
967
737
904
696
546
499
645
775
482
698
684
458
475
197
1036
1300
1011
1027
1445
1346
1032
1285
953
1056
1074
1089
1038
986
1186
1175
1195
1204
1558
1156
1139
1485
1454
1378
1258
1277
1015
1270
1012
1092
1139
1079
1212
1215
1373
957
1408
1049
1031
1175
1177
1383
1400
1399
1348
1606
1156
1343
1497
1415
1381
1257
1601
1727
1901
1349
1124
1682
1123
584
1070
902
1099
1458
1450
1282
1473
963
1210
1206
1352
1120
795
1152
723
516
740
1173
890
898
904
1098
1083
975
1110
950
1419
1627
1224
1479
870
1079
750
1125
935
1191
1320
828
950
744
721
554
1211
1320
1415
1353
1373
1485
1375
1407
1362
1124
1420
1278
1768
1611
1361
1106
907
604
924
1004
1111
605
975
956
854
570
1011
920
999
973
891
845
938
1364
1249
1504
1574
1719
1537
1561
1545
1633
1354
1753
1628
1694
1724
1712
2159
187
83
476
691
1832
2461
1229
1021
1807
1175
1283
1049
1862
1364
2001
1762
1019
1132
966
1071
1204
807
544
716
758
766
725
691
524
520
461
303
330
237
330
258
359
1261
1487
1424
1573
1595
1340
1364
1443
881
1346
762
767
608
644
586
904
808
991
475
438
316
269
806
777
832
1100
1037
461
532
879
546
325
201
86
301
567
1206
1520
952
1424
842
899
988
1336
1207
1045
1173
1274
958
546
915
1261
1117
1079
840
1081
1589
1412
862
517
375
1187
1348
1236
963
1212
954
921
817
809
669
571
319
187
321
417
316
287
417
432
384
417
287
305
523
604
399
438
721
874
734
682
762
573
374
425
359
305
561
677
725
919
777
488
546
359
490
371
590
778
540
604
415
504
455
403
455
553
1254
758
766
756
863
936
938
692
1083
1056
729
583
791
670
594
917
1107
1137
885
956
738
546
388
267
143
216
525
787
1028
852
767
544
1185
769
1099
775
1265
1500
956
1182
1073
902
276
557
1260
1504
1903
1329
1343
1223
1306
1181
1227
1597
1186
1385
1581
1523
1739
1862
1786
1398
1811
1283
1670
1772
1321
1570
1497
1658
1522
1656
1664
1427
1341
1233
1216
724
1115
1040
1279
1013
1195
1183
796
956
861
609
703
578
616
640
892
521
811
842
748
308
403
1019
766
1245
1223
1160
1286
1425
1897
1439
1386
1620
1325
940
1127
617
873
848
561
878
813
971
850
604
1046
977
1032
1042
974
867
1082
838
1166
1165
1214
1311
1190
970
1249
991
1139
1186
1270
791
1220
1038
982
504
476
877
831
770
649
704
960
504
530
983
1019
877
640
1174
808
762
912
935
974
1012
808
674
916
1044
910
719
949
812
908
752
619
602
731
824
630
673
12
898
1033
359
230
250
330
461
240
230
546
530
372
342
388
358
330
230
245
208
172
287
322
1148
936
677
132
421
608
604
538
705
448
475
490
423
575
466
432
490
397
504
404
504
308
426
490
442
492
583
666
792
865
823
816
748
792
762
806
838
863
904
172
1283
844
803
886
887
966
854
890
891
870
999
874
629
627
715
761
417
100
207
388
341
546
708
816
571
358
354
417
446
559
628
359
308
475
276
230
201
143
125
201
516
924
741
773
587
777
579
603
637
642
746
1054
580
806
525
644
275
504
440
429
432
334
403
371
438
512
574
615
700
633
532
575
579
657
842
841
858
862
773
723
345
1081
1443
1466
1269
486
542
532
482
630
1233
1081
1150
1502
804
359
172
831
1223
827
957
1177
973
803
899
1515
1344
2309
2034
1531
1544
1574
1523
1493
1566
737
359
367
549
800
940
919
813
257
875
802
619
648
424
540
561
409
504
408
473
648
419
411
583
561
238
301
324
532
442
442
359
201
16
39
1198
1616
1473
1294
1422
1158
1573
1722
1461
1190
1192
1379
1601
1418
1466
1622
1315
1340
1458
1398
1372
1243
1341
881
579
677
870
638
613
749
446
382
417
330
195
749
404
374
334
345
421
490
337
345
344
257
115
316
225
216
448
216
409
475
225
301
172
175
57
575
195
432
288
504
530
858
823
619
621
1008
775
750
815
995
873
894
272
499
504
265
100
351
621
517
444
1106
1083
708
960
928
861
921
658
396
345
228
287
371
461
312
579
696
799
924
1046
1710
1699
1736
1340
674
1356
1136
1086
1512
1859
1601
854
1139
628
965
349
580
590
786
1210
1257
1466
1793
1677
1399
1035
1457
1375
1424
1433
1539
2156
2114
1939
2207
1901
1087
1714
1840
1791
1952
1877
1903
2318
2248
2155
2320
2323
2485
2024
2500
2201
2109
2080
1909
1997
2101
1319
1648
1607
1529
1749
1670
1815
1703
2149
2063
1986
2332
1773
1790
1808
2161
2094
1681
1595
1246
1984
1824
1922
1324
1620
1612
1985
1626
2010
1853
1876
2155
2260
2588
1456
1876
2239
2482
2209
2546
2173
1901
1903
2297
1857
2430
2059
2098
1870
1285
2115
2417
1928
1976
1851
1537
1793
2031
2085
2094
1627
1502
1905
2072
2128
2227
1560
1249
1512
1279
1065
1593
1694
1302
1013
1274
1547
1289
1040
1420
1897
1329
1560
1949
2101
1752
1910
1647
2061
2307
2193
1602
1941
1723
1761
1843
1977
1640
1745
1435
1628
1672
1828
1418
1378
1610
1623
1652
1902
1207
1207
1044
1190
1291
919
811
745
1227
620
728
532
172
75
359
469
704
691
157
665
792
1590
1295
1031
978
812
856
677
412
426
258
640
659
725
762
836
613
891
962
1028
1089
811
994
981
1025
941
892
963
791
172
692
878
692
625
783
907
640
486
738
619
820
684
766
781
815
928
899
945
929
1061
769
1125
946
1069
1069
777
1139
920
990
821
688
916
1131
1056
1419
1261
1310
1078
1265
1299
1074
800
1117
1137
1066
770
992
1021
824
1142
840
1028
898
963
942
1200
854
353
1094
690
807
820
858
483
744
913
892
932
910
720
906
1031
767
1023
654
846
807
804
816
823
833
896
865
784
550
733
605
604
637
630
604
459
526
691
587
569
609
691
420
546
504
705
591
749
691
677
478
575
432
532
297
461
475
284
359
355
1241
1107
1579
762
1391
917
491
871
1366
786
994
904
978
924
720
1279
819
540
594
807
974
725
848
495
354
316
234
187
158
143
134
172
258
217
407
490
436
437
611
490
436
388
346
471
646
691
879
628
767
580
683
695
544
744
692
725
874
725
603
603
648
205
611
691
429
395
619
269
388
246
1204
812
808
1007
1350
1069
1293
1385
1031
1144
688
831
775
607
563
488
537
575
426
653
770
867
1015
488
796
644
753
892
1060
1000
881
1141
1160
1220
1169
823
1071
1274
823
886
688
551
465
519
500
490
222
316
294
490
474
500
575
287
374
217
575
369
394
546
350
301
215
258
172
752
641
554
671
620
403
495
546
311
405
532
363
345
216
258
278
345
230
221
287
158
63
201
287
351
349
546
391
878
633
570
428
490
516
662
573
1173
1123
746
532
316
187
222
158
599
316
378
345
532
646
496
575
434
446
558
469
763
719
682
837
788
823
888
987
678
513
500
1540
1173
1504
1329
1219
808
866
1070
988
856
417
284
633
453
471
490
838
858
1079
1049
1383
1115
1268
1514
1604
1603
1595
1510
1581
1901
1335
1465
1478
1622
1928
2005
1670
1523
1423
1360
1506
1539
1591
1148
1142
815
1010
967
737
904
696
546
499
645
775
482
698
684
458
475
197
1036
1300
1011
1027
1445
1346
1032
1285
953
1056
1074
1089
1038
986
1186
1175
1195
1204
1558
1156
1139
1485
1454
1378
1258
1277
1015
1270
1012
1092
1139
1079
1212
1215
1373
957
1408
1049
1031
1175
1177
1383
1400
1399
1348
1606
1156
1343
1497
1415
1381
1257
1601
1727
1901
1349
1124
1682
1123
584
1070
902
1099
1458
1450
1282
1473
963
1210
1206
1352
1120
795
1152
723
516
740
1173
890
898
904
1098
1083
975
1110
950
1419
1627
1224
1479
870
1079
750
1125
935
1191
1320
828
950
744
721
554
1211
1320
1415
1353
1373
1485
1375
1407
1362
1124
1420
1278
1768
1611
1361
1106
907
604
924
1004
1111
605
975
956
854
570
1011
920
999
973
891
845
938
1364
1249
1504
1574
1719
1537
1561
1545
1633
1354
1753
1628
1694
1724
1712
2159
187
