337
555
337
408
374
385
462
413
447
450
384
304
439
320
463
467
202
422
349
398
471
400
391
414
420
462
413
467
493
371
536
437
520
388
371
355
507
482
503
230
432
378
431
381
446
523
462
277
348
455
401
315
439
344
477
546
375
381
496
469
432
491
382
405
446
404
441
367
347
291
420
320
190
62
239
207
210
244
292
317
285
256
221
218
288
374
295
363
421
422
377
364
382
392
290
364
348
311
327
351
311
320
318
36
97
96
134
150
250
425
318
407
409
345
408
392
386
356
361
312
364
427
470
345
380
361
396
382
401
308
359
357
401
421
494
347
300
299
294
266
333
298
256
262
294
319
335
384
200
320
282
376
298
452
360
274
333
331
360
397
331
395
310
306
374
304
268
301
197
135
109
245
309
246
191
277
181
237
173
105
305
60
152
247
271
313
306
286
318
243
306
446
484
420
187
99
140
161
199
86
136
287
343
334
325
322
370
393
408
385
309
214
342
370
381
407
298
323
307
287
261
322
371
313
385
366
236
153
157
212
208
206
128
135
172
227
197
132
30
128
140
129
300
253
280
304
330
267
199
160
143
183
210
239
282
227
195
36
128
51
5
167
84
42
283
281
351
331
271
222
252
232
194
142
87
116
140
110
116
207
243
309
263
273
262
283
231
246
204
265
195
300
431
332
451
356
480
420
443
440
450
427
419
249
426
367
483
440
437
379
441
487
300
321
420
411
414
477
527
553
452
262
272
262
286
338
382
455
375
541
390
457
455
483
432
390
419
433
435
418
461
307
431
373
416
265
273
203
209
187
267
295
278
249
277
223
293
236
277
247
280
319
284
290
255
243
279
332
335
374
438
422
369
469
423
371
427
414
343
440
371
407
514
481
361
261
301
309
370
441
435
360
325
327
283
245
255
303
213
244
263
318
191
189
124
93
75
53
45
51
72
127
114
124
92
102
77
84
75
64
75
69
138
53
54
45
105
114
160
48
79
138
163
186
188
129
132
171
194
209
216
186
221
184
234
196
146
214
219
189
175
221
169
175
138
81
98
103
84
126
175
283
233
220
164
208
171
143
107
105
43
60
54
54
75
57
87
44
234
115
36
131
136
118
137
205
182
157
144
181
142
169
195
162
152
122
151
143
183
175
138
174
228
220
289
271
260
234
188
239
228
247
298
256
230
292
231
242
235
306
288
248
249
245
274
284
332
198
483
368
477
210
295
199
306
295
183
213
149
205
191
181
159
179
179
182
191
282
449
328
466
381
307
197
153
269
233
232
250
220
301
272
262
323
282
246
286
297
260
229
245
286
296
277
248
257
195
337
314
325
198
232
384
319
314
328
315
244
347
307
218
271
317
278
301
275
284
367
262
218
240
214
59
90
105
85
66
34
123
46
69
60
90
51
42
15
15
31
99
62
51
63
67
96
89
108
135
157
160
100
204
273
222
208
206
102
116
170
101
119
126
105
40
90
42
78
172
190
169
204
170
246
209
208
223
196
124
75
157
168
84
81
85
72
246
248
280
383
260
337
272
213
289
326
366
277
294
293
194
262
273
217
184
306
269
380
322
286
274
192
227
291
297
273
175
199
209
252
275
281
330
272
189
301
305
263
144
184
235
220
290
259
223
243
197
258
272
236
277
225
343
228
197
157
177
222
241
214
183
156
149
132
149
143
184
175
105
214
162
163
205
220
202
204
221
314
160
119
137
185
165
146
171
157
130
161
207
288
298
238
136
232
252
194
133
154
210
227
239
198
224
207
188
131
157
200
189
250
283
187
224
214
300
301
290
280
228
257
183
238
243
227
238
138
174
140
205
132
118
183
188
251
192
195
196
142
203
204
188
140
106
155
162
170
171
167
202
171
143
192
195
231
231
138
115
230
192
233
186
171
231
178
160
124
99
128
137
114
153
151
151
165
145
155
108
169
131
108
77
92
93
85
75
130
152
178
190
126
82
104
99
73
143
157
181
168
110
111
135
111
66
60
66
84
102
93
67
42
54
36
147
87
87
75
78
28
30
51
42
47
51
45
43
57
54
63
42
69
54
27
36
34
63
42
76
138
102
113
87
48
57
30
33
24
15
10
18
39
27
24
18
12
9
18
15
15
24
15
21
30
49
45
39
22
39
30
12
73
27
24
9
129
69
26
18
12
15
15
21
24
31
161
180
319
248
159
162
131
85
89
152
118
126
124
141
140
123
92
143
168
185
249
214
273
313
312
273
223
298
326
263
248
252
249
230
230
197
101
133
224
329
233
189
225
214
87
145
118
151
77
102
148
277
181
245
176
216
192
247
364
345
309
284
230
329
291
159
54
73
72
62
66
50
213
255
242
210
167
191
220
198
191
169
256
303
315
202
254
296
364
325
418
303
461
389
363
348
249
295
326
349
346
338
330
324
352
317
273
315
253
293
268
303
306
168
247
298
210
227
270
219
238
184
183
160
130
90
141
107
148
134
281
246
236
234
267
379
192
111
102
145
67
81
59
57
75
70
54
45
33
15
105
184
111
153
117
102
48
126
273
258
268
275
306
304
310
332
370
289
363
311
243
249
134
145
290
284
279
267
237
198
237
234
271
247
220
197
371
272
295
321
345
284
390
317
417
176
258
231
363
341
280
406
284
293
262
280
297
320
380
348
325
333
314
264
317
366
290
253
318
306
284
276
301
433
293
187
264
329
199
204
228
164
327
403
322
139
233
146
186
97
205
147
239
159
255
185
272
235
216
251
233
256
243
220
99
155
154
113
244
252
263
328
315
321
314
262
315
301
282
258
274
276
281
273
255
286
294
265
294
296
267
287
274
272
306
321
224
307
311
232
335
212
338
350
292
304
295
323
202
348
335
303
168
250
259
313
315
317
223
149
272
61
78
119
140
170
176
188
198
221
241
43
337
555
337
408
374
385
462
413
447
450
384
304
439
320
463
467
202
422
349
398
471
400
391
414
420
462
413
467
493
371
536
437
520
388
371
355
507
482
503
230
432
378
431
381
446
523
462
277
348
455
401
315
439
344
477
546
375
381
496
469
432
491
382
405
446
404
441
367
347
291
420
320
190
62
239
207
210
244
292
317
285
256
221
218
288
374
295
363
421
422
377
364
382
392
290
364
348
311
327
351
311
320
318
36
97
96
134
150
250
425
318
407
409
345
408
392
386
356
361
312
364
427
470
345
380
361
396
382
401
308
359
357
401
421
494
347
300
299
294
266
333
298
256
262
294
319
335
384
200
320
282
376
298
452
360
274
333
331
360
397
331
395
310
306
374
304
268
301
197
135
109
245
309
246
191
277
181
237
173
105
305
60
152
247
271
313
306
286
318
243
306
446
484
420
187
99
140
161
199
86
136
287
343
334
325
322
370
393
408
385
309
214
342
370
381
407
298
323
307
287
261
322
371
313
385
366
236
153
157
212
208
206
128
135
172
227
197
132
30
128
140
129
300
253
280
304
330
267
199
160
143
183
210
239
282
227
195
36
128
51
5
167
84
42
283
281
351
331
271
222
252
232
194
142
87
116
140
110
116
207
243
309
263
273
262
283
231
246
204
265
195
300
431
332
451
356
480
420
443
440
450
427
419
249
426
367
483
440
437
379
441
487
300
321
420
411
414
477
527
553
452
262
272
262
286
338
382
455
375
541
390
457
455
483
432
390
419
433
435
418
461
307
431
373
416
265
273
203
209
187
267
295
278
249
277
223
293
236
277
247
280
319
284
290
255
243
279
332
335
374
438
422
369
469
423
371
427
414
343
440
371
407
514
481
361
261
301
309
370
441
435
360
325
327
283
245
255
303
213
244
263
318
191
189
124
93
75
53
45
51
72
127
114
124
92
102
77
84
75
64
75
69
138
53
54
45
105
114
160
48
79
138
163
186
188
129
132
171
194
209
216
186
221
184
234
196
146
214
219
189
175
221
169
175
138
81
98
103
84
126
175
283
233
220
164
208
171
143
107
105
43
60
54
54
75
57
87
44
234
115
36
131
136
118
137
205
182
157
144
181
142
169
195
162
152
122
151
143
183
175
138
174
228
220
289
271
260
234
188
239
228
247
298
256
230
292
231
242
235
306
288
248
249
245
274
284
332
198
483
368
477
210
295
199
306
295
183
213
149
205
191
181
159
179
179
182
191
282
449
328
466
381
307
197
153
269
233
232
250
220
301
272
262
323
282
246
286
297
260
229
245
286
296
277
248
257
195
337
314
325
198
232
384
319
314
328
315
244
347
307
218
271
317
278
301
275
284
367
262
218
240
214
59
90
105
85
66
34
123
46
69
60
90
51
42
15
15
31
99
62
51
63
67
96
89
108
135
157
160
100
204
273
222
208
206
102
116
170
101
119
126
105
40
90
42
78
172
190
169
204
170
246
209
208
223
196
124
75
157
168
84
81
85
72
246
248
280
383
260
337
272
213
289
326
366
277
294
293
194
262
273
217
184
306
269
380
322
286
274
192
227
291
297
273
175
199
209
252
275
281
330
272
189
301
305
263
144
184
235
220
290
259
223
243
197
258
272
236
277
225
343
228
197
157
177
222
241
214
183
156
149
132
149
143
184
175
105
214
162
163
205
220
202
204
221
314
160
119
137
185
165
146
171
157
130
161
207
288
298
238
136
232
252
194
133
154
210
227
239
198
224
207
188
131
157
200
189
250
283
187
224
214
300
301
290
280
228
257
183
238
243
227
238
138
174
140
205
132
118
183
188
251
192
195
196
142
203
204
188
140
106
155
162
170
171
167
202
171
143
192
195
231
231
138
115
230
192
233
186
171
231
178
160
124
99
128
137
114
153
151
151
165
145
155
108
169
131
108
77
92
93
85
75
130
152
178
190
126
82
104
99
73
143
157
181
168
110
111
135
111
66
60
66
84
102
93
67
42
54
36
147
87
87
75
78
28
30
51
42
47
51
45
43
57
54
63
42
69
54
27
36
34
63
42
76
138
102
113
87
48
57
30
33
24
15
10
18
39
27
24
18
12
9
18
15
15
24
15
21
30
49
45
39
22
39
30
12
73
27
24
9
129
69
26
18
12
15
15
21
24
31
161
180
319
248
159
162
131
85
89
152
118
126
124
141
140
123
92
143
168
185
249
214
273
313
312
273
223
298
326
263
248
252
249
230
230
197
101
133
224
329
233
189
225
214
87
145
118
151
77
102
148
277
181
245
176
216
192
247
364
345
309
284
230
329
291
159
54
73
72
62
66
50
213
255
242
210
167
191
220
198
191
169
256
303
315
202
254
296
364
325
418
303
461
389
363
348
249
295
326
349
346
338
330
324
352
317
273
315
253
293
268
303
306
168
247
298
210
227
270
219
238
184
183
160
130
90
141
107
148
134
281
246
236
234
267
379
192
111
102
145
67
81
59
57
75
70
54
45
33
15
105
184
111
153
117
102
48
126
273
258
268
275
306
304
310
332
370
289
363
311
243
249
134
145
290
284
279
267
237
198
237
234
271
247
220
197
371
272
295
321
345
284
390
317
417
176
258
231
363
341
280
406
284
293
262
280
297
320
380
348
325
333
314
264
317
366
290
253
318
306
284
276
301
433
293
187
264
329
199
204
228
164
327
403
322
139
233
146
186
97
205
147
239
159
255
185
272
235
216
251
233
256
243
220
99
155
154
113
244
252
263
328
315
321
314
262
315
301
282
258
274
276
281
273
255
286
294
265
294
296
267
287
274
272
306
321
224
307
311
232
335
212
338
350
292
304
295
323
202
348
335
303
168
250
259
313
315
317
223
149
272
61
78
119
140
170
176
188
198
221
241
43
337
555
337
408
374
385
462
413
447
450
384
304
439
320
463
467
202
422
349
398
471
400
391
414
420
462
413
467
493
371
536
437
520
388
371
355
507
482
503
230
432
378
431
381
446
523
462
277
348
455
401
315
439
344
477
546
375
381
496
469
432
491
382
405
446
404
441
367
347
291
420
320
190
62
239
207
210
244
292
317
285
256
221
218
288
374
295
363
421
422
377
364
382
392
290
364
348
311
327
351
311
320
318
36
97
96
134
150
250
425
318
407
409
345
408
392
386
356
361
312
364
427
470
345
380
361
396
382
401
308
359
357
401
421
494
347
300
299
294
266
333
298
256
262
294
319
335
384
200
320
282
376
298
452
360
274
333
331
360
397
331
395
310
306
374
304
268
301
197
135
109
245
309
246
191
277
181
237
173
105
305
60
152
247
271
313
306
286
318
243
306
446
484
420
187
99
140
161
199
86
136
287
343
334
325
322
370
393
408
385
309
214
342
370
381
407
298
323
307
287
261
322
371
313
385
366
236
153
157
212
208
206
128
135
172
227
197
132
30
128
140
129
300
253
280
304
330
267
199
160
143
183
210
239
282
227
195
36
128
51
5
167
84
42
283
281
351
331
271
222
252
232
194
142
87
116
140
110
116
207
243
309
263
273
262
283
231
246
204
265
195
300
431
332
451
356
480
420
443
440
450
427
419
249
426
367
483
440
437
379
441
487
300
321
420
411
414
477
527
553
452
262
272
262
286
338
382
455
375
541
390
457
455
483
432
390
419
433
435
418
461
307
431
373
416
265
273
203
209
187
267
295
278
249
277
223
293
236
277
247
280
319
284
290
255
243
279
332
335
374
438
422
369
469
423
371
427
414
343
440
371
407
514
481
361
261
301
309
370
441
435
360
325
327
283
245
255
303
213
244
263
318
191
189
124
93
75
53
45
51
72
127
114
124
92
102
77
84
75
64
75
69
138
53
54
45
105
114
160
48
79
138
163
186
188
129
132
171
194
209
216
186
221
184
234
196
146
214
219
189
175
221
169
175
138
81
98
103
84
126
175
283
233
220
164
208
171
143
107
105
43
60
54
54
75
57
87
44
234
115
36
131
136
118
137
205
182
157
144
181
142
169
195
162
152
122
151
143
183
175
138
174
228
220
289
271
260
234
188
239
228
247
298
256
230
292
231
242
235
306
288
248
249
245
274
284
332
198
483
368
477
210
295
199
306
295
183
213
149
205
191
181
159
179
179
182
191
282
449
328
466
381
307
197
153
269
233
232
250
220
301
272
262
323
282
246
286
297
260
229
245
286
296
277
248
257
195
337
314
325
198
232
384
319
314
328
315
244
347
307
218
271
317
278
301
275
284
367
262
218
240
214
59
90
105
85
66
34
123
46
69
60
90
51
42
15
15
31
99
62
51
63
67
96
89
108
135
157
160
100
204
273
222
208
206
102
116
170
101
119
126
105
40
90
42
78
172
190
169
204
170
246
209
208
223
196
124
75
157
168
84
81
85
72
246
248
280
383
260
337
272
213
289
326
366
277
294
293
194
262
273
217
184
306
269
380
322
286
274
192
227
291
297
273
175
199
209
252
275
281
330
272
189
301
305
263
144
184
235
220
290
259
223
243
197
258
272
236
277
225
343
228
197
157
177
222
241
214
183
156
149
132
149
143
184
175
105
214
162
163
205
220
202
204
221
314
160
119
137
185
165
146
171
157
130
161
207
288
298
238
136
232
252
194
133
154
210
227
239
198
224
207
188
131
157
200
189
250
283
187
224
214
300
301
290
280
228
257
183
238
243
227
238
138
174
140
205
132
118
183
188
251
192
195
196
142
203
204
188
140
106
155
162
170
171
167
202
171
143
192
195
231
231
138
115
230
192
233
186
171
231
178
160
124
99
128
137
114
153
151
151
165
145
155
108
169
131
108
77
92
93
85
75
130
152
178
190
126
82
104
99
73
143
157
181
168
110
111
135
111
66
60
66
84
102
93
67
42
54
36
147
87
87
75
78
28
30
51
42
47
51
45
43
57
54
63
42
69
54
27
36
34
63
42
76
138
102
113
87
48
57
30
33
24
15
10
18
39
27
24
18
12
9
18
15
15
24
15
21
30
49
45
39
22
39
30
12
73
27
24
9
129
69
26
18
12
15
15
21
24
31
161
180
319
248
159
162
131
85
89
152
118
126
124
141
140
123
92
143
168
185
249
214
273
313
312
273
223
298
326
263
248
252
249
230
230
197
101
133
224
329
233
189
225
214
87
145
118
151
77
102
148
277
181
245
176
216
192
247
364
345
309
284
230
329
291
159
54
73
72
62
66
50
213
255
242
210
167
191
220
198
191
169
256
303
315
202
254
296
364
325
418
303
461
389
363
348
249
295
326
349
346
338
330
324
352
317
273
315
253
293
268
303
306
168
247
298
210
227
270
219
238
184
183
160
130
90
141
107
148
134
281
246
236
234
267
379
192
111
102
145
67
81
59
57
75
70
54
45
33
15
105
184
111
153
117
102
48
126
273
258
268
275
306
304
310
332
370
289
363
311
243
249
134
145
290
284
279
267
237
198
237
234
271
247
220
197
371
272
295
321
345
284
390
317
417
176
258
231
363
341
280
406
284
293
262
280
297
320
380
348
325
333
314
264
317
366
290
253
318
306
284
276
301
433
293
187
264
329
199
204
228
164
327
403
322
139
233
146
186
97
205
147
239
159
255
185
272
235
216
251
233
256
243
220
99
155
154
113
244
252
263
328
315
321
314
262
315
301
282
258
274
276
281
273
255
286
294
265
294
296
267
287
274
272
306
321
224
307
311
232
335
212
338
350
292
304
295
323
202
348
335
303
168
250
259
313
315
317
223
149
272
61
78
119
140
170
176
188
198
221
241
43
