149
1384
1532
1331
1270
1284
932
1082
1339
1404
673
932
1042
936
616
490
574
281
281
239
680
543
366
454
486
339
325
320
210
268
264
397
268
268
214
281
207
311
128
128
141
94
346
216
154
102
89
50
102
82
89
38
38
333
83
268
205
171
255
218
122
141
25
423
76
89
137
512
346
250
371
355
410
216
166
179
115
148
192
243
178
333
264
585
865
703
630
724
577
306
432
754
846
397
246
268
172
243
271
507
632
766
737
1393
1124
902
1096
1242
1738
1802
1853
1423
1338
1208
1036
1253
1031
1341
1181
1390
1750
1845
1582
1716
1508
1346
1447
1404
1307
1134
1215
1284
1261
1338
1192
1815
1534
1314
1489
1748
1743
1493
1656
1523
1579
1466
1317
1638
1357
1038
1166
1323
1310
1112
1138
1158
1212
1342
1201
1573
1338
1516
956
1557
1005
1207
1423
1467
1680
1577
1668
1557
1903
1714
1513
639
387
333
451
1220
1570
1516
1364
1434
1199
1226
1341
1241
1336
1501
1478
934
1290
1144
1198
1627
1792
1368
1362
1280
1130
1193
864
1380
1192
1206
700
538
422
292
243
230
402
802
1214
1295
966
1432
1181
930
991
1389
1488
1421
948
1291
986
1252
1127
1221
530
663
510
855
881
977
807
608
473
115
333
510
645
1137
1310
1275
1324
1260
1698
1685
1402
1062
1066
1129
1239
1064
1562
1116
1389
1085
872
1175
1099
983
1114
1031
987
1159
1216
962
635
825
755
521
694
1058
1032
687
789
708
898
484
510
243
384
384
275
668
837
1120
1107
1219
1065
1028
1377
1309
1253
1245
1249
1256
1269
1450
1243
1466
1440
1436
1580
1545
1076
1523
1479
1553
1479
1679
1775
1178
1685
1528
1201
1518
1545
1655
1792
1634
1479
1602
1336
1622
1467
1618
1540
1584
1552
1485
1191
1650
1615
1114
1352
762
1378
1376
1275
971
1211
1189
901
1205
853
1188
1025
956
1136
1219
1288
1332
1336
1569
1506
1496
1614
1046
1568
1641
1516
1180
1467
1523
1430
1552
1398
1261
1167
1323
1440
1052
1284
1168
1253
1076
885
974
1267
1246
1177
1103
1125
1498
1331
758
1370
1470
1354
1460
1215
1195
798
1172
1193
1017
1116
1372
1311
1604
1404
1295
1589
1437
1205
1155
1439
1465
1407
1535
1418
1385
1567
1288
1257
1439
1602
1368
1168
1434
1541
2088
1405
1500
1534
1195
1388
1289
1269
1378
1370
1452
1404
1286
1097
1083
1266
1648
1076
1205
1194
1284
1432
1227
1184
930
966
1452
1412
844
1331
961
336
911
929
823
912
627
451
484
627
704
328
934
557
478
732
936
359
564
282
243
294
397
244
641
348
833
615
397
265
333
294
240
499
175
371
323
589
413
381
423
423
304
401
512
277
320
371
162
384
278
281
294
168
307
320
186
307
192
178
473
216
281
202
307
205
115
166
612
729
745
821
894
1178
1432
778
973
786
898
746
606
633
657
697
301
334
243
154
966
292
63
115
653
449
616
764
683
68
1172
837
421
496
628
491
436
483
247
307
294
356
666
922
688
646
436
342
553
770
571
505
359
294
282
909
882
744
807
638
555
550
799
566
416
332
473
511
625
395
335
333
245
307
217
359
323
359
213
346
286
320
268
185
141
166
128
207
571
243
128
268
139
281
230
197
205
445
333
657
436
204
1034
896
957
491
243
584
166
166
230
421
1028
1039
1038
517
506
775
580
602
511
402
516
449
279
486
442
352
524
689
1116
881
1086
1270
1129
1343
1287
1384
1440
1440
1505
1344
571
1000
1355
1583
1267
1398
1631
1763
1218
1110
1121
1254
1189
1264
1314
1580
1388
737
763
639
841
669
679
718
711
996
1145
698
855
606
793
920
731
690
1025
967
738
512
581
739
799
684
836
860
861
879
689
952
1020
1042
855
1066
950
1124
1165
920
1229
1168
1201
1324
1009
1049
1198
1341
1370
1527
1559
1444
914
882
1079
1243
1277
1063
1351
1508
1371
1013
1088
1410
1343
1296
1290
1189
1052
933
950
1529
1230
1414
991
1247
1322
1322
1390
1747
1078
1198
1504
1261
1321
1384
1594
1354
1070
1049
451
1362
1111
1227
1232
1055
1168
1348
1015
1098
1078
843
550
486
384
848
1216
1222
1399
997
1348
1355
1021
1645
1008
1048
1050
1313
1597
1274
1501
1335
1348
1395
1409
1301
763
1257
1454
1055
1438
1041
1452
1498
1411
1520
1300
1480
1377
1540
1541
1368
1225
11
1130
2054
1743
255
371
646
730
1177
1080
1566
1403
1395
1607
1671
1730
1202
911
980
863
478
295
525
266
255
304
560
656
525
427
346
646
989
634
230
179
166
115
417
449
820
1080
780
654
455
445
602
728
578
575
532
382
710
580
370
502
499
557
500
281
281
491
772
714
291
537
904
1058
967
919
909
959
775
833
807
859
956
762
384
177
871
1174
886
909
1097
929
598
984
1280
995
1430
1256
628
1020
1390
1099
1171
1180
1414
1257
1500
1839
1508
932
895
841
1255
1317
983
668
492
922
778
734
530
1233
1447
1209
1266
1276
975
930
1485
1114
1280
1110
1280
829
820
966
1018
682
737
666
525
836
952
911
979
649
981
994
1013
1191
1192
1057
748
452
359
1001
1098
1100
1154
1154
1338
1289
936
1030
773
966
707
519
996
1140
1020
677
790
538
336
397
649
814
878
932
755
956
1064
1079
1165
1046
1073
1073
1016
626
1024
1035
1072
1030
1042
729
1177
1148
1022
1192
1245
1318
1305
1411
1376
1349
1239
1034
693
443
642
615
488
698
532
415
581
314
1008
912
797
461
340
949
1330
1271
1030
1362
1696
1298
1686
1250
1349
1234
968
922
1238
1178
1049
1286
1820
1362
1238
1232
1260
1171
1211
1397
994
1070
860
919
748
468
1297
1240
1157
1168
1054
829
1063
1289
1153
838
410
154
111
1140
1397
1300
1100
1603
1617
1286
1046
1044
1014
768
688
601
593
754
1167
837
1034
1192
867
1414
1150
1366
1246
1209
1150
928
744
376
435
585
449
25
690
643
639
609
1484
1587
1609
1522
1717
1650
1380
2006
1492
1095
879
63
102
744
557
714
510
919
1274
1528
1713
1819
1478
1909
1582
1412
1302
1535
1390
1577
1363
1494
1618
1519
1289
1365
839
388
255
892
1419
1609
1695
1308
1064
979
981
792
635
587
657
689
660
724
461
329
380
473
614
654
438
436
149
1384
1532
1331
1270
1284
932
1082
1339
1404
673
932
1042
936
616
490
574
281
281
239
680
543
366
454
486
339
325
320
210
268
264
397
268
268
214
281
207
311
128
128
141
94
346
216
154
102
89
50
102
82
89
38
38
333
83
268
205
171
255
218
122
141
25
423
76
89
137
512
346
250
371
355
410
216
166
179
115
148
192
243
178
333
264
585
865
703
630
724
577
306
432
754
846
397
246
268
172
243
271
507
632
766
737
1393
1124
902
1096
1242
1738
1802
1853
1423
1338
1208
1036
1253
1031
1341
1181
1390
1750
1845
1582
1716
1508
1346
1447
1404
1307
1134
1215
1284
1261
1338
1192
1815
1534
1314
1489
1748
1743
1493
1656
1523
1579
1466
1317
1638
1357
1038
1166
1323
1310
1112
1138
1158
1212
1342
1201
1573
1338
1516
956
1557
1005
1207
1423
1467
1680
1577
1668
1557
1903
1714
1513
639
387
333
451
1220
1570
1516
1364
1434
1199
1226
1341
1241
1336
1501
1478
934
1290
1144
1198
1627
1792
1368
1362
1280
1130
1193
864
1380
1192
1206
700
538
422
292
243
230
402
802
1214
1295
966
1432
1181
930
991
1389
1488
1421
948
1291
986
1252
1127
1221
530
663
510
855
881
977
807
608
473
115
333
510
645
1137
1310
1275
1324
1260
1698
1685
1402
1062
1066
1129
1239
1064
1562
1116
1389
1085
872
1175
1099
983
1114
1031
987
1159
1216
962
635
825
755
521
694
1058
1032
687
789
708
898
484
510
243
384
384
275
668
837
1120
1107
1219
1065
1028
1377
1309
1253
1245
1249
1256
1269
1450
1243
1466
1440
1436
1580
1545
1076
1523
1479
1553
1479
1679
1775
1178
1685
1528
1201
1518
1545
1655
1792
1634
1479
1602
1336
1622
1467
1618
1540
1584
1552
1485
1191
1650
1615
1114
1352
762
1378
1376
1275
971
1211
1189
901
1205
853
1188
1025
956
1136
1219
1288
1332
1336
1569
1506
1496
1614
1046
1568
1641
1516
1180
1467
1523
1430
1552
1398
1261
1167
1323
1440
1052
1284
1168
1253
1076
885
974
1267
1246
1177
1103
1125
1498
1331
758
1370
1470
1354
1460
1215
1195
798
1172
1193
1017
1116
1372
1311
1604
1404
1295
1589
1437
1205
1155
1439
1465
1407
1535
1418
1385
1567
1288
1257
1439
1602
1368
1168
1434
1541
2088
1405
1500
1534
1195
1388
1289
1269
1378
1370
1452
1404
1286
1097
1083
1266
1648
1076
1205
1194
1284
1432
1227
1184
930
966
1452
1412
844
1331
961
336
911
929
823
912
627
451
484
627
704
328
934
557
478
732
936
359
564
282
243
294
397
244
641
348
833
615
397
265
333
294
240
499
175
371
323
589
413
381
423
423
304
401
512
277
320
371
162
384
278
281
294
168
307
320
186
307
192
178
473
216
281
202
307
205
115
166
612
729
745
821
894
1178
1432
778
973
786
898
746
606
633
657
697
301
334
243
154
966
292
63
115
653
449
616
764
683
68
1172
837
421
496
628
491
436
483
247
307
294
356
666
922
688
646
436
342
553
770
571
505
359
294
282
909
882
744
807
638
555
550
799
566
416
332
473
511
625
395
335
333
245
307
217
359
323
359
213
346
286
320
268
185
141
166
128
207
571
243
128
268
139
281
230
197
205
445
333
657
436
204
1034
896
957
491
243
584
166
166
230
421
1028
1039
1038
517
506
775
580
602
511
402
516
449
279
486
442
352
524
689
1116
881
1086
1270
1129
1343
1287
1384
1440
1440
1505
1344
571
1000
1355
1583
1267
1398
1631
1763
1218
1110
1121
1254
1189
1264
1314
1580
1388
737
763
639
841
669
679
718
711
996
1145
698
855
606
793
920
731
690
1025
967
738
512
581
739
799
684
836
860
861
879
689
952
1020
1042
855
1066
950
1124
1165
920
1229
1168
1201
1324
1009
1049
1198
1341
1370
1527
1559
1444
914
882
1079
1243
1277
1063
1351
1508
1371
1013
1088
1410
1343
1296
1290
1189
1052
933
950
1529
1230
1414
991
1247
1322
1322
1390
1747
1078
1198
1504
1261
1321
1384
1594
1354
1070
1049
451
1362
1111
1227
1232
1055
1168
1348
1015
1098
1078
843
550
486
384
848
1216
1222
1399
997
1348
1355
1021
1645
1008
1048
1050
1313
1597
1274
1501
1335
1348
1395
1409
1301
763
1257
1454
1055
1438
1041
1452
1498
1411
1520
1300
1480
1377
1540
1541
1368
1225
11
1130
2054
1743
255
371
646
730
1177
1080
1566
1403
1395
1607
1671
1730
1202
911
980
863
478
295
525
266
255
304
560
656
525
427
346
646
989
634
230
179
166
115
417
449
820
1080
780
654
455
445
602
728
578
575
532
382
710
580
370
502
499
557
500
281
281
491
772
714
291
537
904
1058
967
919
909
959
775
833
807
859
956
762
384
177
871
1174
886
909
1097
929
598
984
1280
995
1430
1256
628
1020
1390
1099
1171
1180
1414
1257
1500
1839
1508
932
895
841
1255
1317
983
668
492
922
778
734
530
1233
1447
1209
1266
1276
975
930
1485
1114
1280
1110
1280
829
820
966
1018
682
737
666
525
836
952
911
979
649
981
994
1013
1191
1192
1057
748
452
359
1001
1098
1100
1154
1154
1338
1289
936
1030
773
966
707
519
996
1140
1020
677
790
538
336
397
649
814
878
932
755
956
1064
1079
1165
1046
1073
1073
1016
626
1024
1035
1072
1030
1042
729
1177
1148
1022
1192
1245
1318
1305
1411
1376
1349
1239
1034
693
443
642
615
488
698
532
415
581
314
1008
912
797
461
340
949
1330
1271
1030
1362
1696
1298
1686
1250
1349
1234
968
922
1238
1178
1049
1286
1820
1362
1238
1232
1260
1171
1211
1397
994
1070
860
919
748
468
1297
1240
1157
1168
1054
829
1063
1289
1153
838
410
154
111
1140
1397
1300
1100
1603
1617
1286
1046
1044
1014
768
688
601
593
754
1167
837
1034
1192
867
1414
1150
1366
1246
1209
1150
928
744
376
435
585
449
25
690
643
639
609
1484
1587
1609
1522
1717
1650
1380
2006
1492
1095
879
63
102
744
557
714
510
919
1274
1528
1713
1819
1478
1909
1582
1412
1302
1535
1390
1577
1363
1494
1618
1519
1289
1365
839
388
255
892
1419
1609
1695
1308
1064
979
981
792
635
587
657
689
660
724
461
329
380
473
614
654
438
436
149
1384
1532
1331
1270
1284
932
1082
1339
1404
673
932
1042
936
616
490
574
281
281
239
680
543
366
454
486
339
325
320
210
268
264
397
268
268
214
281
207
311
128
128
141
94
346
216
154
102
89
50
102
82
89
38
38
333
83
268
205
171
255
218
122
141
25
423
76
89
137
512
346
250
371
355
410
216
166
179
115
148
192
243
178
333
264
585
865
703
630
724
577
306
432
754
846
397
246
268
172
243
271
507
632
766
737
1393
1124
902
1096
1242
1738
1802
1853
1423
1338
1208
1036
1253
1031
1341
1181
1390
1750
1845
1582
1716
1508
1346
1447
1404
1307
1134
1215
1284
1261
1338
1192
1815
1534
1314
1489
1748
1743
1493
1656
1523
1579
1466
1317
1638
1357
1038
1166
1323
1310
1112
1138
1158
1212
1342
1201
1573
1338
1516
956
1557
1005
1207
1423
1467
1680
1577
1668
1557
1903
1714
1513
639
387
333
451
1220
1570
1516
1364
1434
1199
1226
1341
1241
1336
1501
1478
934
1290
1144
1198
1627
1792
1368
1362
1280
1130
1193
864
1380
1192
1206
700
538
422
292
243
230
402
802
1214
1295
966
1432
1181
930
991
1389
1488
1421
948
1291
986
1252
1127
1221
530
663
510
855
881
977
807
608
473
115
333
510
645
1137
1310
1275
1324
1260
1698
1685
1402
1062
1066
1129
1239
1064
1562
1116
1389
1085
872
1175
1099
983
1114
1031
987
1159
1216
962
635
825
755
521
694
1058
1032
687
789
708
898
484
510
243
384
384
275
668
837
1120
1107
1219
1065
1028
1377
1309
1253
1245
1249
1256
1269
1450
1243
1466
1440
1436
1580
1545
1076
1523
1479
1553
1479
1679
1775
1178
1685
1528
1201
1518
1545
1655
1792
1634
1479
1602
1336
1622
1467
1618
1540
1584
1552
1485
1191
1650
1615
1114
1352
762
1378
1376
1275
971
1211
1189
901
1205
853
1188
1025
956
1136
1219
1288
1332
1336
1569
1506
1496
1614
1046
1568
1641
1516
1180
1467
1523
1430
1552
1398
1261
1167
1323
1440
1052
1284
1168
1253
1076
885
974
1267
1246
1177
1103
1125
1498
1331
758
1370
1470
1354
1460
1215
1195
798
1172
1193
1017
1116
1372
1311
1604
1404
1295
1589
1437
1205
1155
1439
1465
1407
1535
1418
1385
1567
1288
1257
1439
1602
1368
1168
1434
1541
2088
1405
1500
1534
1195
1388
1289
1269
1378
1370
1452
1404
1286
1097
1083
1266
1648
1076
1205
1194
1284
1432
1227
1184
930
966
1452
1412
844
1331
961
336
911
929
823
912
627
451
484
627
704
328
934
557
478
732
936
359
564
282
243
294
397
244
641
348
833
615
397
265
333
294
240
499
175
371
323
589
413
381
423
423
304
401
512
277
320
371
162
384
278
281
294
168
307
320
186
307
192
178
473
216
281
202
307
205
115
166
612
729
745
821
894
1178
1432
778
973
786
898
746
606
633
657
697
301
334
243
154
966
292
63
115
653
449
616
764
683
68
1172
837
421
496
628
491
436
483
247
307
294
356
666
922
688
646
436
342
553
770
571
505
359
294
282
909
882
744
807
638
555
550
799
566
416
332
473
511
625
395
335
333
245
307
217
359
323
359
213
346
286
320
268
185
141
166
128
207
571
243
128
268
139
281
230
197
205
445
333
657
436
204
1034
896
957
491
243
584
166
166
230
421
1028
1039
1038
517
506
775
580
602
511
402
516
449
279
486
442
352
524
689
1116
881
1086
1270
1129
1343
1287
1384
1440
1440
1505
1344
571
1000
1355
1583
1267
1398
1631
1763
1218
1110
1121
1254
1189
1264
1314
1580
1388
737
763
639
841
669
679
718
711
996
1145
698
855
606
793
920
731
690
1025
967
738
512
581
739
799
684
836
860
861
879
689
952
1020
1042
855
1066
950
1124
1165
920
1229
1168
1201
1324
1009
1049
1198
1341
1370
1527
1559
1444
914
882
1079
1243
1277
1063
1351
1508
1371
1013
1088
1410
1343
1296
1290
1189
1052
933
950
1529
1230
1414
991
1247
1322
1322
1390
1747
1078
1198
1504
1261
1321
1384
1594
1354
1070
1049
451
1362
1111
1227
1232
1055
1168
1348
1015
1098
1078
843
550
486
384
848
1216
1222
1399
997
1348
1355
1021
1645
1008
1048
1050
1313
1597
1274
1501
1335
1348
1395
1409
1301
763
1257
1454
1055
1438
1041
1452
1498
1411
1520
1300
1480
1377
1540
1541
1368
1225
