807
523
784
820
758
590
734
762
715
776
699
630
584
662
720
526
642
584
626
538
442
487
633
623
588
551
563
749
666
379
685
735
677
730
608
598
399
586
596
509
558
686
656
802
702
647
795
718
602
578
720
732
704
768
709
693
783
644
629
720
801
684
584
717
771
1044
703
750
767
598
694
645
635
689
685
726
702
643
548
541
633
824
538
602
597
642
716
613
592
465
483
726
706
422
666
480
168
455
465
411
456
313
226
242
313
352
164
467
278
239
366
468
179
282
141
121
147
199
122
321
174
417
308
199
132
166
147
120
250
87
186
162
295
206
190
212
212
152
200
256
138
160
186
81
192
139
141
147
84
154
160
93
154
96
89
237
108
141
101
154
103
57
83
306
364
373
411
447
589
716
389
486
393
449
373
303
316
329
349
151
167
121
77
483
146
32
57
326
224
308
382
342
34
586
418
210
248
314
246
218
241
124
154
147
178
333
461
344
323
218
171
277
385
285
253
179
147
141
455
441
372
404
319
278
275
400
283
208
166
237
255
312
197
168
166
122
154
108
179
162
179
107
173
143
160
134
93
70
83
64
104
285
121
64
134
70
141
115
98
103
223
166
329
218
102
517
448
479
246
121
292
83
83
115
210
514
520
519
258
253
387
290
301
255
201
258
224
139
243
221
176
262
345
558
441
543
635
564
671
643
692
720
720
752
672
285
500
677
792
633
699
816
881
609
555
561
627
595
632
657
790
694
369
381
319
421
335
339
359
356
498
572
349
428
303
397
460
366
345
513
483
369
256
291
370
400
342
418
430
431
439
345
476
510
521
428
533
475
562
582
460
615
584
601
662
504
524
599
670
685
763
779
722
457
441
540
622
639
531
676
754
686
506
544
705
671
648
645
595
526
466
475
765
615
707
496
623
661
661
695
874
539
599
752
630
660
692
797
677
535
524
226
681
555
613
616
527
584
674
507
549
539
421
275
243
192
424
608
611
700
499
674
677
510
823
504
524
525
656
799
637
751
667
674
697
704
650
381
629
727
527
719
520
726
749
705
760
650
740
688
770
771
684
612
5
565
1027
871
128
186
323
365
588
540
783
701
697
803
836
865
601
455
490
431
239
148
263
133
128
152
280
328
263
213
173
323
495
317
115
90
83
57
209
224
410
540
390
327
227
223
301
364
289
288
266
191
355
290
185
251
250
278
250
141
141
246
386
357
145
268
452
529
483
459
455
479
387
417
404
429
478
381
192
88
435
587
443
455
548
465
299
492
640
497
715
628
314
510
695
550
585
590
707
629
750
919
754
466
448
421
628
659
492
334
246
461
389
367
265
616
724
605
633
638
488
465
742
557
640
555
640
414
410
483
509
341
369
333
263
418
476
455
489
325
490
497
506
595
596
529
374
226
179
500
549
550
577
577
669
645
468
515
387
483
353
260
498
570
510
339
395
269
168
199
325
407
439
466
377
478
532
540
582
523
537
537
508
313
512
517
536
515
521
364
588
574
511
596
622
659
653
705
688
674
619
517
346
221
321
308
244
349
266
207
291
157
504
456
398
230
170
475
665
636
515
681
848
649
843
625
674
617
484
461
619
589
524
643
910
681
619
616
630
585
605
698
497
535
430
459
374
234
649
620
578
584
527
414
531
645
577
419
205
77
56
570
698
650
550
802
809
643
523
522
507
384
344
301
296
377
584
418
517
596
434
707
575
683
623
605
575
464
372
188
217
292
224
12
345
322
319
305
742
793
804
761
858
825
690
1003
746
547
439
32
51
372
278
357
255
459
637
764
857
909
739
954
791
706
651
768
695
789
681
747
809
759
645
683
420
194
128
446
710
804
847
654
532
489
490
396
318
294
329
345
330
362
230
165
190
237
307
327
219
218
74
692
766
666
635
642
466
541
670
702
336
466
521
468
308
245
287
141
141
120
340
271
183
227
243
169
162
160
105
134
132
199
134
134
107
141
104
155
64
64
70
47
173
108
77
51
45
25
51
41
45
19
19
166
42
134
103
86
128
109
61
70
12
212
38
45
69
256
173
125
186
178
205
108
83
90
57
74
96
121
89
166
132
292
432
352
315
362
288
153
216
377
423
199
123
134
86
121
135
254
316
383
369
697
562
451
548
621
869
901
926
711
669
604
518
626
516
670
591
695
875
922
791
858
754
673
724
702
653
567
608
642
630
669
596
908
767
657
745
874
871
746
828
762
789
733
659
819
679
519
583
662
655
556
569
579
606
671
601
786
669
758
478
779
503
604
711
734
840
789
834
779
952
857
756
319
193
166
226
610
785
758
682
717
599
613
670
621
668
751
739
467
645
572
599
813
896
684
681
640
565
596
432
690
596
603
350
269
211
146
121
115
201
401
607
647
483
716
591
465
496
694
744
711
474
646
493
626
564
611
265
332
255
428
441
489
404
304
237
57
166
255
322
568
655
638
662
630
849
843
701
531
533
564
619
532
781
558
694
543
436
588
550
492
557
516
493
579
608
481
318
413
377
261
347
529
516
343
394
354
449
242
255
121
192
192
138
334
418
560
554
609
533
514
688
654
626
622
625
628
635
725
622
733
720
718
790
772
538
762
739
776
739
840
888
589
843
764
601
759
772
827
896
817
739
801
668
811
734
809
770
792
776
742
595
825
807
557
676
381
689
688
638
486
605
595
451
602
427
594
513
478
568
609
644
666
668
785
753
748
807
523
784
820
758
590
734
762
715
776
699
630
584
662
720
526
642
584
626
538
442
487
633
623
588
551
563
749
666
379
685
735
677
730
608
598
399
586
596
509
558
686
656
802
702
647
795
718
602
578
720
732
704
768
709
693
783
644
629
720
801
684
584
717
771
1044
703
750
767
598
694
645
635
689
685
726
702
643
548
541
633
824
538
602
597
642
716
613
592
465
483
726
706
422
666
480
168
455
465
411
456
313
226
242
313
352
164
467
278
239
366
468
179
282
141
121
147
199
122
321
174
417
308
199
132
166
147
120
250
87
186
162
295
206
190
212
212
152
200
256
138
160
186
81
192
139
141
147
84
154
160
93
154
96
89
237
108
141
101
154
103
57
83
306
364
373
411
447
589
716
389
486
393
449
373
303
316
329
349
151
167
121
77
483
146
32
57
326
224
308
382
342
34
586
418
210
248
314
246
218
241
124
154
147
178
333
461
344
323
218
171
277
385
285
253
179
147
141
455
441
372
404
319
278
275
400
283
208
166
237
255
312
197
168
166
122
154
108
179
162
179
107
173
143
160
134
93
70
83
64
104
285
121
64
134
70
141
115
98
103
223
166
329
218
102
517
448
479
246
121
292
83
83
115
210
514
520
519
258
253
387
290
301
255
201
258
224
139
243
221
176
262
345
558
441
543
635
564
671
643
692
720
720
752
672
285
500
677
792
633
699
816
881
609
555
561
627
595
632
657
790
694
369
381
319
421
335
339
359
356
498
572
349
428
303
397
460
366
345
513
483
369
256
291
370
400
342
418
430
431
439
345
476
510
521
428
533
475
562
582
460
615
584
601
662
504
524
599
670
685
763
779
722
457
441
540
622
639
531
676
754
686
506
544
705
671
648
645
595
526
466
475
765
615
707
496
623
661
661
695
874
539
599
752
630
660
692
797
677
535
524
226
681
555
613
616
527
584
674
507
549
539
421
275
243
192
424
608
611
700
499
674
677
510
823
504
524
525
656
799
637
751
667
674
697
704
650
381
629
727
527
719
520
726
749
705
760
650
740
688
770
771
684
612
5
565
1027
871
128
186
323
365
588
540
783
701
697
803
836
865
601
455
490
431
239
148
263
133
128
152
280
328
263
213
173
323
495
317
115
90
83
57
209
224
410
540
390
327
227
223
301
364
289
288
266
191
355
290
185
251
250
278
250
141
141
246
386
357
145
268
452
529
483
459
455
479
387
417
404
429
478
381
192
88
435
587
443
455
548
465
299
492
640
497
715
628
314
510
695
550
585
590
707
629
750
919
754
466
448
421
628
659
492
334
246
461
389
367
265
616
724
605
633
638
488
465
742
557
640
555
640
414
410
483
509
341
369
333
263
418
476
455
489
325
490
497
506
595
596
529
374
226
179
500
549
550
577
577
669
645
468
515
387
483
353
260
498
570
510
339
395
269
168
199
325
407
439
466
377
478
532
540
582
523
537
537
508
313
512
517
536
515
521
364
588
574
511
596
622
659
653
705
688
674
619
517
346
221
321
308
244
349
266
207
291
157
504
456
398
230
170
475
665
636
515
681
848
649
843
625
674
617
484
461
619
589
524
643
910
681
619
616
630
585
605
698
497
535
430
459
374
234
649
620
578
584
527
414
531
645
577
419
205
77
56
570
698
650
550
802
809
643
523
522
507
384
344
301
296
377
584
418
517
596
434
707
575
683
623
605
575
464
372
188
217
292
224
12
345
322
319
305
742
793
804
761
858
825
690
1003
746
547
439
32
51
372
278
357
255
459
637
764
857
909
739
954
791
706
651
768
695
789
681
747
809
759
645
683
420
194
128
446
710
804
847
654
532
489
490
396
318
294
329
345
330
362
230
165
190
237
307
327
219
218
74
692
766
666
635
642
466
541
670
702
336
466
521
468
308
245
287
141
141
120
340
271
183
227
243
169
162
160
105
134
132
199
134
134
107
141
104
155
64
64
70
47
173
108
77
51
45
25
51
41
45
19
19
166
42
134
103
86
128
109
61
70
12
212
38
45
69
256
173
125
186
178
205
108
83
90
57
74
96
121
89
166
132
292
432
352
315
362
288
153
216
377
423
199
123
134
86
121
135
254
316
383
369
697
562
451
548
621
869
901
926
711
669
604
518
626
516
670
591
695
875
922
791
858
754
673
724
702
653
567
608
642
630
669
596
908
767
657
745
874
871
746
828
762
789
733
659
819
679
519
583
662
655
556
569
579
606
671
601
786
669
758
478
779
503
604
711
734
840
789
834
779
952
857
756
319
193
166
226
610
785
758
682
717
599
613
670
621
668
751
739
467
645
572
599
813
896
684
681
640
565
596
432
690
596
603
350
269
211
146
121
115
201
401
607
647
483
716
591
465
496
694
744
711
474
646
493
626
564
611
265
332
255
428
441
489
404
304
237
57
166
255
322
568
655
638
662
630
849
843
701
531
533
564
619
532
781
558
694
543
436
588
550
492
557
516
493
579
608
481
318
413
377
261
347
529
516
343
394
354
449
242
255
121
192
192
138
334
418
560
554
609
533
514
688
654
626
622
625
628
635
725
622
733
720
718
790
772
538
762
739
776
739
840
888
589
843
764
601
759
772
827
896
817
739
801
668
811
734
809
770
792
776
742
595
825
807
557
676
381
689
688
638
486
605
595
451
602
427
594
513
478
568
609
644
666
668
785
753
748
807
523
784
820
758
590
734
762
715
776
699
630
584
662
720
526
642
584
626
538
442
487
633
623
588
551
563
749
666
379
685
735
677
730
608
598
399
586
596
509
558
686
656
802
702
647
795
718
602
578
720
732
704
768
709
693
783
644
629
720
801
684
584
717
771
1044
703
750
767
598
694
645
635
689
685
726
702
643
548
541
633
824
538
602
597
642
716
613
592
465
483
726
706
422
666
480
168
455
465
411
456
313
226
242
313
352
164
467
278
239
366
468
179
282
141
121
147
199
122
321
174
417
308
199
132
166
147
120
250
87
186
162
295
206
190
212
212
152
200
256
138
160
186
81
192
139
141
147
84
154
160
93
154
96
89
237
108
141
101
154
103
57
83
306
364
373
411
447
589
716
389
486
393
449
373
303
316
329
349
151
167
121
77
483
146
32
57
326
224
308
382
342
34
586
418
210
248
314
246
218
241
124
154
147
178
333
461
344
323
218
171
277
385
285
253
179
147
141
455
441
372
404
319
278
275
400
283
208
166
237
255
312
197
168
166
122
154
108
179
162
179
107
173
143
160
134
93
70
83
64
104
285
121
64
134
70
141
115
98
103
223
166
329
218
102
517
448
479
246
121
292
83
83
115
210
514
520
519
258
253
387
290
301
255
201
258
224
139
243
221
176
262
345
558
441
543
635
564
671
643
692
720
720
752
672
285
500
677
792
633
699
816
881
609
555
561
627
595
632
657
790
694
369
381
319
421
335
339
359
356
498
572
349
428
303
397
460
366
345
513
483
369
256
291
370
400
342
418
430
431
439
345
476
510
521
428
533
475
562
582
460
615
584
601
662
504
524
599
670
685
763
779
722
457
441
540
622
639
531
676
754
686
506
544
705
671
648
645
595
526
466
475
765
615
707
496
623
661
661
695
874
539
599
752
630
660
692
797
677
535
524
226
681
555
613
616
527
584
674
507
549
539
421
275
243
192
424
608
611
700
499
674
677
510
823
504
524
525
656
799
637
751
667
674
697
704
650
381
629
727
527
719
520
726
749
705
760
650
740
688
770
771
684
612
