686
457
393
313
354
445
482
429
366
313
298
264
298
285
368
349
211
429
324
325
411
439
404
407
442
628
320
239
275
369
329
293
341
313
260
323
414
576
595
476
271
464
504
388
266
307
420
454
477
397
448
413
375
262
313
400
378
500
565
375
448
428
601
602
580
560
456
514
366
477
486
454
476
276
347
279
410
264
237
367
377
502
385
389
393
284
405
407
375
280
212
310
325
339
341
333
404
343
287
385
390
462
462
277
230
460
384
466
373
341
461
356
321
247
197
255
274
228
306
301
302
329
291
309
216
338
262
216
153
184
187
169
150
261
304
356
381
253
164
207
199
147
286
314
362
337
220
221
271
222
132
120
132
167
205
187
135
84
108
72
294
175
175
150
156
57
60
102
84
94
102
90
86
114
108
126
84
138
108
54
72
69
126
84
151
277
204
226
175
96
114
60
66
48
30
20
36
78
54
48
36
24
19
36
30
30
48
30
42
60
99
90
78
45
78
60
24
145
54
48
18
257
138
52
36
24
30
30
42
48
62
322
360
638
497
318
324
262
170
178
305
236
253
248
282
280
247
184
286
336
370
498
428
547
625
625
546
445
597
653
525
495
503
499
459
461
393
203
265
447
659
466
379
450
428
174
289
236
301
155
205
297
554
361
491
352
432
385
493
729
690
618
568
459
657
582
317
108
147
144
123
132
100
427
510
483
420
334
382
439
397
382
339
513
606
631
404
508
593
729
650
835
605
923
777
727
695
497
590
652
699
693
676
660
647
705
634
546
631
506
586
537
606
612
336
494
595
421
453
541
438
476
368
366
319
260
180
283
215
295
269
562
492
473
467
533
759
383
222
203
289
134
162
118
114
150
140
108
90
66
29
211
368
223
307
233
205
97
251
545
516
536
551
611
609
620
664
740
579
726
622
486
498
268
289
579
568
559
533
473
397
474
468
543
494
441
393
741
543
590
642
690
568
781
634
834
353
515
462
726
683
561
813
569
586
524
560
594
640
761
696
650
667
627
529
635
731
580
506
637
613
567
552
602
867
586
374
529
657
398
408
455
329
653
805
644
277
465
291
371
194
410
293
478
318
511
370
544
470
433
502
465
513
487
440
198
309
307
225
487
505
526
656
631
641
629
525
631
601
563
516
548
552
562
546
510
571
589
530
589
592
535
574
549
544
611
642
449
614
622
464
670
424
676
700
584
608
590
645
404
696
670
606
336
500
518
627
630
633
446
297
544
121
156
238
280
339
352
376
396
442
481
85
674
1110
674
815
749
771
924
825
895
900
768
608
878
640
925
933
404
843
699
796
941
800
781
827
840
923
825
934
985
742
1072
874
1041
775
742
710
1014
965
1006
461
865
757
862
762
891
1045
924
553
695
910
803
629
878
688
954
1092
750
761
992
939
864
981
764
810
892
809
881
733
694
582
840
641
381
124
478
413
421
488
585
635
569
513
442
436
575
748
590
725
843
845
754
728
763
785
581
727
697
621
655
702
623
641
636
72
194
193
267
299
499
849
637
813
819
690
816
785
772
713
722
625
727
854
941
691
760
722
793
764
803
615
719
715
803
841
988
694
601
597
589
532
665
596
512
524
589
638
669
768
401
640
564
751
596
904
721
548
665
662
720
794
662
790
620
612
749
607
535
603
393
271
218
490
618
492
383
553
361
474
346
211
610
120
304
493
542
625
613
573
637
486
612
892
968
840
374
199
279
322
397
172
271
573
687
668
650
644
740
785
816
770
619
428
684
739
761
814
596
646
614
575
521
644
741
625
769
732
471
307
315
424
417
411
256
269
344
454
393
264
60
255
280
257
600
506
559
608
660
533
399
319
286
366
420
478
564
453
390
72
257
102
10
334
168
83
567
562
701
662
541
444
503
464
387
285
175
231
280
219
232
414
485
619
526
545
524
565
462
492
408
530
390
601
862
663
902
713
960
841
886
879
901
855
838
498
852
735
967
881
874
759
882
975
600
642
840
821
827
954
1055
1106
905
523
543
523
571
676
764
910
750
1082
780
914
910
965
863
779
838
866
870
836
923
613
862
745
833
529
546
406
418
374
534
591
555
498
553
446
586
472
555
493
560
638
568
579
510
485
559
663
669
748
876
845
739
939
846
742
853
827
686
880
742
814
1028
961
722
522
603
617
740
882
870
721
650
655
567
489
509
607
426
489
527
636
383
378
249
186
150
105
90
102
144
253
228
248
184
205
155
168
150
129
150
138
277
105
108
90
211
228
319
96
158
276
325
372
377
259
264
341
389
418
433
371
442
369
467
393
292
427
438
377
349
442
338
349
276
162
195
205
168
252
350
566
467
440
328
417
342
286
214
211
85
120
108
108
150
115
175
89
469
229
72
262
272
236
273
410
363
315
288
362
284
337
389
324
305
243
303
286
366
351
276
348
456
439
579
542
519
469
377
478
455
494
597
512
460
585
461
484
470
611
575
495
497
489
547
567
663
396
966
737
954
420
591
399
611
590
365
426
297
411
382
362
317
358
358
364
382
564
897
655
932
761
614
394
307
538
467
465
501
441
602
544
524
646
563
492
573
594
521
458
491
572
591
554
495
515
390
675
627
649
396
463
769
638
629
655
629
488
694
614
435
542
634
556
603
549
567
733
523
437
480
428
118
181
210
170
132
68
247
92
138
119
181
103
84
30
30
61
199
123
102
126
134
193
178
216
270
314
319
199
408
546
443
415
412
205
231
341
203
238
253
210
80
181
84
156
344
381
338
408
340
492
417
416
446
393
249
150
313
336
168
162
169
144
492
496
561
766
520
673
543
426
578
652
732
553
589
586
388
523
546
434
369
612
537
761
645
573
548
383
454
581
594
546
349
399
418
505
549
563
661
544
379
602
611
527
288
367
470
440
579
518
445
485
393
515
544
471
555
451
686
457
393
313
354
445
482
429
366
313
298
264
298
285
368
349
211
429
324
325
411
439
404
407
442
628
320
239
275
369
329
293
341
313
260
323
414
576
595
476
271
464
504
388
266
307
420
454
477
397
448
413
375
262
313
400
378
500
565
375
448
428
601
602
580
560
456
514
366
477
486
454
476
276
347
279
410
264
237
367
377
502
385
389
393
284
405
407
375
280
212
310
325
339
341
333
404
343
287
385
390
462
462
277
230
460
384
466
373
341
461
356
321
247
197
255
274
228
306
301
302
329
291
309
216
338
262
216
153
184
187
169
150
261
304
356
381
253
164
207
199
147
286
314
362
337
220
221
271
222
132
120
132
167
205
187
135
84
108
72
294
175
175
150
156
57
60
102
84
94
102
90
86
114
108
126
84
138
108
54
72
69
126
84
151
277
204
226
175
96
114
60
66
48
30
20
36
78
54
48
36
24
19
36
30
30
48
30
42
60
99
90
78
45
78
60
24
145
54
48
18
257
138
52
36
24
30
30
42
48
62
322
360
638
497
318
324
262
170
178
305
236
253
248
282
280
247
184
286
336
370
498
428
547
625
625
546
445
597
653
525
495
503
499
459
461
393
203
265
447
659
466
379
450
428
174
289
236
301
155
205
297
554
361
491
352
432
385
493
729
690
618
568
459
657
582
317
108
147
144
123
132
100
427
510
483
420
334
382
439
397
382
339
513
606
631
404
508
593
729
650
835
605
923
777
727
695
497
590
652
699
693
676
660
647
705
634
546
631
506
586
537
606
612
336
494
595
421
453
541
438
476
368
366
319
260
180
283
215
295
269
562
492
473
467
533
759
383
222
203
289
134
162
118
114
150
140
108
90
66
29
211
368
223
307
233
205
97
251
545
516
536
551
611
609
620
664
740
579
726
622
486
498
268
289
579
568
559
533
473
397
474
468
543
494
441
393
741
543
590
642
690
568
781
634
834
353
515
462
726
683
561
813
569
586
524
560
594
640
761
696
650
667
627
529
635
731
580
506
637
613
567
552
602
867
586
374
529
657
398
408
455
329
653
805
644
277
465
291
371
194
410
293
478
318
511
370
544
470
433
502
465
513
487
440
198
309
307
225
487
505
526
656
631
641
629
525
631
601
563
516
548
552
562
546
510
571
589
530
589
592
535
574
549
544
611
642
449
614
622
464
670
424
676
700
584
608
590
645
404
696
670
606
336
500
518
627
630
633
446
297
544
121
156
238
280
339
352
376
396
442
481
85
674
1110
674
815
749
771
924
825
895
900
768
608
878
640
925
933
404
843
699
796
941
800
781
827
840
923
825
934
985
742
1072
874
1041
775
742
710
1014
965
1006
461
865
757
862
762
891
1045
924
553
695
910
803
629
878
688
954
1092
750
761
992
939
864
981
764
810
892
809
881
733
694
582
840
641
381
124
478
413
421
488
585
635
569
513
442
436
575
748
590
725
843
845
754
728
763
785
581
727
697
621
655
702
623
641
636
72
194
193
267
299
499
849
637
813
819
690
816
785
772
713
722
625
727
854
941
691
760
722
793
764
803
615
719
715
803
841
988
694
601
597
589
532
665
596
512
524
589
638
669
768
401
640
564
751
596
904
721
548
665
662
720
794
662
790
620
612
749
607
535
603
393
271
218
490
618
492
383
553
361
474
346
211
610
120
304
493
542
625
613
573
637
486
612
892
968
840
374
199
279
322
397
172
271
573
687
668
650
644
740
785
816
770
619
428
684
739
761
814
596
646
614
575
521
644
741
625
769
732
471
307
315
424
417
411
256
269
344
454
393
264
60
255
280
257
600
506
559
608
660
533
399
319
286
366
420
478
564
453
390
72
257
102
10
334
168
83
567
562
701
662
541
444
503
464
387
285
175
231
280
219
232
414
485
619
526
545
524
565
462
492
408
530
390
601
862
663
902
713
960
841
886
879
901
855
838
498
852
735
967
881
874
759
882
975
600
642
840
821
827
954
1055
1106
905
523
543
523
571
676
764
910
750
1082
780
914
910
965
863
779
838
866
870
836
923
613
862
745
833
529
546
406
418
374
534
591
555
498
553
446
586
472
555
493
560
638
568
579
510
485
559
663
669
748
876
845
739
939
846
742
853
827
686
880
742
814
1028
961
722
522
603
617
740
882
870
721
650
655
567
489
509
607
426
489
527
636
383
378
249
186
150
105
90
102
144
253
228
248
184
205
155
168
150
129
150
138
277
105
108
90
211
228
319
96
158
276
325
372
377
259
264
341
389
418
433
371
442
369
467
393
292
427
438
377
349
442
338
349
276
162
195
205
168
252
350
566
467
440
328
417
342
286
214
211
85
120
108
108
150
115
175
89
469
229
72
262
272
236
273
410
363
315
288
362
284
337
389
324
305
243
303
286
366
351
276
348
456
439
579
542
519
469
377
478
455
494
597
512
460
585
461
484
470
611
575
495
497
489
547
567
663
396
966
737
954
420
591
399
611
590
365
426
297
411
382
362
317
358
358
364
382
564
897
655
932
761
614
394
307
538
467
465
501
441
602
544
524
646
563
492
573
594
521
458
491
572
591
554
495
515
390
675
627
649
396
463
769
638
629
655
629
488
694
614
435
542
634
556
603
549
567
733
523
437
480
428
118
181
210
170
132
68
247
92
138
119
181
103
84
30
30
61
199
123
102
126
134
193
178
216
270
314
319
199
408
546
443
415
412
205
231
341
203
238
253
210
80
181
84
156
344
381
338
408
340
492
417
416
446
393
249
150
313
336
168
162
169
144
492
496
561
766
520
673
543
426
578
652
732
553
589
586
388
523
546
434
369
612
537
761
645
573
548
383
454
581
594
546
349
399
418
505
549
563
661
544
379
602
611
527
288
367
470
440
579
518
445
485
393
515
544
471
555
451
686
457
393
313
354
445
482
429
366
313
298
264
298
285
368
349
211
429
324
325
411
439
404
407
442
628
320
239
275
369
329
293
341
313
260
323
414
576
595
476
271
464
504
388
266
307
420
454
477
397
448
413
375
262
313
400
378
500
565
375
448
428
601
602
580
560
456
514
366
477
486
454
476
276
347
279
410
264
237
367
377
502
385
389
393
284
405
407
375
280
212
310
325
339
341
333
404
343
287
385
390
462
462
277
230
460
384
466
373
341
461
356
321
247
197
255
274
228
306
301
302
329
291
309
216
338
262
216
153
184
187
169
150
261
304
356
381
253
164
207
199
147
286
314
362
337
220
221
271
222
132
120
132
167
205
187
135
84
108
72
294
175
175
150
156
57
60
102
84
94
102
90
86
114
108
126
84
138
108
54
72
69
126
84
151
277
204
226
175
96
114
60
66
48
30
20
36
78
54
48
36
24
19
36
30
30
48
30
42
60
99
90
78
45
78
60
24
145
54
48
18
257
138
52
36
24
30
30
42
48
62
322
360
638
497
318
324
262
170
178
305
236
253
248
282
280
247
184
286
336
370
498
428
547
625
625
546
445
597
653
525
495
503
499
459
461
393
203
265
447
659
466
379
450
428
174
289
236
301
155
205
297
554
361
491
352
432
385
493
729
690
618
568
459
657
582
317
108
147
144
123
132
100
427
510
483
420
334
382
439
397
382
339
513
606
631
404
508
593
729
650
835
605
923
777
727
695
497
590
652
699
693
676
660
647
705
634
546
631
506
586
537
606
612
336
494
595
421
453
541
438
476
368
366
319
260
180
283
215
295
269
562
492
473
467
533
759
383
222
203
289
134
162
118
114
150
140
108
90
66
29
211
368
223
307
233
205
97
251
545
516
536
551
611
609
620
664
740
579
726
622
486
498
268
289
579
568
559
533
473
397
474
468
543
494
441
393
741
543
590
642
690
568
781
634
834
353
515
462
726
683
561
813
569
586
524
560
594
640
761
696
650
667
627
529
635
731
580
506
637
613
567
552
602
867
586
374
529
657
398
408
455
329
653
805
644
277
465
291
371
194
410
293
478
318
511
370
544
470
433
502
465
513
487
440
198
309
307
225
487
505
526
656
631
641
629
525
631
601
563
516
548
552
562
546
510
571
589
530
589
592
535
574
549
544
611
642
449
614
622
464
670
424
676
700
584
608
590
645
404
696
670
606
336
500
518
627
630
633
446
297
544
121
156
238
280
339
352
376
396
442
481
85
