21
119
173
458
615
307
255
452
294
321
262
466
341
500
441
255
283
242
268
301
202
136
179
190
192
181
173
131
130
115
76
83
59
83
64
90
315
372
356
393
399
335
341
361
220
337
191
192
152
161
146
226
202
248
119
110
79
67
201
194
208
275
259
115
133
220
137
81
50
21
75
142
301
380
238
356
211
225
247
334
302
261
293
319
240
137
229
315
279
270
210
270
397
353
216
129
94
297
337
309
241
303
239
230
204
202
167
143
80
47
80
104
79
72
104
108
96
104
72
76
131
151
100
110
180
218
184
170
191
143
93
106
90
76
140
169
181
230
194
122
137
90
122
93
147
194
135
151
104
126
114
101
114
138
314
190
192
189
216
234
235
173
271
264
182
146
198
167
148
229
277
284
221
239
185
137
97
67
36
54
131
197
257
213
192
136
296
192
275
194
316
375
239
295
268
225
69
139
315
376
476
332
336
306
326
295
307
399
296
346
395
381
435
466
447
349
453
321
418
443
330
393
374
415
380
414
416
357
335
308
304
181
279
260
320
253
299
296
199
239
215
152
176
144
154
160
223
130
203
211
187
77
101
255
192
311
306
290
321
356
474
360
346
405
331
235
282
154
218
212
140
219
203
243
213
151
262
244
258
261
244
217
270
210
292
291
303
328
297
243
312
248
285
296
318
198
305
260
245
126
119
219
208
192
162
176
240
126
133
246
255
219
160
294
202
191
228
234
244
253
202
168
229
261
227
180
237
203
227
188
155
150
183
206
158
168
3
224
258
90
58
63
83
115
60
58
137
133
93
86
97
90
83
58
61
52
43
72
81
287
234
169
33
105
152
151
135
176
112
119
122
106
144
116
108
122
99
126
101
126
77
107
122
111
123
146
167
198
216
206
204
187
198
191
201
210
216
226
43
321
211
201
221
222
242
214
222
223
218
250
218
157
157
179
190
104
25
52
97
85
137
177
204
143
90
89
104
112
140
157
90
77
119
69
58
50
36
31
50
129
231
185
193
147
194
145
151
159
161
187
264
145
201
131
161
69
126
110
107
108
84
101
93
110
128
143
154
175
158
133
144
145
164
211
210
215
216
193
181
86
270
361
367
317
121
136
133
120
158
308
270
288
375
201
90
43
208
306
207
239
294
243
201
225
379
336
577
508
383
386
394
381
373
392
184
90
92
137
200
235
230
203
64
219
200
155
162
106
135
140
102
126
102
118
162
105
103
146
140
60
75
81
133
111
111
90
50
4
10
299
404
368
323
355
290
393
430
365
297
298
345
400
354
367
405
329
335
365
349
343
311
335
220
145
169
218
160
153
187
112
95
104
83
49
187
101
93
84
86
105
122
84
86
86
64
29
79
56
54
112
54
102
119
56
75
43
44
14
144
49
108
72
126
133
215
206
155
155
252
194
188
204
249
218
223
68
125
126
66
25
88
155
129
111
276
271
177
240
232
215
230
165
99
86
57
72
93
115
78
145
174
200
231
262
427
425
434
335
168
339
284
271
378
465
400
214
285
157
241
87
145
147
196
302
314
367
448
419
350
259
364
344
356
358
385
539
528
485
552
475
272
428
460
448
488
469
476
579
562
539
580
581
621
506
625
550
527
520
477
499
525
330
412
402
382
437
418
454
426
537
516
497
583
443
448
452
540
524
420
399
312
496
456
480
331
405
403
496
406
502
463
469
539
565
647
364
469
560
621
552
636
543
475
476
574
464
607
515
525
468
321
529
604
482
494
463
384
448
508
521
524
407
375
476
518
532
557
390
312
378
320
266
398
423
325
253
319
387
322
260
355
474
332
390
487
525
438
477
412
515
577
548
400
485
431
440
461
494
410
436
359
407
418
457
354
345
402
406
413
475
302
302
261
297
323
230
203
186
307
155
182
133
43
19
90
117
176
173
39
166
198
397
324
258
244
203
214
169
103
107
64
160
165
181
191
209
153
223
241
257
272
203
248
245
256
235
223
241
198
43
173
219
173
156
196
227
160
121
185
155
205
171
192
195
204
232
225
236
232
265
192
281
237
267
267
194
285
230
247
205
172
229
283
264
355
315
327
269
316
325
269
200
279
284
267
192
248
255
206
286
210
257
224
241
236
300
214
88
273
172
202
205
215
121
186
228
223
233
227
180
226
258
192
256
164
212
202
201
204
206
208
224
216
196
138
183
151
151
159
158
151
115
132
173
147
142
152
173
105
137
126
176
148
187
173
169
119
144
108
133
74
115
119
71
90
89
310
277
395
191
348
229
123
218
342
196
248
226
244
231
180
320
205
135
148
202
244
181
212
124
89
79
59
47
39
36
34
43
64
54
102
122
109
109
153
122
109
97
87
118
162
173
220
157
192
145
171
174
136
186
173
181
218
181
151
151
162
51
153
173
107
99
155
67
97
62
301
203
202
252
338
267
323
346
258
286
172
208
194
152
141
122
134
144
107
163
192
217
254
122
199
161
188
223
265
250
220
285
290
305
292
206
268
319
206
221
172
138
116
130
125
122
56
79
73
122
118
125
144
72
93
54
144
92
98
137
88
75
54
64
43
188
160
139
168
155
101
124
137
78
101
133
91
86
54
64
69
86
58
55
72
39
16
50
72
88
87
137
98
219
158
142
107
122
129
166
143
293
281
187
133
79
47
56
39
150
79
94
86
133
162
124
144
109
112
140
117
191
180
170
209
197
206
222
247
169
128
125
385
293
376
332
305
202
217
268
247
214
104
71
158
113
118
122
210
215
270
262
346
279
317
378
401
401
399
377
395
475
334
366
370
405
482
501
418
381
356
340
376
385
398
287
286
204
252
242
184
226
174
137
125
161
194
120
174
171
115
119
49
259
325
253
257
361
337
258
321
238
264
269
272
260
246
296
294
299
301
390
289
285
371
364
345
315
319
254
318
253
273
285
270
303
304
343
239
352
262
258
294
294
346
350
350
337
401
289
336
374
354
345
314
400
432
475
337
281
421
281
146
268
225
275
365
363
320
368
241
302
301
338
280
199
288
181
129
185
293
222
224
226
274
271
244
277
238
355
407
306
370
218
270
188
281
234
298
330
207
238
186
180
139
303
330
354
338
343
371
344
352
341
281
355
320
442
403
340
276
227
151
231
251
278
151
244
239
214
142
253
230
250
243
223
211
235
341
312
376
394
430
384
390
386
408
339
438
407
423
431
428
540
47
21
119
173
458
615
307
255
452
294
321
262
466
341
500
441
255
283
242
268
301
202
136
179
190
192
181
173
131
130
115
76
83
59
83
64
90
315
372
356
393
399
335
341
361
220
337
191
192
152
161
146
226
202
248
119
110
79
67
201
194
208
275
259
115
133
220
137
81
50
21
75
142
301
380
238
356
211
225
247
334
302
261
293
319
240
137
229
315
279
270
210
270
397
353
216
129
94
297
337
309
241
303
239
230
204
202
167
143
80
47
80
104
79
72
104
108
96
104
72
76
131
151
100
110
180
218
184
170
191
143
93
106
90
76
140
169
181
230
194
122
137
90
122
93
147
194
135
151
104
126
114
101
114
138
314
190
192
189
216
234
235
173
271
264
182
146
198
167
148
229
277
284
221
239
185
137
97
67
36
54
131
197
257
213
192
136
296
192
275
194
316
375
239
295
268
225
69
139
315
376
476
332
336
306
326
295
307
399
296
346
395
381
435
466
447
349
453
321
418
443
330
393
374
415
380
414
416
357
335
308
304
181
279
260
320
253
299
296
199
239
215
152
176
144
154
160
223
130
203
211
187
77
101
255
192
311
306
290
321
356
474
360
346
405
331
235
282
154
218
212
140
219
203
243
213
151
262
244
258
261
244
217
270
210
292
291
303
328
297
243
312
248
285
296
318
198
305
260
245
126
119
219
208
192
162
176
240
126
133
246
255
219
160
294
202
191
228
234
244
253
202
168
229
261
227
180
237
203
227
188
155
150
183
206
158
168
3
224
258
90
58
63
83
115
60
58
137
133
93
86
97
90
83
58
61
52
43
72
81
287
234
169
33
105
152
151
135
176
112
119
122
106
144
116
108
122
99
126
101
126
77
107
122
111
123
146
167
198
216
206
204
187
198
191
201
210
216
226
43
321
211
201
221
222
242
214
222
223
218
250
218
157
157
179
190
104
25
52
97
85
137
177
204
143
90
89
104
112
140
157
90
77
119
69
58
50
36
31
50
129
231
185
193
147
194
145
151
159
161
187
264
145
201
131
161
69
126
110
107
108
84
101
93
110
128
143
154
175
158
133
144
145
164
211
210
215
216
193
181
86
270
361
367
317
121
136
133
120
158
308
270
288
375
201
90
43
208
306
207
239
294
243
201
225
379
336
577
508
383
386
394
381
373
392
184
90
92
137
200
235
230
203
64
219
200
155
162
106
135
140
102
126
102
118
162
105
103
146
140
60
75
81
133
111
111
90
50
4
10
299
404
368
323
355
290
393
430
365
297
298
345
400
354
367
405
329
335
365
349
343
311
335
220
145
169
218
160
153
187
112
95
104
83
49
187
101
93
84
86
105
122
84
86
86
64
29
79
56
54
112
54
102
119
56
75
43
44
14
144
49
108
72
126
133
215
206
155
155
252
194
188
204
249
218
223
68
125
126
66
25
88
155
129
111
276
271
177
240
232
215
230
165
99
86
57
72
93
115
78
145
174
200
231
262
427
425
434
335
168
339
284
271
378
465
400
214
285
157
241
87
145
147
196
302
314
367
448
419
350
259
364
344
356
358
385
539
528
485
552
475
272
428
460
448
488
469
476
579
562
539
580
581
621
506
625
550
527
520
477
499
525
330
412
402
382
437
418
454
426
537
516
497
583
443
448
452
540
524
420
399
312
496
456
480
331
405
403
496
406
502
463
469
539
565
647
364
469
560
621
552
636
543
475
476
574
464
607
515
525
468
321
529
604
482
494
463
384
448
508
521
524
407
375
476
518
532
557
390
312
378
320
266
398
423
325
253
319
387
322
260
355
474
332
390
487
525
438
477
412
515
577
548
400
485
431
440
461
494
410
436
359
407
418
457
354
345
402
406
413
475
302
302
261
297
323
230
203
186
307
155
182
133
43
19
90
117
176
173
39
166
198
397
324
258
244
203
214
169
103
107
64
160
165
181
191
209
153
223
241
257
272
203
248
245
256
235
223
241
198
43
173
219
173
156
196
227
160
121
185
155
205
171
192
195
204
232
225
236
232
265
192
281
237
267
267
194
285
230
247
205
172
229
283
264
355
315
327
269
316
325
269
200
279
284
267
192
248
255
206
286
210
257
224
241
236
300
214
88
273
172
202
205
215
121
186
228
223
233
227
180
226
258
192
256
164
212
202
201
204
206
208
224
216
196
138
183
151
151
159
158
151
115
132
173
147
142
152
173
105
137
126
176
148
187
173
169
119
144
108
133
74
115
119
71
90
89
310
277
395
191
348
229
123
218
342
196
248
226
244
231
180
320
205
135
148
202
244
181
212
124
89
79
59
47
39
36
34
43
64
54
102
122
109
109
153
122
109
97
87
118
162
173
220
157
192
145
171
174
136
186
173
181
218
181
151
151
162
51
153
173
107
99
155
67
97
62
301
203
202
252
338
267
323
346
258
286
172
208
194
152
141
122
134
144
107
163
192
217
254
122
199
161
188
223
265
250
220
285
290
305
292
206
268
319
206
221
172
138
116
130
125
122
56
79
73
122
118
125
144
72
93
54
144
92
98
137
88
75
54
64
43
188
160
139
168
155
101
124
137
78
101
133
91
86
54
64
69
86
58
55
72
39
16
50
72
88
87
137
98
219
158
142
107
122
129
166
143
293
281
187
133
79
47
56
39
150
79
94
86
133
162
124
144
109
112
140
117
191
180
170
209
197
206
222
247
169
128
125
385
293
376
332
305
202
217
268
247
214
104
71
158
113
118
122
210
215
270
262
346
279
317
378
401
401
399
377
395
475
334
366
370
405
482
501
418
381
356
340
376
385
398
287
286
204
252
242
184
226
174
137
125
161
194
120
174
171
115
119
49
259
325
253
257
361
337
258
321
238
264
269
272
260
246
296
294
299
301
390
289
285
371
364
345
315
319
254
318
253
273
285
270
303
304
343
239
352
262
258
294
294
346
350
350
337
401
289
336
374
354
345
314
400
432
475
337
281
421
281
146
268
225
275
365
363
320
368
241
302
301
338
280
199
288
181
129
185
293
222
224
226
274
271
244
277
238
355
407
306
370
218
270
188
281
234
298
330
207
238
186
180
139
303
330
354
338
343
371
344
352
341
281
355
320
442
403
340
276
227
151
231
251
278
151
244
239
214
142
253
230
250
243
223
211
235
341
312
376
394
430
384
390
386
408
339
438
407
423
431
428
540
47
21
119
173
458
615
307
255
452
294
321
262
466
341
500
441
255
283
242
268
301
202
136
179
190
192
181
173
131
130
115
76
83
59
83
64
90
315
372
356
393
399
335
341
361
220
337
191
192
152
161
146
226
202
248
119
110
79
67
201
194
208
275
259
115
133
220
137
81
50
21
75
142
301
380
238
356
211
225
247
334
302
261
293
319
240
137
229
315
279
270
210
270
397
353
216
129
94
297
337
309
241
303
239
230
204
202
167
143
80
47
80
104
79
72
104
108
96
104
72
76
131
151
100
110
180
218
184
170
191
143
93
106
90
76
140
169
181
230
194
122
137
90
122
93
147
194
135
151
104
126
114
101
114
138
314
190
192
189
216
234
235
173
271
264
182
146
198
167
148
229
277
284
221
239
185
137
97
67
36
54
131
197
257
213
192
136
296
192
275
194
316
375
239
295
268
225
69
139
315
376
476
332
336
306
326
295
307
399
296
346
395
381
435
466
447
349
453
321
418
443
330
393
374
415
380
414
416
357
335
308
304
181
279
260
320
253
299
296
199
239
215
152
176
144
154
160
223
130
203
211
187
77
101
255
192
311
306
290
321
356
474
360
346
405
331
235
282
154
218
212
140
219
203
243
213
151
262
244
258
261
244
217
270
210
292
291
303
328
297
243
312
248
285
296
318
198
305
260
245
126
119
219
208
192
162
176
240
126
133
246
255
219
160
294
202
191
228
234
244
253
202
168
229
261
227
180
237
203
227
188
155
150
183
206
158
168
3
224
258
90
58
63
83
115
60
58
137
133
93
86
97
90
83
58
61
52
43
72
81
287
234
169
33
105
152
151
135
176
112
119
122
106
144
116
108
122
99
126
101
126
77
107
122
111
123
146
167
198
216
206
204
187
198
191
201
210
216
226
43
321
211
201
221
222
242
214
222
223
218
250
218
157
157
179
190
104
25
52
97
85
137
177
204
143
90
89
104
112
140
157
90
77
119
69
58
50
36
31
50
129
231
185
193
147
194
145
151
159
161
187
264
145
201
131
161
69
126
110
107
108
84
101
93
110
128
143
154
175
158
133
144
145
164
211
210
215
216
193
181
86
270
361
367
317
121
136
133
120
158
308
270
288
375
201
90
43
208
306
207
239
294
243
201
225
379
336
577
508
383
386
394
381
373
392
184
90
92
137
200
235
230
203
64
219
200
155
162
106
135
140
102
126
102
118
162
105
103
146
140
60
75
81
133
111
111
90
50
4
10
299
404
368
323
355
290
393
430
365
297
298
345
400
354
367
405
329
335
365
349
343
311
335
220
145
169
218
160
153
187
112
95
104
83
49
187
101
93
84
86
105
122
84
86
86
64
29
79
56
54
112
54
102
119
56
75
43
44
14
144
49
108
72
126
133
215
206
155
155
252
194
188
204
249
218
223
68
125
126
66
25
88
155
129
111
276
271
177
240
232
215
230
165
99
86
57
72
93
115
78
145
174
200
231
262
427
425
434
335
168
339
284
271
378
465
400
214
285
157
241
87
145
147
196
302
314
367
448
419
350
259
364
344
356
358
385
539
528
485
552
475
272
428
460
448
488
469
476
579
562
539
580
581
621
506
625
550
527
520
477
499
525
330
412
402
382
437
418
454
426
537
516
497
583
443
448
452
540
524
420
399
312
496
456
480
331
405
403
496
406
502
463
469
539
565
647
364
469
560
621
552
636
543
475
476
574
464
607
515
525
468
321
529
604
482
494
463
384
448
508
521
524
407
375
476
518
532
557
390
312
378
320
266
398
423
325
253
319
387
322
260
355
474
332
390
487
525
438
477
412
515
577
548
400
485
431
440
461
494
410
436
359
407
418
457
354
345
402
406
413
475
302
302
261
297
323
230
203
186
307
155
182
133
43
19
90
117
176
173
39
166
198
397
324
258
244
203
214
169
103
107
64
160
165
181
191
209
153
223
241
257
272
203
248
245
256
235
223
241
198
43
173
219
173
156
196
227
160
121
185
155
205
171
192
195
204
232
225
236
232
265
192
281
237
267
267
194
285
230
247
205
172
229
283
264
355
315
327
269
316
325
269
200
279
284
267
192
248
255
206
286
210
257
224
241
236
300
214
88
273
172
202
205
215
121
186
228
223
233
227
180
226
258
192
256
164
212
202
201
204
206
208
224
216
196
138
183
151
151
159
158
151
115
132
173
147
142
152
173
105
137
126
176
148
187
173
169
119
144
108
133
74
115
119
71
90
89
310
277
395
191
348
229
123
218
342
196
248
226
244
231
180
320
205
135
148
202
244
181
212
124
89
79
59
47
39
36
34
43
64
54
102
122
109
109
153
122
109
97
87
118
162
173
220
157
192
145
171
174
136
186
173
181
218
181
151
151
162
51
153
173
107
99
155
67
97
62
301
203
202
252
338
267
323
346
258
286
172
208
194
152
141
122
134
144
107
163
192
217
254
122
199
161
188
223
265
250
220
285
290
305
292
206
268
319
206
221
172
138
116
130
125
122
56
79
73
122
118
125
144
72
93
54
144
92
98
137
88
75
54
64
43
188
160
139
168
155
101
124
137
78
101
133
91
86
54
64
69
86
58
55
72
39
16
50
72
88
87
137
98
219
158
142
107
122
129
166
143
293
281
187
133
79
47
56
39
150
79
94
86
133
162
124
144
109
112
140
117
191
180
170
209
197
206
222
247
169
128
125
385
293
376
332
305
202
217
268
247
214
104
71
158
113
118
122
210
215
270
262
346
279
317
378
401
401
399
377
395
475
334
366
370
405
482
501
418
381
356
340
376
385
398
287
286
204
252
242
184
226
174
137
125
161
194
120
174
171
115
119
49
259
325
253
257
361
337
258
321
238
264
269
272
260
246
296
294
299
301
390
289
285
371
364
345
315
319
254
318
253
273
285
270
303
304
343
239
352
262
258
294
294
346
350
350
337
401
289
336
374
354
345
314
400
432
475
337
281
421
281
146
268
225
275
365
363
320
368
241
302
301
338
280
199
288
181
129
185
293
222
224
226
274
271
244
277
238
355
407
306
370
218
270
188
281
234
298
330
207
238
186
180
139
303
330
354
338
343
371
344
352
341
281
355
320
442
403
340
276
227
151
231
251
278
151
244
239
214
142
253
230
250
243
223
211
235
341
312
376
394
430
384
390
386
408
339
438
407
423
431
428
540
47
