1404
1015
197
632
912
906
808
1058
671
713
734
634
863
699
648
734
596
756
606
756
462
640
734
663
738
875
999
1189
1297
1234
1224
1121
1189
1143
1208
1258
1295
1356
259
1925
1266
1204
1329
1331
1449
1281
1335
1337
1305
1499
1311
944
940
1072
1141
626
150
310
582
511
819
1062
1224
857
537
531
626
669
839
942
539
462
713
415
346
302
215
188
302
774
1386
1112
1159
881
1165
869
904
956
963
1119
1581
871
1208
788
965
413
756
659
644
648
501
604
557
657
768
861
922
1050
950
798
863
869
985
1264
1262
1287
1293
1159
1084
517
1621
2164
2199
1903
729
813
798
723
946
1850
1621
1726
2253
1206
539
259
1246
1834
1240
1435
1765
1459
1204
1348
2272
2016
3463
3050
2296
2316
2361
2284
2239
2349
1106
539
551
823
1200
1410
1378
1220
385
1313
1202
928
971
636
809
841
614
756
612
709
971
628
616
875
841
357
452
486
798
663
663
539
302
24
59
1797
2424
2209
1941
2132
1737
2359
2582
2192
1785
1789
2069
2401
2126
2199
2432
1972
2010
2188
2097
2057
1864
2012
1321
869
1015
1305
958
920
1123
669
573
626
496
292
1123
606
561
501
517
632
734
505
517
515
385
172
474
338
324
671
324
614
713
338
452
259
263
85
863
292
648
432
756
796
1287
1234
928
932
1512
1163
1125
1222
1493
1309
1341
409
748
756
397
150
527
932
776
665
1658
1625
1062
1439
1392
1291
1382
987
594
517
342
430
557
691
468
869
1044
1198
1386
1570
2565
2549
2604
2010
1011
2034
1704
1629
2269
2788
2401
1281
1708
942
1447
523
871
885
1179
1814
1885
2199
2689
2515
2099
1552
2186
2063
2136
2150
2308
3234
3171
2908
3311
2851
1631
2571
2760
2687
2928
2815
2855
3477
3372
3232
3481
3485
3728
3037
3749
3301
3163
3119
2863
2995
3151
1978
2472
2411
2294
2624
2505
2723
2555
3224
3094
2979
3499
2659
2685
2713
3242
3141
2521
2393
1870
2975
2736
2883
1986
2430
2419
2977
2438
3015
2780
2813
3232
3390
3882
2184
2813
3358
3724
3313
3818
3260
2851
2855
3445
2786
3645
3088
3147
2806
1927
3173
3625
2892
2963
2776
2306
2689
3046
3127
3141
2440
2253
2857
3108
3192
3341
2340
1874
2269
1919
1597
2389
2541
1953
1520
1911
2320
1933
1560
2130
2845
1994
2340
2924
3151
2628
2865
2470
3092
3461
3289
2403
2912
2584
2642
2764
2965
2460
2618
2152
2442
2507
2742
2126
2067
2415
2434
2478
2853
1810
1810
1566
1785
1937
1378
1216
1117
1840
930
1092
798
259
113
539
703
1056
1037
235
997
1189
2385
1943
1546
1467
1218
1283
1015
618
640
387
960
989
1088
1143
1254
920
1337
1443
1542
1633
1216
1491
1471
1538
1412
1339
1445
1187
259
1038
1317
1038
938
1175
1360
960
729
1108
928
1230
1027
1149
1171
1222
1392
1348
1418
1394
1591
1153
1688
1420
1603
1603
1165
1708
1380
1485
1232
1033
1374
1696
1583
2128
1891
1964
1617
1897
1949
1611
1200
1676
1706
1599
1155
1489
1532
1236
1714
1260
1542
1346
1445
1414
1801
1281
529
1641
1035
1210
1230
1287
725
1115
1370
1339
1398
1364
1080
1358
1546
1151
1534
981
1269
1210
1206
1224
1234
1250
1345
1297
1177
825
1100
908
906
956
946
906
689
790
1037
881
853
914
1037
630
819
756
1058
886
1123
1037
1015
717
863
648
798
446
691
713
426
539
533
1862
1660
2369
1143
2087
1376
736
1307
2049
1179
1491
1356
1467
1386
1080
1919
1228
809
890
1210
1461
1088
1271
742
531
474
351
280
237
215
201
259
387
326
610
734
654
655
916
734
654
582
519
707
969
1037
1319
942
1151
871
1025
1042
815
1115
1038
1088
1311
1088
904
904
971
308
916
1037
644
592
928
403
582
369
1807
1218
1212
1510
2026
1603
1939
2077
1546
1716
1033
1246
1163
910
845
732
806
863
640
979
1155
1301
1522
732
1194
965
1129
1339
1589
1500
1321
1712
1739
1830
1753
1234
1607
1911
1234
1329
1033
827
697
778
750
734
334
474
440
734
711
750
863
430
561
326
863
553
590
819
525
452
322
387
259
1127
961
831
1007
930
604
742
819
466
608
798
545
517
324
387
417
517
346
332
430
237
95
302
430
527
523
819
586
1317
950
855
642
734
774
993
859
1759
1684
1119
798
474
280
334
237
898
474
567
517
798
969
744
863
652
669
837
703
1145
1078
1023
1256
1183
1234
1333
1481
1017
770
750
2310
1759
2257
1994
1828
1212
1299
1605
1483
1283
626
426
950
679
707
734
1258
1287
1619
1574
2075
1672
1901
2270
2407
2405
2393
2265
2371
2851
2002
2197
2217
2432
2892
3007
2505
2284
2134
2039
2259
2308
2387
1722
1714
1222
1514
1451
1106
1356
1044
819
748
967
1163
723
1046
1027
687
713
296
1554
1951
1516
1540
2168
2020
1548
1927
1429
1583
1611
1633
1558
1479
1779
1763
1793
1807
2338
1733
1708
2227
2182
2067
1887
1915
1522
1905
1518
1639
1708
1619
1818
1822
2059
1435
2113
1574
1546
1763
1765
2075
2101
2099
2022
2409
1733
2014
2245
2122
2071
1885
2401
2590
2851
2024
1686
2523
1684
877
1605
1352
1649
2188
2176
1923
2209
1445
1814
1808
2028
1680
1192
1728
1084
774
1110
1759
1335
1346
1356
1647
1625
1463
1664
1425
2128
2440
1836
2219
1305
1619
1125
1688
1402
1787
1980
1242
1425
1115
1082
831
1816
1980
2122
2030
2059
2227
2063
2111
2043
1686
2130
1917
2652
2417
2041
1658
1360
906
1386
1506
1666
908
1463
1433
1281
855
1516
1380
1499
1459
1337
1268
1408
2045
1874
2257
2361
2578
2306
2342
2318
2450
2032
2630
2442
2541
2586
2569
3238
280
124
715
1037
2748
3692
1844
1532
2711
1763
1925
1574
2794
2045
3001
2644
1528
1698
1449
1607
1807
1210
815
1074
1137
1149
1088
1037
786
780
691
454
496
355
496
387
539
1891
2231
2136
2359
2393
2010
2045
2164
1321
2020
1143
1151
912
965
879
1356
1212
1487
713
657
474
403
1208
1165
1248
1651
1556
691
798
1319
819
488
302
128
452
851
1808
2280
1427
2136
1264
1348
1483
2004
1810
1568
1759
1911
1437
819
1372
1891
1676
1619
1260
1621
2383
2118
1293
776
563
1781
2022
1854
1445
1818
1431
1382
1226
1214
1003
857
478
280
482
626
474
430
626
648
577
626
430
458
784
906
598
657
1082
1311
1102
1023
1143
859
561
638
539
458
841
1015
1088
1378
1165
732
819
539
734
557
885
1167
809
906
622
756
683
604
683
829
1882
1137
1149
1133
1295
1404
1408
1038
1625
1583
1094
875
1187
1005
890
1376
1660
1706
1327
1433
1108
819
582
401
215
324
788
1181
1542
1277
1151
815
1777
1153
1649
1163
1897
2251
1433
1773
1609
1352
415
835
1889
2257
2855
1994
2014
1834
1959
1771
1840
2395
1779
2077
2371
2284
2608
2794
2679
2097
2717
1925
2505
2657
1982
2355
2245
2488
2282
2484
2496
2140
2012
1850
1824
1086
1672
1560
1919
1520
1793
1775
1194
1433
1291
914
1054
867
924
960
1339
782
1216
1264
1121
462
604
1528
1149
1868
1834
1739
1929
2138
2845
2158
2079
2430
1988
1410
1690
926
1309
1271
841
1317
1220
1457
1275
906
1570
1465
1548
1564
1461
1301
1623
1258
1749
1747
1820
1966
1785
1455
1874
1487
1708
1779
1905
1187
1830
1558
1473
756
715
1315
1246
1155
973
1056
1439
756
796
1475
1528
1315
960
1761
1212
1143
1368
1402
1461
1518
1212
1011
1374
1566
1364
1078
1423
1218
1362
1127
928
902
1096
1236
946
1009
18
1346
1550
539
346
375
496
691
359
346
819
796
559
513
582
537
496
346
367
312
259
430
484
1722
1404
1015
197
632
912
906
808
1058
671
713
734
634
863
699
648
734
596
756
606
756
462
640
734
663
738
875
999
1189
1297
1234
1224
1121
1189
1143
1208
1258
1295
1356
259
1925
1266
1204
1329
1331
1449
1281
1335
1337
1305
1499
1311
944
940
1072
1141
626
150
310
582
511
819
1062
1224
857
537
531
626
669
839
942
539
462
713
415
346
302
215
188
302
774
1386
1112
1159
881
1165
869
904
956
963
1119
1581
871
1208
788
965
413
756
659
644
648
501
604
557
657
768
861
922
1050
950
798
863
869
985
1264
1262
1287
1293
1159
1084
517
1621
2164
2199
1903
729
813
798
723
946
1850
1621
1726
2253
1206
539
259
1246
1834
1240
1435
1765
1459
1204
1348
2272
2016
3463
3050
2296
2316
2361
2284
2239
2349
1106
539
551
823
1200
1410
1378
1220
385
1313
1202
928
971
636
809
841
614
756
612
709
971
628
616
875
841
357
452
486
798
663
663
539
302
24
59
1797
2424
2209
1941
2132
1737
2359
2582
2192
1785
1789
2069
2401
2126
2199
2432
1972
2010
2188
2097
2057
1864
2012
1321
869
1015
1305
958
920
1123
669
573
626
496
292
1123
606
561
501
517
632
734
505
517
515
385
172
474
338
324
671
324
614
713
338
452
259
263
85
863
292
648
432
756
796
1287
1234
928
932
1512
1163
1125
1222
1493
1309
1341
409
748
756
397
150
527
932
776
665
1658
1625
1062
1439
1392
1291
1382
987
594
517
342
430
557
691
468
869
1044
1198
1386
1570
2565
2549
2604
2010
1011
2034
1704
1629
2269
2788
2401
1281
1708
942
1447
523
871
885
1179
1814
1885
2199
2689
2515
2099
1552
2186
2063
2136
2150
2308
3234
3171
2908
3311
2851
1631
2571
2760
2687
2928
2815
2855
3477
3372
3232
3481
3485
3728
3037
3749
3301
3163
3119
2863
2995
3151
1978
2472
2411
2294
2624
2505
2723
2555
3224
3094
2979
3499
2659
2685
2713
3242
3141
2521
2393
1870
2975
2736
2883
1986
2430
2419
2977
2438
3015
2780
2813
3232
3390
3882
2184
2813
3358
3724
3313
3818
3260
2851
2855
3445
2786
3645
3088
3147
2806
1927
3173
3625
2892
2963
2776
2306
2689
3046
3127
3141
2440
2253
2857
3108
3192
3341
2340
1874
2269
1919
1597
2389
2541
1953
1520
1911
2320
1933
1560
2130
2845
1994
2340
2924
3151
2628
2865
2470
3092
3461
3289
2403
2912
2584
2642
2764
2965
2460
2618
2152
2442
2507
2742
2126
2067
2415
2434
2478
2853
1810
1810
1566
1785
1937
1378
1216
1117
1840
930
1092
798
259
113
539
703
1056
1037
235
997
1189
2385
1943
1546
1467
1218
1283
1015
618
640
387
960
989
1088
1143
1254
920
1337
1443
1542
1633
1216
1491
1471
1538
1412
1339
1445
1187
259
1038
1317
1038
938
1175
1360
960
729
1108
928
1230
1027
1149
1171
1222
1392
1348
1418
1394
1591
1153
1688
1420
1603
1603
1165
1708
1380
1485
1232
1033
1374
1696
1583
2128
1891
1964
1617
1897
1949
1611
1200
1676
1706
1599
1155
1489
1532
1236
1714
1260
1542
1346
1445
1414
1801
1281
529
1641
1035
1210
1230
1287
725
1115
1370
1339
1398
1364
1080
1358
1546
1151
1534
981
1269
1210
1206
1224
1234
1250
1345
1297
1177
825
1100
908
906
956
946
906
689
790
1037
881
853
914
1037
630
819
756
1058
886
1123
1037
1015
717
863
648
798
446
691
713
426
539
533
1862
1660
2369
1143
2087
1376
736
1307
2049
1179
1491
1356
1467
1386
1080
1919
1228
809
890
1210
1461
1088
1271
742
531
474
351
280
237
215
201
259
387
326
610
734
654
655
916
734
654
582
519
707
969
1037
1319
942
1151
871
1025
1042
815
1115
1038
1088
1311
1088
904
904
971
308
916
1037
644
592
928
403
582
369
1807
1218
1212
1510
2026
1603
1939
2077
1546
1716
1033
1246
1163
910
845
732
806
863
640
979
1155
1301
1522
732
1194
965
1129
1339
1589
1500
1321
1712
1739
1830
1753
1234
1607
1911
1234
1329
1033
827
697
778
750
734
334
474
440
734
711
750
863
430
561
326
863
553
590
819
525
452
322
387
259
1127
961
831
1007
930
604
742
819
466
608
798
545
517
324
387
417
517
346
332
430
237
95
302
430
527
523
819
586
1317
950
855
642
734
774
993
859
1759
1684
1119
798
474
280
334
237
898
474
567
517
798
969
744
863
652
669
837
703
1145
1078
1023
1256
1183
1234
1333
1481
1017
770
750
2310
1759
2257
1994
1828
1212
1299
1605
1483
1283
626
426
950
679
707
734
1258
1287
1619
1574
2075
1672
1901
2270
2407
2405
2393
2265
2371
2851
2002
2197
2217
2432
2892
3007
2505
2284
2134
2039
2259
2308
2387
1722
1714
1222
1514
1451
1106
1356
1044
819
748
967
1163
723
1046
1027
687
713
296
1554
1951
1516
1540
2168
2020
1548
1927
1429
1583
1611
1633
1558
1479
1779
1763
1793
1807
2338
1733
1708
2227
2182
2067
1887
1915
1522
1905
1518
1639
1708
1619
1818
1822
2059
1435
2113
1574
1546
1763
1765
2075
2101
2099
2022
2409
1733
2014
2245
2122
2071
1885
2401
2590
2851
2024
1686
2523
1684
877
1605
1352
1649
2188
2176
1923
2209
1445
1814
1808
2028
1680
1192
1728
1084
774
1110
1759
1335
1346
1356
1647
1625
1463
1664
1425
2128
2440
1836
2219
1305
1619
1125
1688
1402
1787
1980
1242
1425
1115
1082
831
1816
1980
2122
2030
2059
2227
2063
2111
2043
1686
2130
1917
2652
2417
2041
1658
1360
906
1386
1506
1666
908
1463
1433
1281
855
1516
1380
1499
1459
1337
1268
1408
2045
1874
2257
2361
2578
2306
2342
2318
2450
2032
2630
2442
2541
2586
2569
3238
280
124
715
1037
2748
3692
1844
1532
2711
1763
1925
1574
2794
2045
3001
2644
1528
1698
1449
1607
1807
1210
815
1074
1137
1149
1088
1037
786
780
691
454
496
355
496
387
539
1891
2231
2136
2359
2393
2010
2045
2164
1321
2020
1143
1151
912
965
879
1356
1212
1487
713
657
474
403
1208
1165
1248
1651
1556
691
798
1319
819
488
302
128
452
851
1808
2280
1427
2136
1264
1348
1483
2004
1810
1568
1759
1911
1437
819
1372
1891
1676
1619
1260
1621
2383
2118
1293
776
563
1781
2022
1854
1445
1818
1431
1382
1226
1214
1003
857
478
280
482
626
474
430
626
648
577
626
430
458
784
906
598
657
1082
1311
1102
1023
1143
859
561
638
539
458
841
1015
1088
1378
1165
732
819
539
734
557
885
1167
809
906
622
756
683
604
683
829
1882
1137
1149
1133
1295
1404
1408
1038
1625
1583
1094
875
1187
1005
890
1376
1660
1706
1327
1433
1108
819
582
401
215
324
788
1181
1542
1277
1151
815
1777
1153
1649
1163
1897
2251
1433
1773
1609
1352
415
835
1889
2257
2855
1994
2014
1834
1959
1771
1840
2395
1779
2077
2371
2284
2608
2794
2679
2097
2717
1925
2505
2657
1982
2355
2245
2488
2282
2484
2496
2140
2012
1850
1824
1086
1672
1560
1919
1520
1793
1775
1194
1433
1291
914
1054
867
924
960
1339
782
1216
1264
1121
462
604
1528
1149
1868
1834
1739
1929
2138
2845
2158
2079
2430
1988
1410
1690
926
1309
1271
841
1317
1220
1457
1275
906
1570
1465
1548
1564
1461
1301
1623
1258
1749
1747
1820
1966
1785
1455
1874
1487
1708
1779
1905
1187
1830
1558
1473
756
715
1315
1246
1155
973
1056
1439
756
796
1475
1528
1315
960
1761
1212
1143
1368
1402
1461
1518
1212
1011
1374
1566
1364
1078
1423
1218
1362
1127
928
902
1096
1236
946
1009
18
1346
1550
539
346
375
496
691
359
346
819
796
559
513
582
537
496
346
367
312
259
430
484
1722
1404
1015
197
632
912
906
808
1058
671
713
734
634
863
699
648
734
596
756
606
756
462
640
734
663
738
875
999
1189
1297
1234
1224
1121
1189
1143
1208
1258
1295
1356
259
1925
1266
1204
1329
1331
1449
1281
1335
1337
1305
1499
1311
944
940
1072
1141
626
150
310
582
511
819
1062
1224
857
537
531
626
669
839
942
539
462
713
415
346
302
215
188
302
774
1386
1112
1159
881
1165
869
904
956
963
1119
1581
871
1208
788
965
413
756
659
644
648
501
604
557
657
768
861
922
1050
950
798
863
869
985
1264
1262
1287
1293
1159
1084
517
1621
2164
2199
1903
729
813
798
723
946
1850
1621
1726
2253
1206
539
259
1246
1834
1240
1435
1765
1459
1204
1348
2272
2016
3463
3050
2296
2316
2361
2284
2239
2349
1106
539
551
823
1200
1410
1378
1220
385
1313
1202
928
971
636
809
841
614
756
612
709
971
628
616
875
841
357
452
486
798
663
663
539
302
24
59
1797
2424
2209
1941
2132
1737
2359
2582
2192
1785
1789
2069
2401
2126
2199
2432
1972
2010
2188
2097
2057
1864
2012
1321
869
1015
1305
958
920
1123
669
573
626
496
292
1123
606
561
501
517
632
734
505
517
515
385
172
474
338
324
671
324
614
713
338
452
259
263
85
863
292
648
432
756
796
1287
1234
928
932
1512
1163
1125
1222
1493
1309
1341
409
748
756
397
150
527
932
776
665
1658
1625
1062
1439
1392
1291
1382
987
594
517
342
430
557
691
468
869
1044
1198
1386
1570
2565
2549
2604
2010
1011
2034
1704
1629
2269
2788
2401
1281
1708
942
1447
523
871
885
1179
1814
1885
2199
2689
2515
2099
1552
2186
2063
2136
2150
2308
3234
3171
2908
3311
2851
1631
2571
2760
2687
2928
2815
2855
3477
3372
3232
3481
3485
3728
3037
3749
3301
3163
3119
2863
2995
3151
1978
2472
2411
2294
2624
2505
2723
2555
3224
3094
2979
3499
2659
2685
2713
3242
3141
2521
2393
1870
2975
2736
2883
1986
2430
2419
2977
2438
3015
2780
2813
3232
3390
3882
2184
2813
3358
3724
3313
3818
3260
2851
2855
3445
2786
3645
3088
3147
2806
1927
3173
3625
2892
2963
2776
2306
2689
3046
3127
3141
2440
2253
2857
3108
3192
3341
2340
1874
2269
1919
1597
2389
2541
1953
1520
1911
2320
1933
1560
2130
2845
1994
2340
2924
3151
2628
2865
2470
3092
3461
3289
2403
2912
2584
2642
2764
2965
2460
2618
2152
2442
2507
2742
2126
2067
2415
2434
2478
2853
1810
1810
1566
1785
1937
1378
1216
1117
1840
930
1092
798
259
113
539
703
1056
1037
235
997
1189
2385
1943
1546
1467
1218
1283
1015
618
640
387
960
989
1088
1143
1254
920
1337
1443
1542
1633
1216
1491
1471
1538
1412
1339
1445
1187
259
1038
1317
1038
938
1175
1360
960
729
1108
928
1230
1027
1149
1171
1222
1392
1348
1418
1394
1591
1153
1688
1420
1603
1603
1165
1708
1380
1485
1232
1033
1374
1696
1583
2128
1891
1964
1617
1897
1949
1611
1200
1676
1706
1599
1155
1489
1532
1236
1714
1260
1542
1346
1445
1414
1801
1281
529
1641
1035
1210
1230
1287
725
1115
1370
1339
1398
1364
1080
1358
1546
1151
1534
981
1269
1210
1206
1224
1234
1250
1345
1297
1177
825
1100
908
906
956
946
906
689
790
1037
881
853
914
1037
630
819
756
1058
886
1123
1037
1015
717
863
648
798
446
691
713
426
539
533
1862
1660
2369
1143
2087
1376
736
1307
2049
1179
1491
1356
1467
1386
1080
1919
1228
809
890
1210
1461
1088
1271
742
531
474
351
280
237
215
201
259
387
326
610
734
654
655
916
734
654
582
519
707
969
1037
1319
942
1151
871
1025
1042
815
1115
1038
1088
1311
1088
904
904
971
308
916
1037
644
592
928
403
582
369
1807
1218
1212
1510
2026
1603
1939
2077
1546
1716
1033
1246
1163
910
845
732
806
863
640
979
1155
1301
1522
732
1194
965
1129
1339
1589
1500
1321
1712
1739
1830
1753
1234
1607
1911
1234
1329
1033
827
697
778
750
734
334
474
440
734
711
750
863
430
561
326
863
553
590
819
525
452
322
387
259
1127
961
831
1007
930
604
742
819
466
608
798
545
517
324
387
417
517
346
332
430
237
95
302
430
527
523
819
586
1317
950
855
642
734
774
993
859
1759
1684
1119
798
474
280
334
237
898
474
567
517
798
969
744
863
652
669
837
703
1145
1078
1023
1256
1183
1234
1333
1481
1017
770
750
2310
1759
2257
1994
1828
1212
1299
1605
1483
1283
626
426
950
679
707
734
1258
1287
1619
1574
2075
1672
1901
2270
2407
2405
2393
2265
2371
2851
2002
2197
2217
2432
2892
3007
2505
2284
2134
2039
2259
2308
2387
1722
1714
1222
1514
1451
1106
1356
1044
819
748
967
1163
723
1046
1027
687
713
296
1554
1951
1516
1540
2168
2020
1548
1927
1429
1583
1611
1633
1558
1479
1779
1763
1793
1807
2338
1733
1708
2227
2182
2067
1887
1915
1522
1905
1518
1639
1708
1619
1818
1822
2059
1435
2113
1574
1546
1763
1765
2075
2101
2099
2022
2409
1733
2014
2245
2122
2071
1885
2401
2590
2851
2024
1686
2523
1684
877
1605
1352
1649
2188
2176
1923
2209
1445
1814
1808
2028
1680
1192
1728
1084
774
1110
1759
1335
1346
1356
1647
1625
1463
1664
1425
2128
2440
1836
2219
1305
1619
1125
1688
1402
1787
1980
1242
1425
1115
1082
831
1816
1980
2122
2030
2059
2227
2063
2111
2043
1686
2130
1917
2652
2417
2041
1658
1360
906
1386
1506
1666
908
1463
1433
1281
855
1516
1380
1499
1459
1337
1268
1408
2045
1874
2257
2361
2578
2306
2342
2318
2450
2032
2630
2442
2541
2586
2569
3238
280
