1372
914
786
627
708
890
965
858
732
625
597
527
596
570
737
698
422
858
649
651
821
879
807
815
884
1255
641
478
549
739
658
586
683
627
520
645
828
1153
1190
952
543
927
1009
775
533
614
839
907
955
794
896
827
751
523
627
799
755
1001
1131
750
896
857
1201
1205
1159
1120
913
1027
731
954
971
908
952
553
695
558
819
527
473
733
753
1004
770
778
785
568
810
815
751
559
424
620
650
678
683
666
807
686
574
770
780
925
924
554
460
920
767
932
745
683
923
712
642
494
394
511
547
457
611
602
603
658
581
619
433
676
524
433
306
369
373
338
301
522
609
712
762
505
328
414
397
294
571
629
725
674
440
443
542
445
263
240
264
335
410
373
270
168
216
144
588
349
349
301
313
113
120
205
168
187
205
181
172
228
216
252
167
276
216
108
144
138
252
168
303
554
407
453
349
192
228
120
132
96
59
41
72
156
108
96
72
47
37
72
59
59
96
59
84
120
197
181
156
89
156
120
47
291
108
96
35
514
276
104
72
47
59
59
84
96
123
644
720
1276
993
635
647
524
339
356
610
471
505
495
564
559
493
369
571
672
740
996
857
1093
1251
1250
1092
891
1194
1306
1050
991
1006
998
918
922
786
405
531
894
1318
933
758
901
856
348
578
471
602
309
410
593
1109
722
981
704
863
770
987
1458
1380
1235
1136
918
1315
1165
634
216
294
288
247
264
199
853
1020
967
839
668
763
879
794
764
677
1025
1212
1262
808
1016
1186
1458
1300
1670
1210
1845
1555
1453
1391
994
1179
1305
1397
1385
1352
1320
1295
1409
1267
1092
1262
1013
1172
1074
1212
1223
672
989
1190
841
906
1081
875
951
736
732
639
520
360
566
429
590
537
1124
983
946
935
1067
1517
766
445
406
578
269
325
237
228
301
280
216
181
132
58
422
736
446
613
467
410
194
502
1090
1032
1071
1101
1222
1218
1241
1328
1480
1157
1452
1244
972
996
535
578
1158
1135
1118
1067
947
794
948
936
1086
989
882
786
1482
1087
1180
1285
1380
1136
1561
1268
1668
706
1031
925
1452
1365
1122
1625
1137
1172
1047
1120
1188
1279
1522
1392
1300
1333
1254
1057
1270
1462
1161
1013
1274
1225
1134
1104
1203
1733
1172
748
1057
1315
796
817
911
657
1307
1611
1287
555
930
582
742
388
819
587
957
636
1022
740
1089
939
865
1004
930
1025
973
881
395
619
614
450
974
1010
1053
1312
1262
1283
1257
1049
1262
1202
1126
1032
1097
1103
1124
1092
1021
1143
1177
1060
1177
1184
1069
1148
1098
1088
1222
1284
897
1228
1244
927
1340
849
1352
1399
1168
1216
1179
1290
807
1392
1340
1212
673
1000
1036
1253
1261
1266
893
595
1089
242
313
476
559
678
704
752
792
884
962
171
1349
2220
1348
1631
1497
1541
1849
1651
1789
1800
1536
1216
1755
1279
1851
1866
807
1687
1397
1592
1883
1600
1562
1655
1680
1846
1651
1867
1971
1483
2145
1747
2081
1550
1483
1419
2027
1929
2012
922
1730
1514
1724
1525
1783
2091
1849
1107
1391
1820
1605
1259
1755
1376
1908
2185
1500
1523
1984
1877
1728
1962
1527
1621
1785
1617
1763
1467
1387
1165
1680
1282
762
248
957
827
841
976
1169
1270
1139
1025
883
872
1151
1496
1180
1450
1686
1689
1508
1456
1526
1569
1162
1455
1394
1242
1309
1405
1245
1282
1272
144
388
385
534
599
999
1699
1274
1626
1637
1381
1633
1569
1545
1426
1444
1250
1455
1708
1882
1382
1519
1444
1586
1528
1605
1231
1438
1429
1605
1682
1975
1388
1201
1195
1177
1065
1330
1191
1024
1048
1177
1275
1339
1536
802
1279
1129
1503
1191
1808
1441
1096
1330
1323
1439
1589
1325
1580
1241
1223
1497
1214
1070
1206
786
542
436
980
1237
984
765
1107
722
948
691
422
1220
240
609
987
1085
1251
1225
1145
1274
972
1223
1785
1936
1679
748
397
558
643
795
344
543
1146
1373
1336
1299
1288
1481
1570
1633
1539
1238
857
1368
1479
1523
1627
1191
1292
1228
1150
1043
1287
1482
1251
1538
1463
943
613
630
849
834
822
512
538
688
908
786
527
120
511
560
514
1200
1012
1119
1216
1320
1067
797
639
571
731
839
956
1129
906
781
144
513
205
20
667
337
166
1133
1124
1403
1323
1082
889
1006
927
774
569
349
462
559
438
465
828
970
1238
1053
1090
1048
1131
924
983
816
1059
780
1201
1724
1327
1804
1426
1920
1681
1772
1758
1801
1710
1676
995
1704
1470
1933
1762
1747
1517
1764
1950
1199
1284
1679
1643
1655
1908
2110
2212
1809
1046
1087
1046
1143
1351
1528
1820
1500
2165
1560
1828
1820
1930
1726
1558
1677
1732
1740
1671
1845
1227
1724
1491
1666
1058
1091
813
837
749
1068
1181
1111
995
1107
892
1172
945
1110
987
1120
1275
1135
1158
1020
970
1118
1327
1339
1496
1753
1689
1478
1877
1691
1483
1707
1655
1372
1760
1484
1628
2056
1922
1444
1045
1206
1234
1480
1764
1740
1441
1299
1309
1133
979
1018
1213
851
978
1054
1272
765
755
498
371
301
210
181
205
288
506
457
495
368
410
309
337
301
258
301
276
554
210
216
181
422
457
639
193
316
552
651
743
753
518
529
683
777
837
865
742
884
738
935
785
585
854
876
754
698
883
676
698
553
325
391
411
336
504
699
1132
934
880
656
834
684
571
427
422
171
240
216
216
301
229
349
177
937
458
144
524
544
472
546
819
727
630
576
723
567
675
778
647
610
487
606
571
732
701
553
696
913
879
1157
1085
1038
937
753
956
911
988
1194
1024
920
1169
923
969
940
1222
1151
991
994
979
1094
1134
1327
792
1932
1473
1907
840
1181
797
1222
1179
730
851
595
821
763
723
634
717
717
729
763
1129
1795
1310
1863
1523
1229
787
613
1077
934
929
1002
882
1205
1088
1048
1293
1126
984
1145
1188
1042
916
981
1144
1183
1109
991
1030
780
1350
1254
1298
792
926
1537
1275
1257
1310
1259
977
1387
1228
871
1085
1267
1112
1206
1099
1134
1467
1046
873
959
856
237
361
420
340
264
137
493
185
276
239
361
206
168
59
59
122
397
247
205
252
268
385
356
433
541
628
639
399
816
1091
886
830
824
410
462
682
405
476
505
420
161
361
167
313
687
762
676
817
679
983
835
831
892
785
498
299
627
673
337
325
338
288
983
992
1122
1533
1039
1347
1087
851
1155
1304
1463
1107
1177
1172
775
1046
1091
868
738
1224
1075
1522
1289
1145
1097
766
907
1163
1188
1091
698
797
836
1010
1099
1125
1321
1088
758
1203
1221
1054
577
734
939
881
1158
1035
891
970
786
1031
1088
943
1110
902
1372
914
786
627
708
890
965
858
732
625
597
527
596
570
737
698
422
858
649
651
821
879
807
815
884
1255
641
478
549
739
658
586
683
627
520
645
828
1153
1190
952
543
927
1009
775
533
614
839
907
955
794
896
827
751
523
627
799
755
1001
1131
750
896
857
1201
1205
1159
1120
913
1027
731
954
971
908
952
553
695
558
819
527
473
733
753
1004
770
778
785
568
810
815
751
559
424
620
650
678
683
666
807
686
574
770
780
925
924
554
460
920
767
932
745
683
923
712
642
494
394
511
547
457
611
602
603
658
581
619
433
676
524
433
306
369
373
338
301
522
609
712
762
505
328
414
397
294
571
629
725
674
440
443
542
445
263
240
264
335
410
373
270
168
216
144
588
349
349
301
313
113
120
205
168
187
205
181
172
228
216
252
167
276
216
108
144
138
252
168
303
554
407
453
349
192
228
120
132
96
59
41
72
156
108
96
72
47
37
72
59
59
96
59
84
120
197
181
156
89
156
120
47
291
108
96
35
514
276
104
72
47
59
59
84
96
123
644
720
1276
993
635
647
524
339
356
610
471
505
495
564
559
493
369
571
672
740
996
857
1093
1251
1250
1092
891
1194
1306
1050
991
1006
998
918
922
786
405
531
894
1318
933
758
901
856
348
578
471
602
309
410
593
1109
722
981
704
863
770
987
1458
1380
1235
1136
918
1315
1165
634
216
294
288
247
264
199
853
1020
967
839
668
763
879
794
764
677
1025
1212
1262
808
1016
1186
1458
1300
1670
1210
1845
1555
1453
1391
994
1179
1305
1397
1385
1352
1320
1295
1409
1267
1092
1262
1013
1172
1074
1212
1223
672
989
1190
841
906
1081
875
951
736
732
639
520
360
566
429
590
537
1124
983
946
935
1067
1517
766
445
406
578
269
325
237
228
301
280
216
181
132
58
422
736
446
613
467
410
194
502
1090
1032
1071
1101
1222
1218
1241
1328
1480
1157
1452
1244
972
996
535
578
1158
1135
1118
1067
947
794
948
936
1086
989
882
786
1482
1087
1180
1285
1380
1136
1561
1268
1668
706
1031
925
1452
1365
1122
1625
1137
1172
1047
1120
1188
1279
1522
1392
1300
1333
1254
1057
1270
1462
1161
1013
1274
1225
1134
1104
1203
1733
1172
748
1057
1315
796
817
911
657
1307
1611
1287
555
930
582
742
388
819
587
957
636
1022
740
1089
939
865
1004
930
1025
973
881
395
619
614
450
974
1010
1053
1312
1262
1283
1257
1049
1262
1202
1126
1032
1097
1103
1124
1092
1021
1143
1177
1060
1177
1184
1069
1148
1098
1088
1222
1284
897
1228
1244
927
1340
849
1352
1399
1168
1216
1179
1290
807
1392
1340
1212
673
1000
1036
1253
1261
1266
893
595
1089
242
313
476
559
678
704
752
792
884
962
171
1349
2220
1348
1631
1497
1541
1849
1651
1789
1800
1536
1216
1755
1279
1851
1866
807
1687
1397
1592
1883
1600
1562
1655
1680
1846
1651
1867
1971
1483
2145
1747
2081
1550
1483
1419
2027
1929
2012
922
1730
1514
1724
1525
1783
2091
1849
1107
1391
1820
1605
1259
1755
1376
1908
2185
1500
1523
1984
1877
1728
1962
1527
1621
1785
1617
1763
1467
1387
1165
1680
1282
762
248
957
827
841
976
1169
1270
1139
1025
883
872
1151
1496
1180
1450
1686
1689
1508
1456
1526
1569
1162
1455
1394
1242
1309
1405
1245
1282
1272
144
388
385
534
599
999
1699
1274
1626
1637
1381
1633
1569
1545
1426
1444
1250
1455
1708
1882
1382
1519
1444
1586
1528
1605
1231
1438
1429
1605
1682
1975
1388
1201
1195
1177
1065
1330
1191
1024
1048
1177
1275
1339
1536
802
1279
1129
1503
1191
1808
1441
1096
1330
1323
1439
1589
1325
1580
1241
1223
1497
1214
1070
1206
786
542
436
980
1237
984
765
1107
722
948
691
422
1220
240
609
987
1085
1251
1225
1145
1274
972
1223
1785
1936
1679
748
397
558
643
795
344
543
1146
1373
1336
1299
1288
1481
1570
1633
1539
1238
857
1368
1479
1523
1627
1191
1292
1228
1150
1043
1287
1482
1251
1538
1463
943
613
630
849
834
822
512
538
688
908
786
527
120
511
560
514
1200
1012
1119
1216
1320
1067
797
639
571
731
839
956
1129
906
781
144
513
205
20
667
337
166
1133
1124
1403
1323
1082
889
1006
927
774
569
349
462
559
438
465
828
970
1238
1053
1090
1048
1131
924
983
816
1059
780
1201
1724
1327
1804
1426
1920
1681
1772
1758
1801
1710
1676
995
1704
1470
1933
1762
1747
1517
1764
1950
1199
1284
1679
1643
1655
1908
2110
2212
1809
1046
1087
1046
1143
1351
1528
1820
1500
2165
1560
1828
1820
1930
1726
1558
1677
1732
1740
1671
1845
1227
1724
1491
1666
1058
1091
813
837
749
1068
1181
1111
995
1107
892
1172
945
1110
987
1120
1275
1135
1158
1020
970
1118
1327
1339
1496
1753
1689
1478
1877
1691
1483
1707
1655
1372
1760
1484
1628
2056
1922
1444
1045
1206
1234
1480
1764
1740
1441
1299
1309
1133
979
1018
1213
851
978
1054
1272
765
755
498
371
301
210
181
205
288
506
457
495
368
410
309
337
301
258
301
276
554
210
216
181
422
457
639
193
316
552
651
743
753
518
529
683
777
837
865
742
884
738
935
785
585
854
876
754
698
883
676
698
553
325
391
411
336
504
699
1132
934
880
656
834
684
571
427
422
171
240
216
216
301
229
349
177
937
458
144
524
544
472
546
819
727
630
576
723
567
675
778
647
610
487
606
571
732
701
553
696
913
879
1157
1085
1038
937
753
956
911
988
1194
1024
920
1169
923
969
940
1222
1151
991
994
979
1094
1134
1327
792
1932
1473
1907
840
1181
797
1222
1179
730
851
595
821
763
723
634
717
717
729
763
1129
1795
1310
1863
1523
1229
787
613
1077
934
929
1002
882
1205
1088
1048
1293
1126
984
1145
1188
1042
916
981
1144
1183
1109
991
1030
780
1350
1254
1298
792
926
1537
1275
1257
1310
1259
977
1387
1228
871
1085
1267
1112
1206
1099
1134
1467
1046
873
959
856
237
361
420
340
264
137
493
185
276
239
361
206
168
59
59
122
397
247
205
252
268
385
356
433
541
628
639
399
816
1091
886
830
824
410
462
682
405
476
505
420
161
361
167
313
687
762
676
817
679
983
835
831
892
785
498
299
627
673
337
325
338
288
983
992
1122
1533
1039
1347
1087
851
1155
1304
1463
1107
1177
1172
775
1046
1091
868
738
1224
1075
1522
1289
1145
1097
766
907
1163
1188
1091
698
797
836
1010
1099
1125
1321
1088
758
1203
1221
1054
577
734
939
881
1158
1035
891
970
786
1031
1088
943
1110
902
1372
914
786
627
708
890
965
858
732
625
597
527
596
570
737
698
422
858
649
651
821
879
807
815
884
1255
641
478
549
739
658
586
683
627
520
645
828
1153
1190
952
543
927
1009
775
533
614
839
907
955
794
896
827
751
523
627
799
755
1001
1131
750
896
857
1201
1205
1159
1120
913
1027
731
954
971
908
952
553
695
558
819
527
473
733
753
1004
770
778
785
568
810
815
751
559
424
620
650
678
683
666
807
686
574
770
780
925
924
554
460
920
767
932
745
683
923
712
642
494
394
511
547
457
611
602
603
658
581
619
433
676
524
433
306
369
373
338
301
522
609
712
762
505
328
414
397
294
571
629
725
674
440
443
542
445
263
240
264
335
410
373
270
168
216
144
588
349
349
301
313
113
120
205
168
187
205
181
172
228
216
252
167
276
216
108
144
138
252
168
303
554
407
453
349
192
228
120
132
96
59
41
72
156
108
96
72
47
37
72
59
59
96
59
84
120
197
181
156
89
156
120
47
291
108
96
35
514
276
104
72
47
59
59
84
96
123
644
720
1276
993
635
647
524
339
356
610
471
505
495
564
559
493
369
571
672
740
996
857
1093
1251
1250
1092
891
1194
1306
1050
991
1006
998
918
922
786
405
531
894
1318
933
758
901
856
348
578
471
602
309
410
593
1109
722
981
704
863
770
987
1458
1380
1235
1136
918
1315
1165
634
216
294
288
247
264
199
853
1020
967
839
668
763
879
794
764
677
1025
1212
1262
808
1016
1186
1458
1300
1670
1210
1845
1555
1453
1391
994
1179
1305
1397
1385
1352
1320
1295
1409
1267
1092
1262
1013
1172
1074
1212
1223
672
989
1190
841
906
1081
875
951
736
732
639
520
360
566
429
590
537
1124
983
946
935
1067
1517
766
445
406
578
269
325
237
228
301
280
216
181
132
58
422
736
446
613
467
410
194
502
1090
1032
1071
1101
1222
1218
1241
1328
1480
1157
1452
1244
972
996
535
578
1158
1135
1118
1067
947
794
948
936
1086
989
882
786
1482
1087
1180
1285
1380
1136
1561
1268
1668
706
1031
925
1452
1365
1122
1625
1137
1172
1047
1120
1188
1279
1522
1392
1300
1333
1254
1057
1270
1462
1161
1013
1274
1225
1134
1104
1203
1733
1172
748
1057
1315
796
817
911
657
1307
1611
1287
555
930
582
742
388
819
587
957
636
1022
740
1089
939
865
1004
930
1025
973
881
395
619
614
450
974
1010
1053
1312
1262
1283
1257
1049
1262
1202
1126
1032
1097
1103
1124
1092
1021
1143
1177
1060
1177
1184
1069
1148
1098
1088
1222
1284
897
1228
1244
927
1340
849
1352
1399
1168
1216
1179
1290
807
1392
1340
1212
673
1000
1036
1253
1261
1266
893
595
1089
242
313
476
559
678
704
752
792
884
962
171
