875
919
220
250
549
457
609
423
611
505
874
654
951
913
731
900
972
946
956
806
695
811
854
834
547
442
770
611
681
855
717
776
864
932
994
938
971
937
914
999
953
837
988
885
971
824
1143
556
97
962
536
1089
1209
1412
1520
1499
1111
1416
1389
1548
1799
1597
2133
1805
1930
1626
1687
1564
1297
1216
1101
953
942
1203
790
916
645
437
730
119
727
1088
895
775
1175
748
733
647
754
936
773
852
959
598
591
721
498
835
904
937
762
720
667
428
374
363
267
364
374
293
456
434
421
797
654
754
803
635
476
831
456
461
481
117
575
763
711
713
308
847
1041
288
390
289
500
567
884
580
635
451
580
769
971
1076
709
678
746
943
744
317
379
284
518
793
782
626
706
649
290
428
551
662
641
689
1219
956
1087
1025
1144
1232
797
782
968
995
1064
946
1289
1034
743
842
937
997
789
834
801
1192
785
847
986
845
1105
967
1312
783
1163
913
1142
874
820
884
1132
1147
1223
884
279
825
435
1000
299
289
1153
997
926
1334
997
1033
1036
1209
1052
1128
1176
876
878
566
553
481
498
402
603
827
640
585
658
947
1144
1126
1033
1066
143
2716
753
1198
1413
1427
1445
1278
1638
1872
1877
1950
1900
2310
1554
1923
2099
1864
1460
2393
2123
1984
2747
198
3094
1296
1078
1558
1625
2567
331
1335
1449
1277
1645
1909
2629
1570
2135
1869
1696
2077
2159
1534
250
2779
825
1151
1329
1006
1730
1867
2032
1735
1979
1548
1552
1596
1293
1043
986
991
