1751
1838
440
500
1098
913
1217
846
1223
1011
1749
1308
1902
1825
1462
1800
1944
1891
1912
1611
1390
1622
1709
1667
1094
883
1541
1221
1362
1710
1434
1551
1729
1864
1987
1877
1942
1874
1829
1998
1905
1673
1975
1770
1942
1649
2285
1112
195
1924
1071
2179
2419
2824
3040
2998
2222
2832
2779
3095
3597
3194
4267
3610
3860
3253
3374
3128
2594
2432
2201
1906
1884
2405
1580
1831
1289
873
1459
238
1453
2176
1791
1550
2351
1496
1465
1295
1508
1873
1546
1705
1918
1195
1181
1441
996
1670
1809
1874
1525
1440
1333
857
748
726
533
729
748
586
911
868
842
1594
1308
1508
1607
1271
953
1662
912
922
962
234
1151
1526
1422
1427
616
1695
2082
575
780
579
1000
1134
1768
1160
1269
902
1160
1538
1941
2153
1419
1356
1493
1886
1489
633
758
569
1036
1585
1563
1253
1411
1297
580
856
1101
1324
1282
1378
2438
1912
2173
2051
2287
2465
1594
1563
1935
1990
2128
1892
2579
2068
1487
1684
1874
1994
1578
1669
1601
2383
1569
1694
1972
1691
2210
1934
2625
1567
2326
1825
2285
1748
1640
1769
2265
2293
2446
1768
558
1651
870
2001
597
579
2307
1995
1853
2668
1995
2066
2072
2417
2104
2257
2353
1752
1755
1132
1106
962
997
803
1207
1655
1281
1169
1316
1893
2288
2252
2067
2131
286
5431
1506
2397
2826
2855
2889
2556
3277
3744
3754
3899
3800
4621
3109
3845
4199
3728
2921
4786
4247
3968
5494
396
6187
2593
2157
3116
3249
5133
662
2671
2897
2554
3290
3818
5259
3139
4270
3739
3393
4155
4319
3067
501
5558
1651
2303
2658
2013
3460
3733
4063
3471
3958
3097
3105
3192
2586
2087
1972
1983
