438
459
110
125
274
228
304
212
306
253
437
327
476
456
365
450
486
473
478
403
348
405
427
417
274
221
385
305
340
428
358
388
432
466
497
469
486
468
457
500
476
418
494
442
485
412
571
278
49
481
268
545
605
706
760
750
556
708
695
774
899
798
1067
902
965
813
844
782
649
608
550
476
471
601
395
458
322
218
365
59
363
544
448
388
588
374
366
324
377
468
386
426
479
299
295
360
249
418
452
468
381
360
333
214
187
181
133
182
187
147
228
217
210
399
327
377
402
318
238
415
228
230
241
58
288
381
355
357
154
424
520
144
195
145
250
283
442
290
317
226
290
384
485
538
355
339
373
472
372
158
190
142
259
396
391
313
353
324
145
214
275
331
320
344
609
478
543
513
572
616
399
391
484
498
532
473
645
517
372
421
469
498
395
417
400
596
392
423
493
423
553
483
656
392
582
456
571
437
410
442
566
573
612
442
140
413
218
500
149
145
577
499
463
667
499
516
518
604
526
564
588
438
439
283
277
241
249
201
302
414
320
292
329
473
572
563
517
533
71
1358
377
599
706
714
722
639
819
936
938
975
950
1155
777
961
1050
932
730
1197
1062
992
1373
99
1547
648
539
779
812
1283
165
668
724
638
822
954
1315
785
1068
935
848
1039
1080
767
125
1389
413
576
665
503
865
933
1016
868
989
774
776
798
647
522
493
496
