455
383
418
476
319
305
409
397
326
576
542
516
445
533
320
288
298
309
228
113
148
176
152
235
233
232
313
253
207
178
159
215
181
326
546
400
511
312
284
276
124
142
159
194
155
220
175
205
209
235
182
210
235
182
233
160
320
242
219
235
208
303
267
179
102
142
168
340
404
410
305
330
384
293
248
196
263
207
105
205
144
187
161
120
192
124
226
323
346
241
365
453
216
529
468
328
238
294
318
388
359
494
374
259
427
387
403
350
307
294
311
404
373
413
319
346
259
193
264
252
285
264
376
372
306
237
335
389
342
328
78
107
207
193
235
7
302
319
333
362
381
303
314
311
316
285
352
419
370
274
255
233
222
205
270
361
420
325
328
384
459
452
361
271
305
303
331
288
392
299
248
105
167
409
501
396
440
532
692
680
662
691
550
465
482
681
422
560
481
540
425
696
872
807
219
1025
383
379
413
449
522
670
571
693
774
667
619
554
583
604
536
524
572
645
677
561
554
724
585
725
792
97
1043
546
470
455
421
328
376
367
348
183
209
145
79
57
24
438
321
372
335
359
309
333
293
311
377
326
344
357
287
335
227
241
296
273
286
308
289
335
339
346
352
276
282
379
224
223
261
221
174
153
194
127
181
131
196
100
235
184
135
124
151
230
202
145
183
151
176
151
200
163
152
104
157
126
178
134
152
159
125
163
117
161
98
113
130
144
121
107
53
54
22
18
9
105
58
171
176
178
183
185
177
217
155
212
179
267
410
135
282
177
215
331
245
263
252
336
339
381
259
182
315
259
256
338
366
334
333
352
350
341
337
207
385
380
361
367
373
371
366
386
321
330
333
338
389
428
334
318
333
420
326
276
219
511
428
285
333
425
471
529
502
493
523
567
552
515
509
518
437
519
500
543
566
559
513
475
501
371
484
513
621
416
448
488
396
286
250
318
383
263
365
261
305
183
242
209
309
422
454
580
638
475
520
451
507
455
383
418
476
319
305
409
397
326
576
542
516
445
533
320
288
298
309
228
113
148
176
152
235
233
232
313
253
207
178
159
215
181
326
546
400
511
312
284
276
124
142
159
194
155
220
175
205
209
235
182
210
235
182
233
160
320
242
219
235
208
303
267
179
102
142
168
340
404
410
305
330
384
293
248
196
263
207
105
205
144
187
161
120
192
124
226
323
346
241
365
453
216
529
468
328
238
294
318
388
359
494
374
259
427
387
403
350
307
294
311
404
373
413
319
346
259
193
264
252
285
264
376
372
306
237
335
389
342
328
78
107
207
193
235
7
302
319
333
362
381
303
314
311
316
285
352
419
370
274
255
233
222
205
270
361
420
325
328
384
459
452
361
271
305
303
331
288
392
299
248
105
167
409
501
396
440
532
692
680
662
691
550
465
482
681
422
560
481
540
425
696
872
807
219
1025
383
379
413
449
522
670
571
693
774
667
619
554
583
604
536
524
572
645
677
561
554
724
585
725
792
97
1043
546
470
455
421
328
376
367
348
183
209
145
79
57
24
438
321
372
335
359
309
333
293
311
377
326
344
357
287
335
227
241
296
273
286
308
289
335
339
346
352
276
282
379
224
223
261
221
174
153
194
127
181
131
196
100
235
184
135
124
151
230
202
145
183
151
176
151
200
163
152
104
157
126
178
134
152
159
125
163
117
161
98
113
130
144
121
107
53
54
22
18
9
105
58
171
176
178
183
185
177
217
155
212
179
267
410
135
282
177
215
331
245
263
252
336
339
381
259
182
315
259
256
338
366
334
333
352
350
341
337
207
385
380
361
367
373
371
366
386
321
330
333
338
389
428
334
318
333
420
326
276
219
511
428
285
333
425
471
529
502
493
523
567
552
515
509
518
437
519
500
543
566
559
513
475
501
371
484
513
621
416
448
488
396
286
250
318
383
263
365
261
305
183
242
209
309
422
454
580
638
475
520
451
507
455
383
418
476
319
305
409
397
326
576
542
516
445
533
320
288
298
309
228
113
148
176
152
235
233
232
313
253
207
178
159
215
181
326
546
400
511
312
284
276
124
142
159
194
155
220
175
205
209
235
182
210
235
182
233
160
320
242
219
235
208
303
267
179
102
142
168
340
404
410
305
330
384
293
248
196
263
207
105
205
144
187
161
120
192
124
226
323
346
241
365
453
216
529
468
328
238
294
318
388
359
494
374
259
427
387
403
350
307
294
311
404
373
413
319
346
259
193
264
252
285
264
376
372
306
237
335
389
342
328
78
107
207
193
235
7
302
319
333
362
381
303
314
311
316
285
352
419
370
274
255
233
222
205
270
361
420
325
328
384
459
452
361
271
305
303
331
288
392
299
248
105
167
409
501
396
440
532
692
680
662
691
550
465
482
681
422
560
481
540
425
696
872
807
219
1025
383
379
413
449
522
670
571
693
774
667
619
554
583
604
536
524
572
645
677
561
554
724
585
725
792
97
1043
546
470
455
421
328
376
367
348
183
209
145
79
57
24
438
321
372
335
359
309
333
293
311
377
326
344
357
287
335
227
241
296
273
286
308
289
335
339
346
352
276
282
379
224
223
261
221
174
153
194
127
181
131
196
100
235
184
135
124
151
230
202
145
183
151
176
151
200
163
152
104
157
126
178
134
152
159
125
163
117
161
98
113
130
144
121
107
53
54
22
18
9
105
58
171
176
178
183
185
177
217
155
212
179
