650
572
538
743
430
495
378
487
320
393
471
529
522
581
519
540
561
597
727
506
498
524
659
729
770
727
581
679
462
534
608
483
501
528
596
469
578
484
556
578
545
691
339
226
357
908
939
1187
1045
1259
1466
810
1409
1099
1184
678
1496
1357
979
1447
1597
1089
1379
1257
1118
1608
1082
790
1209
841
1084
860
953
661
721
464
875
226
698
1326
1608
1521
935
1227
1406
1318
1544
1822
1945
1269
1101
1454
826
1057
1307
1877
1391
1597
1132
1126
958
817
1209
876
924
917
697
431
667
632
540
804
789
995
770
768
605
620
590
362
518
345
238
178
274
1144
1062
603
875
864
305
881
904
732
643
803
691
1079
1032
995
501
786
563
810
395
548
333
263
488
363
608
446
638
303
1072
744
1102
557
858
727
828
653
590
542
693
842
797
816
862
716
739
474
673
478
962
1287
761
896
1251
1158
1165
953
1227
890
1120
795
1031
1179
951
1293
976
1358
1153
1362
1407
1376
1211
1003
1381
1596
1077
983
1281
946
1239
1567
1240
1316
633
3219
1037
881
939
1213
1120
1161
979
304
572
751
673
512
11
835
962
1006
1074
940
952
960
1048
976
1300
1263
1215
693
718
548
542
1049
1028
1168
1162
716
768
829
1150
910
1138
1162
1169
935
1007
998
1178
518
209
1090
1402
1609
1725
1916
1264
1551
1841
2123
2234
1743
2032
1750
1995
2308
1399
1572
1302
1191
1321
1441
1728
1773
1724
1701
1734
2480
2270
2242
2919
1797
2526
1006
3983
2127
1885
2005
2031
2222
2130
2103
1680
1832
1577
1821
1442
1799
2043
2127
1976
2246
2216
1597
1841
1508
1763
1084
1311
1179
842
1549
1191
777
685
542
536
614
745
709
709
786
689
905
709
921
1162
1442
1111
1227
896
965
763
786
1013
942
985
1007
1137
1388
1105
938
1028
848
1138
1430
1436
1031
911
672
726
1095
869
1233
507
608
470
486
333
357
155
231
315
405
340
482
548
508
321
417
354
480
536
462
617
667
597
469
541
661
567
603
573
643
571
515
561
406
244
214
95
35
0
650
572
538
743
430
495
378
487
320
393
471
529
522
581
519
540
561
597
727
506
498
524
659
729
770
727
581
679
462
534
608
483
501
528
596
469
578
484
556
578
545
691
339
226
357
908
939
1187
1045
1259
1466
810
1409
1099
1184
678
1496
1357
979
1447
1597
1089
1379
1257
1118
1608
1082
790
1209
841
1084
860
953
661
721
464
875
226
698
1326
1608
1521
935
1227
1406
1318
1544
1822
1945
1269
1101
1454
826
1057
1307
1877
1391
1597
1132
1126
958
817
1209
876
924
917
697
431
667
632
540
804
789
995
770
768
605
620
590
362
518
345
238
178
274
1144
1062
603
875
864
305
881
904
732
643
803
691
1079
1032
995
501
786
563
810
395
548
333
263
488
363
608
446
638
303
1072
744
1102
557
858
727
828
653
590
542
693
842
797
816
862
716
739
474
673
478
962
1287
761
896
1251
1158
1165
953
1227
890
1120
795
1031
1179
951
1293
976
1358
1153
1362
1407
1376
1211
1003
1381
1596
1077
983
1281
946
1239
1567
1240
1316
633
3219
1037
881
939
1213
1120
1161
979
304
572
751
673
512
11
835
962
1006
1074
940
952
960
1048
976
1300
1263
1215
693
718
548
542
1049
1028
1168
1162
716
768
829
1150
910
1138
1162
1169
935
1007
998
1178
518
209
1090
1402
1609
1725
1916
1264
1551
1841
2123
2234
1743
2032
1750
1995
2308
1399
1572
1302
1191
1321
1441
1728
1773
1724
1701
1734
2480
2270
2242
2919
1797
2526
1006
3983
2127
1885
2005
2031
2222
2130
2103
1680
1832
1577
1821
1442
1799
2043
2127
1976
2246
2216
1597
1841
1508
1763
1084
1311
1179
842
1549
1191
777
685
542
536
614
745
709
709
786
689
905
709
921
1162
1442
1111
1227
896
965
763
786
1013
942
985
1007
1137
1388
1105
938
1028
848
1138
1430
1436
1031
911
672
726
1095
869
1233
507
608
470
486
333
357
155
231
315
405
340
482
548
508
321
417
354
480
536
462
617
667
597
469
541
661
567
603
573
643
571
515
561
406
244
214
95
35
0
650
572
538
743
430
495
378
487
320
393
471
529
522
581
519
540
561
597
727
506
498
524
659
729
770
727
581
679
462
534
608
483
501
528
596
469
578
484
556
578
545
691
339
226
357
908
939
1187
1045
1259
1466
810
1409
1099
1184
678
1496
1357
979
1447
1597
1089
1379
1257
1118
1608
1082
790
1209
841
1084
860
953
661
721
464
875
226
698
1326
1608
1521
935
1227
1406
1318
1544
1822
1945
1269
1101
1454
826
1057
1307
1877
1391
1597
1132
1126
958
817
1209
876
924
917
697
431
667
632
540
804
789
995
770
768
605
620
590
362
518
345
238
178
274
1144
1062
603
875
864
305
881
904
732
643
803
691
1079
1032
995
501
786
563
810
395
548
333
263
488
363
608
446
638
303
1072
744
1102
557
858
727
828
653
590
542
693
842
797
816
862
716
739
474
673
478
962
1287
761
896
1251
1158
1165
953
1227
890
1120
795
1031
1179
951
1293
976
1358
1153
1362
1407
1376
1211
1003
1381
1596
1077
983
1281
946
1239
1567
1240
1316
633
3219
1037
881
939
1213
1120
1161
979
304
572
751
673
512
11
835
962
1006
1074
940
952
960
1048
976
1300
1263
1215
693
718
548
542
1049
1028
1168
1162
716
768
829
1150
910
1138
1162
1169
935
1007
998
1178
518
209
1090
1402
1609
1725
1916
1264
1551
1841
2123
2234
1743
2032
1750
1995
2308
1399
1572
1302
1191
1321
1441
1728
1773
1724
1701
1734
2480
2270
2242
2919
1797
2526
1006
3983
2127
1885
2005
2031
2222
2130
2103
1680
1832
1577
1821
1442
1799
2043
2127
1976
2246
2216
1597
1841
1508
1763
1084
1311
1179
842
1549
1191
777
685
542
536
614
745
709
709
786
689
905
709
921
1162
1442
1111
1227
896
965
763
786
1013
942
985
1007
1137
1388
1105
938
1028
848
1138
1430
1436
1031
911
672
726
1095
869
1233
507
608
470
486
333
357
155
231
315
405
340
482
548
508
321
417
354
480
536
462
617
667
597
469
541
661
567
603
573
643
571
515
561
406
244
214
95
35
0
