124
102
66
106
83
104
117
101
128
125
86
108
109
103
137
116
119
115
97
72
84
141
191
206
197
222
238
191
115
68
172
144
123
101
91
129
82
96
36
35
131
143
185
198
134
126
168
141
101
49
120
88
128
121
134
154
91
102
66
79
62
88
130
109
202
218
214
184
161
111
121
140
149
168
211
226
196
208
152
201
183
175
208
186
21
444
171
162
185
182
155
191
167
146
180
137
136
202
164
150
116
4
163
125
135
156
170
174
213
154
163
150
171
246
189
203
204
169
180
166
107
110
73
127
99
165
135
146
141
96
42
95
187
197
172
151
143
142
95
160
119
53
179
289
334
290
191
241
267
316
238
333
289
107
168
183
213
238
287
267
300
376
359
361
364
300
363
294
281
17
570
328
270
270
268
350
381
353
343
260
329
275
200
807
332
375
358
306
338
276
304
319
295
312
244
282
282
95
530
125
154
108
105
79
24
121
128
123
160
135
183
134
184
168
86
151
160
142
127
137
153
107
127
108
136
135
180
191
156
156
164
132
162
164
165
137
141
78
85
80
84
142
101
124
87
68
36
25
30
37
31
26
36
38
27
45
49
42
45
68
48
61
41
47
53
43
48
57
46
35
40
52
37
47
32
45
37
31
28
24
24
3
7
1
12
22
17
20
28
7
163
201
67
111
89
99
149
123
140
154
161
211
159
116
149
157
154
207
163
156
172
134
143
167
164
167
173
157
172
177
175
173
182
163
164
151
172
166
192
167
141
122
71
150
219
239
216
306
287
275
259
297
252
206
239
287
354
319
305
280
187
278
354
345
335
347
243
167
200
126
126
158
119
141
113
133
129
89
128
290
234
235
223
226
237
205
240
206
169
247
256
225
215
243
240
177
203
76
115
119
124
102
66
106
83
104
117
101
128
125
86
108
109
103
137
116
119
115
97
72
84
141
191
206
197
222
238
191
115
68
172
144
123
101
91
129
82
96
36
35
131
143
185
198
134
126
168
141
101
49
120
88
128
121
134
154
91
102
66
79
62
88
130
109
202
218
214
184
161
111
121
140
149
168
211
226
196
208
152
201
183
175
208
186
21
444
171
162
185
182
155
191
167
146
180
137
136
202
164
150
116
4
163
125
135
156
170
174
213
154
163
150
171
246
189
203
204
169
180
166
107
110
73
127
99
165
135
146
141
96
42
95
187
197
172
151
143
142
95
160
119
53
179
289
334
290
191
241
267
316
238
333
289
107
168
183
213
238
287
267
300
376
359
361
364
300
363
294
281
17
570
328
270
270
268
350
381
353
343
260
329
275
200
807
332
375
358
306
338
276
304
319
295
312
244
282
282
95
530
125
154
108
105
79
24
121
128
123
160
135
183
134
184
168
86
151
160
142
127
137
153
107
127
108
136
135
180
191
156
156
164
132
162
164
165
137
141
78
85
80
84
142
101
124
87
68
36
25
30
37
31
26
36
38
27
45
49
42
45
68
48
61
41
47
53
43
48
57
46
35
40
52
37
47
32
45
37
31
28
24
24
3
7
1
12
22
17
20
28
7
163
201
67
111
89
99
149
123
140
154
161
211
159
116
149
157
154
207
163
156
172
134
143
167
164
167
173
157
172
177
175
173
182
163
164
151
172
166
192
167
141
122
71
150
219
239
216
306
287
275
259
297
252
206
239
287
354
319
305
280
187
278
354
345
335
347
243
167
200
126
126
158
119
141
113
133
129
89
128
290
234
235
223
226
237
205
240
206
169
247
256
225
215
243
240
177
203
76
115
119
124
102
66
106
83
104
117
101
128
125
86
108
109
103
137
116
119
115
97
72
84
141
191
206
197
222
238
191
115
68
172
144
123
101
91
129
82
96
36
35
131
143
185
198
134
126
168
141
101
49
120
88
128
121
134
154
91
102
66
79
62
88
130
109
202
218
214
184
161
111
121
140
149
168
211
226
196
208
152
201
183
175
208
186
21
444
171
162
185
182
155
191
167
146
180
137
136
202
164
150
116
4
163
125
135
156
170
174
213
154
163
150
171
246
189
203
204
169
180
166
107
110
73
127
99
165
135
146
141
96
42
95
187
197
172
151
143
142
95
160
119
53
179
289
334
290
191
241
267
316
238
333
289
107
168
183
213
238
287
267
300
376
359
361
364
300
363
294
281
17
570
328
270
270
268
350
381
353
343
260
329
275
200
807
332
375
358
306
338
276
304
319
295
312
244
282
282
95
530
125
154
108
105
79
24
121
128
123
160
135
183
134
184
168
86
151
160
142
127
137
153
107
127
108
136
135
180
191
156
156
164
132
162
164
165
137
141
78
85
80
84
142
101
124
87
68
36
25
30
37
31
26
36
38
27
45
49
42
45
68
48
61
41
47
53
43
48
57
46
35
40
52
37
47
32
45
37
31
28
24
24
3
7
1
12
22
17
20
28
7
