651
803
268
444
358
395
598
494
561
616
645
843
636
463
597
628
616
827
653
626
686
535
570
669
656
668
694
630
690
709
700
691
729
652
658
605
687
666
769
669
563
490
283
598
876
956
864
1224
1148
1101
1036
1190
1006
824
957
1148
1415
1276
1221
1121
747
1114
1418
1378
1339
1387
971
669
801
506
504
633
475
563
453
532
516
357
512
1159
938
941
892
906
948
819
962
823
677
988
1026
901
860
972
962
709
812
306
462
477
497
408
262
423
333
416
469
402
511
500
342
434
437
414
549
462
476
458
389
290
336
565
764
825
787
889
954
764
462
273
686
576
493
402
364
518
327
385
143
139
525
570
741
793
538
504
674
564
402
194
479
352
511
484
536
616
365
409
266
315
248
353
520
435
808
870
855
737
642
444
483
560
596
673
846
906
783
832
608
805
731
700
832
742
84
1775
686
649
742
730
619
762
666
584
721
549
546
806
654
601
463
17
651
500
542
626
680
698
854
617
651
599
684
983
758
812
815
676
721
665
429
441
290
507
396
661
542
586
563
384
168
381
746
787
689
602
572
570
380
641
476
211
717
1154
1338
1160
766
963
1069
1262
953
1332
1158
429
672
734
854
951
1146
1068
1198
1504
1435
1443
1455
1202
1451
1175
1126
66
2279
1312
1079
1079
1070
1400
1524
1413
1373
1042
1315
1101
801
3228
1329
1501
1431
1225
1350
1105
1215
1277
1181
1249
974
1130
1126
380
2119
500
616
430
420
315
98
485
511
490
640
541
731
536
735
672
342
602
640
568
508
549
612
428
507
432
544
540
721
762
623
626
658
527
650
657
661
550
563
313
339
322
338
570
403
497
347
273
143
101
119
147
126
104
143
154
107
178
196
166
178
273
193
245
162
190
213
173
193
228
185
141
160
210
148
189
129
182
147
126
113
98
94
10
28
5
49
87
68
82
112
27
651
803
268
444
358
395
598
494
561
616
645
843
636
463
597
628
616
827
653
626
686
535
570
669
656
668
694
630
690
709
700
691
729
652
658
605
687
666
769
669
563
490
283
598
876
956
864
1224
1148
1101
1036
1190
1006
824
957
1148
1415
1276
1221
1121
747
1114
1418
1378
1339
1387
971
669
801
506
504
633
475
563
453
532
516
357
512
1159
938
941
892
906
948
819
962
823
677
988
1026
901
860
972
962
709
812
306
462
477
497
408
262
423
333
416
469
402
511
500
342
434
437
414
549
462
476
458
389
290
336
565
764
825
787
889
954
764
462
273
686
576
493
402
364
518
327
385
143
139
525
570
741
793
538
504
674
564
402
194
479
352
511
484
536
616
365
409
266
315
248
353
520
435
808
870
855
737
642
444
483
560
596
673
846
906
783
832
608
805
731
700
832
742
84
1775
686
649
742
730
619
762
666
584
721
549
546
806
654
601
463
17
651
500
542
626
680
698
854
617
651
599
684
983
758
812
815
676
721
665
429
441
290
507
396
661
542
586
563
384
168
381
746
787
689
602
572
570
380
641
476
211
717
1154
1338
1160
766
963
1069
1262
953
1332
1158
429
672
734
854
951
1146
1068
1198
1504
1435
1443
1455
1202
1451
1175
1126
66
2279
1312
1079
1079
1070
1400
1524
1413
1373
1042
1315
1101
801
3228
1329
1501
1431
1225
1350
1105
1215
1277
1181
1249
974
1130
1126
380
2119
500
616
430
420
315
98
485
511
490
640
541
731
536
735
672
342
602
640
568
508
549
612
428
507
432
544
540
721
762
623
626
658
527
650
657
661
550
563
313
339
322
338
570
403
497
347
273
143
101
119
147
126
104
143
154
107
178
196
166
178
273
193
245
162
190
213
173
193
228
185
141
160
210
148
189
129
182
147
126
113
98
94
10
28
5
49
87
68
82
112
27
651
803
268
444
358
395
598
494
561
616
645
843
636
463
597
628
616
827
653
626
686
535
570
669
656
668
694
630
690
709
700
691
729
652
658
605
687
666
769
669
563
490
283
598
876
956
864
1224
1148
1101
1036
1190
1006
824
957
1148
1415
1276
1221
1121
747
1114
1418
1378
1339
1387
971
669
801
506
504
633
475
563
453
532
516
357
512
1159
938
941
892
906
948
819
962
823
677
988
1026
901
860
972
962
709
812
306
462
477
497
408
262
423
333
416
469
402
511
500
342
434
437
414
549
462
476
458
389
290
336
565
764
825
787
889
954
764
462
273
686
576
493
402
364
518
327
385
143
139
525
570
741
793
538
504
674
564
402
194
479
352
511
484
536
616
365
409
266
315
248
353
520
435
808
870
855
737
642
444
483
560
596
673
846
906
783
832
608
805
731
700
832
742
84
1775
686
649
742
730
619
762
666
584
721
549
546
806
654
601
463
17
651
500
542
626
680
698
854
617
651
599
684
983
758
812
815
676
721
665
429
441
290
507
396
661
542
586
563
384
168
381
746
787
689
602
572
570
380
641
476
211
717
1154
1338
1160
766
963
1069
1262
953
1332
1158
429
672
734
854
951
1146
1068
1198
1504
1435
1443
1455
1202
1451
1175
1126
66
2279
1312
1079
1079
1070
1400
1524
1413
1373
1042
1315
1101
801
3228
1329
1501
1431
1225
1350
1105
1215
1277
1181
1249
974
1130
1126
380
2119
500
616
430
420
315
98
485
511
490
640
541
731
536
735
672
342
602
640
568
508
549
612
428
507
432
544
540
721
762
623
626
658
527
650
657
661
550
563
313
339
322
338
570
403
497
347
273
143
101
119
147
126
104
143
154
107
178
196
166
178
273
193
245
162
190
213
173
193
228
185
141
160
210
148
189
129
182
147
126
113
98
94
10
28
5
49
87
68
82
112
27
