534
820
271
565
354
431
663
490
527
504
672
677
762
518
363
630
519
512
676
731
669
666
704
699
681
675
413
770
760
722
734
747
741
731
772
642
659
666
675
778
855
667
636
666
840
653
551
438
1022
855
569
666
850
943
1057
1003
987
1046
1135
1103
1030
1018
1036
874
1038
999
1087
1131
1118
1026
951
1003
742
968
1027
1242
833
895
976
792
572
501
637
766
527
730
522
611
367
485
418
618
844
908
1160
1275
949
1041
901
1013
911
766
835
951
638
611
819
794
652
1151
1084
1032
889
1066
641
575
596
618
456
226
296
351
303
470
465
465
625
505
414
355
317
429
363
651
1092
801
1022
624
567
552
248
285
318
389
310
440
351
411
417
470
363
420
470
364
466
320
640
483
438
470
416
607
535
359
203
285
337
680
808
821
611
661
769
586
496
392
526
415
211
411
288
374
322
240
385
249
452
646
692
483
731
907
432
1057
936
655
476
589
636
775
718
988
748
518
853
774
806
701
614
588
622
808
745
825
639
692
518
386
527
503
570
528
751
744
612
474
671
777
684
655
155
214
414
386
470
15
603
638
666
723
762
607
628
622
633
569
705
838
740
548
509
466
444
411
540
722
839
650
656
767
918
903
721
543
611
606
662
577
785
598
496
211
335
817
1001
792
881
1063
1384
1359
1325
1382
1099
931
964
1361
843
1121
963
1079
850
1392
1744
1614
437
2050
766
759
826
898
1043
1340
1143
1386
1547
1334
1238
1107
1165
1207
1072
1048
1144
1290
1355
1122
1108
1448
1170
1449
1584
194
2085
1092
940
911
842
656
751
733
696
367
418
291
159
115
48
876
641
744
670
718
618
666
586
621
755
651
688
714
575
670
454
482
592
546
573
616
577
670
677
692
703
552
565
759
449
447
522
442
348
306
389
253
363
262
392
201
470
368
270
248
302
459
403
290
366
302
351
302
399
327
303
207
315
252
355
268
304
318
251
326
234
322
196
226
259
289
241
214
106
107
44
37
18
211
116
341
352
357
366
369
353
434
310
424
359
534
820
271
565
354
431
663
490
527
504
672
677
762
518
363
630
519
512
676
731
669
666
704
699
681
675
413
770
760
722
734
747
741
731
772
642
659
666
675
778
855
667
636
666
840
653
551
438
1022
855
569
666
850
943
1057
1003
987
1046
1135
1103
1030
1018
1036
874
1038
999
1087
1131
1118
1026
951
1003
742
968
1027
1242
833
895
976
792
572
501
637
766
527
730
522
611
367
485
418
618
844
908
1160
1275
949
1041
901
1013
911
766
835
951
638
611
819
794
652
1151
1084
1032
889
1066
641
575
596
618
456
226
296
351
303
470
465
465
625
505
414
355
317
429
363
651
1092
801
1022
624
567
552
248
285
318
389
310
440
351
411
417
470
363
420
470
364
466
320
640
483
438
470
416
607
535
359
203
285
337
680
808
821
611
661
769
586
496
392
526
415
211
411
288
374
322
240
385
249
452
646
692
483
731
907
432
1057
936
655
476
589
636
775
718
988
748
518
853
774
806
701
614
588
622
808
745
825
639
692
518
386
527
503
570
528
751
744
612
474
671
777
684
655
155
214
414
386
470
15
603
638
666
723
762
607
628
622
633
569
705
838
740
548
509
466
444
411
540
722
839
650
656
767
918
903
721
543
611
606
662
577
785
598
496
211
335
817
1001
792
881
1063
1384
1359
1325
1382
1099
931
964
1361
843
1121
963
1079
850
1392
1744
1614
437
2050
766
759
826
898
1043
1340
1143
1386
1547
1334
1238
1107
1165
1207
1072
1048
1144
1290
1355
1122
1108
1448
1170
1449
1584
194
2085
1092
940
911
842
656
751
733
696
367
418
291
159
115
48
876
641
744
670
718
618
666
586
621
755
651
688
714
575
670
454
482
592
546
573
616
577
670
677
692
703
552
565
759
449
447
522
442
348
306
389
253
363
262
392
201
470
368
270
248
302
459
403
290
366
302
351
302
399
327
303
207
315
252
355
268
304
318
251
326
234
322
196
226
259
289
241
214
106
107
44
37
18
211
116
341
352
357
366
369
353
434
310
424
359
534
820
271
565
354
431
663
490
527
504
672
677
762
518
363
630
519
512
676
731
669
666
704
699
681
675
413
770
760
722
734
747
741
731
772
642
659
666
675
778
855
667
636
666
840
653
551
438
1022
855
569
666
850
943
1057
1003
987
1046
1135
1103
1030
1018
1036
874
1038
999
1087
1131
1118
1026
951
1003
742
968
1027
1242
833
895
976
792
572
501
637
766
527
730
522
611
367
485
418
618
844
908
1160
1275
949
1041
901
1013
911
766
835
951
638
611
819
794
652
1151
1084
1032
889
1066
641
575
596
618
456
226
296
351
303
470
465
465
625
505
414
355
317
429
363
651
1092
801
1022
624
567
552
248
285
318
389
310
440
351
411
417
470
363
420
470
364
466
320
640
483
438
470
416
607
535
359
203
285
337
680
808
821
611
661
769
586
496
392
526
415
211
411
288
374
322
240
385
249
452
646
692
483
731
907
432
1057
936
655
476
589
636
775
718
988
748
518
853
774
806
701
614
588
622
808
745
825
639
692
518
386
527
503
570
528
751
744
612
474
671
777
684
655
155
214
414
386
470
15
603
638
666
723
762
607
628
622
633
569
705
838
740
548
509
466
444
411
540
722
839
650
656
767
918
903
721
543
611
606
662
577
785
598
496
211
335
817
1001
792
881
1063
1384
1359
1325
1382
1099
931
964
1361
843
1121
963
1079
850
1392
1744
1614
437
2050
766
759
826
898
1043
1340
1143
1386
1547
1334
1238
1107
1165
1207
1072
1048
1144
1290
1355
1122
1108
1448
1170
1449
1584
194
2085
1092
940
911
842
656
751
733
696
367
418
291
159
115
48
876
641
744
670
718
618
666
586
621
755
651
688
714
575
670
454
482
592
546
573
616
577
670
677
692
703
552
565
759
449
447
522
442
348
306
389
253
363
262
392
201
470
368
270
248
302
459
403
290
366
302
351
302
399
327
303
207
315
252
355
268
304
318
251
326
234
322
196
226
259
289
241
214
106
107
44
37
18
211
116
341
352
357
366
369
353
434
310
424
359
