217
191
179
248
143
165
126
162
107
131
157
176
174
194
173
180
187
199
242
169
166
175
220
243
257
242
194
226
154
178
203
161
167
176
199
156
193
161
185
193
182
230
113
75
119
303
313
396
348
420
489
270
470
366
395
226
499
452
326
482
532
363
460
419
373
536
361
263
403
280
361
287
318
220
240
155
292
75
233
442
536
507
312
409
469
439
515
607
648
423
367
485
275
352
436
626
464
532
377
375
319
272
403
292
308
306
232
144
222
211
180
268
263
332
257
256
202
207
197
121
173
115
79
59
91
381
354
201
292
288
102
294
301
244
214
268
230
360
344
332
167
262
188
270
132
183
111
88
163
121
203
149
213
101
357
248
367
186
286
242
276
218
197
181
231
281
266
272
287
239
246
158
224
159
321
429
254
299
417
386
388
318
409
297
373
265
344
393
317
431
325
453
384
454
469
459
404
334
460
532
359
328
427
315
413
522
413
439
211
1073
346
294
313
404
373
387
326
101
191
250
224
171
4
278
321
335
358
313
317
320
349
325
433
421
405
231
239
183
181
350
343
389
387
239
256
276
383
303
379
387
390
312
336
333
393
173
70
363
467
536
575
639
421
517
614
708
745
581
677
583
665
769
466
524
434
397
440
480
576
591
575
567
578
827
757
747
973
599
842
335
1328
709
628
668
677
741
710
701
560
611
526
607
481
600
681
709
659
749
739
532
614
503
588
361
437
393
281
516
397
259
228
181
179
205
248
236
236
262
230
302
236
307
387
481
370
409
299
322
254
262
338
314
328
336
379
463
368
313
343
283
379
477
479
344
304
224
242
365
290
411
169
203
157
162
111
119
52
77
105
135
113
161
183
169
107
139
118
160
179
154
206
222
199
156
180
220
189
201
191
214
190
172
187
135
81
71
32
12
0
217
191
179
248
143
165
126
162
107
131
157
176
174
194
173
180
187
199
242
169
166
175
220
243
257
242
194
226
154
178
203
161
167
176
199
156
193
161
185
193
182
230
113
75
119
303
313
396
348
420
489
270
470
366
395
226
499
452
326
482
532
363
460
419
373
536
361
263
403
280
361
287
318
220
240
155
292
75
233
442
536
507
312
409
469
439
515
607
648
423
367
485
275
352
436
626
464
532
377
375
319
272
403
292
308
306
232
144
222
211
180
268
263
332
257
256
202
207
197
121
173
115
79
59
91
381
354
201
292
288
102
294
301
244
214
268
230
360
344
332
167
262
188
270
132
183
111
88
163
121
203
149
213
101
357
248
367
186
286
242
276
218
197
181
231
281
266
272
287
239
246
158
224
159
321
429
254
299
417
386
388
318
409
297
373
265
344
393
317
431
325
453
384
454
469
459
404
334
460
532
359
328
427
315
413
522
413
439
211
1073
346
294
313
404
373
387
326
101
191
250
224
171
4
278
321
335
358
313
317
320
349
325
433
421
405
231
239
183
181
350
343
389
387
239
256
276
383
303
379
387
390
312
336
333
393
173
70
363
467
536
575
639
421
517
614
708
745
581
677
583
665
769
466
524
434
397
440
480
576
591
575
567
578
827
757
747
973
599
842
335
1328
709
628
668
677
741
710
701
560
611
526
607
481
600
681
709
659
749
739
532
614
503
588
361
437
393
281
516
397
259
228
181
179
205
248
236
236
262
230
302
236
307
387
481
370
409
299
322
254
262
338
314
328
336
379
463
368
313
343
283
379
477
479
344
304
224
242
365
290
411
169
203
157
162
111
119
52
77
105
135
113
161
183
169
107
139
118
160
179
154
206
222
199
156
180
220
189
201
191
214
190
172
187
135
81
71
32
12
0
217
191
179
248
143
165
126
162
107
131
157
176
174
194
173
180
187
199
242
169
166
175
220
243
257
242
194
226
154
178
203
161
167
176
199
156
193
161
185
193
182
230
113
75
119
303
313
396
348
420
489
270
470
366
395
226
499
452
326
482
532
363
460
419
373
536
361
263
403
280
361
287
318
220
240
155
292
75
233
442
536
507
312
409
469
439
515
607
648
423
367
485
275
352
436
626
464
532
377
375
319
272
403
292
308
306
232
144
222
211
180
268
263
332
257
256
202
207
197
121
173
115
79
59
91
381
354
201
292
288
102
294
301
244
214
268
230
360
344
332
167
262
188
270
132
183
111
88
163
121
203
149
213
101
357
248
367
186
286
242
276
218
197
181
231
281
266
272
287
239
246
158
224
159
321
429
254
299
417
386
388
318
409
297
373
265
344
393
317
431
325
453
384
454
469
459
404
334
460
532
359
328
427
315
413
522
413
439
211
1073
346
294
313
404
373
387
326
101
191
250
224
171
4
278
321
335
358
313
317
320
349
325
433
421
405
231
239
183
181
350
343
389
387
239
256
276
383
303
379
387
390
312
336
333
393
173
70
363
467
536
575
639
421
517
614
708
745
581
677
583
665
769
466
524
434
397
440
480
576
591
575
567
578
827
757
747
973
599
842
335
1328
709
628
668
677
741
710
701
560
611
526
607
481
600
681
709
659
749
739
532
614
503
588
361
437
393
281
516
397
259
228
181
179
205
248
236
236
262
230
302
236
307
387
481
370
409
299
322
254
262
338
314
328
336
379
463
368
313
343
283
379
477
479
344
304
224
242
365
290
411
169
203
157
162
111
119
52
77
105
135
113
161
183
169
107
139
118
160
179
154
206
222
199
156
180
220
189
201
191
214
190
172
187
135
81
71
32
12
0
