248
204
131
212
167
208
234
201
255
250
171
217
219
207
275
231
238
229
195
145
168
283
382
413
393
445
477
382
231
136
343
288
247
201
182
259
164
192
72
70
262
285
371
397
269
252
337
282
201
97
240
176
255
242
268
308
183
205
133
157
124
177
260
218
404
435
428
369
321
222
242
280
298
337
423
453
391
416
304
402
366
350
416
371
42
887
343
324
371
365
309
381
333
292
361
275
273
403
327
301
231
9
325
250
271
313
340
349
427
309
325
300
342
492
379
406
407
338
361
332
215
220
145
254
198
331
271
293
281
192
84
191
373
394
344
301
286
285
190
320
238
106
359
577
669
580
383
481
535
631
476
666
579
215
336
367
427
475
573
534
599
752
718
721
728
601
725
588
563
33
1140
656
539
539
535
700
762
706
686
521
658
550
401
1614
665
750
716
612
675
553
607
638
590
624
487
565
563
190
1060
250
308
215
210
157
49
242
255
245
320
270
366
268
367
336
171
301
320
284
254
274
306
214
254
216
272
270
360
381
311
313
329
264
325
329
330
275
281
157
170
161
169
285
202
248
173
136
72
51
59
73
63
52
72
77
53
89
98
83
89
136
97
122
81
95
107
86
97
114
93
70
80
105
74
94
64
91
73
63
57
49
47
5
14
3
24
44
34
41
56
14
325
402
134
222
179
197
299
247
281
308
323
421
318
232
298
314
308
414
327
313
343
267
285
335
328
334
347
315
345
355
350
346
365
326
329
302
344
333
385
335
281
245
141
299
438
478
432
612
574
550
518
595
503
412
479
574
707
638
611
561
374
557
709
689
670
694
486
335
401
253
252
316
238
281
227
266
258
178
256
580
469
471
446
453
474
410
481
412
339
494
513
450
430
486
481
354
406
153
231
238
248
204
131
212
167
208
234
201
255
250
171
217
219
207
275
231
238
229
195
145
168
283
382
413
393
445
477
382
231
136
343
288
247
201
182
259
164
192
72
70
262
285
371
397
269
252
337
282
201
97
240
176
255
242
268
308
183
205
133
157
124
177
260
218
404
435
428
369
321
222
242
280
298
337
423
453
391
416
304
402
366
350
416
371
42
887
343
324
371
365
309
381
333
292
361
275
273
403
327
301
231
9
325
250
271
313
340
349
427
309
325
300
342
492
379
406
407
338
361
332
215
220
145
254
198
331
271
293
281
192
84
191
373
394
344
301
286
285
190
320
238
106
359
577
669
580
383
481
535
631
476
666
579
215
336
367
427
475
573
534
599
752
718
721
728
601
725
588
563
33
1140
656
539
539
535
700
762
706
686
521
658
550
401
1614
665
750
716
612
675
553
607
638
590
624
487
565
563
190
1060
250
308
215
210
157
49
242
255
245
320
270
366
268
367
336
171
301
320
284
254
274
306
214
254
216
272
270
360
381
311
313
329
264
325
329
330
275
281
157
170
161
169
285
202
248
173
136
72
51
59
73
63
52
72
77
53
89
98
83
89
136
97
122
81
95
107
86
97
114
93
70
80
105
74
94
64
91
73
63
57
49
47
5
14
3
24
44
34
41
56
14
325
402
134
222
179
197
299
247
281
308
323
421
318
232
298
314
308
414
327
313
343
267
285
335
328
334
347
315
345
355
350
346
365
326
329
302
344
333
385
335
281
245
141
299
438
478
432
612
574
550
518
595
503
412
479
574
707
638
611
561
374
557
709
689
670
694
486
335
401
253
252
316
238
281
227
266
258
178
256
580
469
471
446
453
474
410
481
412
339
494
513
450
430
486
481
354
406
153
231
238
248
204
131
212
167
208
234
201
255
250
171
217
219
207
275
231
238
229
195
145
168
283
382
413
393
445
477
382
231
136
343
288
247
201
182
259
164
192
72
70
262
285
371
397
269
252
337
282
201
97
240
176
255
242
268
308
183
205
133
157
124
177
260
218
404
435
428
369
321
222
242
280
298
337
423
453
391
416
304
402
366
350
416
371
42
887
343
324
371
365
309
381
333
292
361
275
273
403
327
301
231
9
325
250
271
313
340
349
427
309
325
300
342
492
379
406
407
338
361
332
215
220
145
254
198
331
271
293
281
192
84
191
373
394
344
301
286
285
190
320
238
106
359
577
669
580
383
481
535
631
476
666
579
215
336
367
427
475
573
534
599
752
718
721
728
601
725
588
563
33
1140
656
539
539
535
700
762
706
686
521
658
550
401
1614
665
750
716
612
675
553
607
638
590
624
487
565
563
190
1060
250
308
215
210
157
49
242
255
245
320
270
366
268
367
336
171
301
320
284
254
274
306
214
254
216
272
270
360
381
311
313
329
264
325
329
330
275
281
157
170
161
169
285
202
248
173
136
72
51
59
73
63
52
72
77
53
89
98
83
89
136
97
122
81
95
107
86
97
114
93
70
80
105
74
94
64
91
73
63
57
49
47
5
14
3
24
44
34
41
56
14
