694
26
976
749
813
939
1019
1046
1280
926
976
899
1026
1475
1136
1217
1222
1014
1082
997
644
661
435
761
594
992
813
879
844
576
252
572
1119
1181
1033
903
858
855
570
961
714
317
1076
1732
2007
1740
1149
1444
1604
1894
1429
1999
1737
644
1007
1101
1280
1426
1719
1602
1797
2256
2153
2164
2183
1802
2176
1763
1689
99
3419
1968
1618
1618
1605
2099
2286
2119
2059
1562
1973
1651
1202
4842
1994
2251
2147
1837
2025
1658
1822
1915
1771
1873
1462
1695
1689
571
3179
750
924
645
630
472
147
727
766
735
960
811
1097
805
1102
1007
514
903
960
853
761
823
918
643
761
647
816
810
1081
1144
934
939
986
791
975
986
991
824
844
470
509
482
506
855
605
745
520
409
215
152
178
220
188
156
215
231
160
268
293
249
267
409
290
367
244
285
320
259
290
342
278
211
239
315
222
283
193
273
220
188
170
147
141
15
42
8
73
131
102
122
168
41
976
1205
402
666
537
592
897
741
842
924
968
1264
955
695
895
941
924
1241
980
939
1030
802
855
1004
984
1002
1041
945
1035
1064
1051
1037
1094
978
987
907
1031
998
1154
1004
844
735
424
897
1314
1434
1296
1836
1721
1651
1555
1784
1509
1237
1436
1721
2122
1915
1832
1682
1121
1671
2127
2068
2009
2081
1457
1004
1202
759
756
949
713
844
680
797
773
535
768
1739
1407
1412
1338
1358
1423
1229
1443
1235
1016
1483
1538
1351
1290
1458
1443
1063
1217
458
692
715
745
611
393
635
500
624
703
603
766
750
514
651
656
620
824
693
714
687
584
435
503
848
1147
1238
1180
1334
1430
1146
692
409
1029
864
740
604
546
776
491
577
215
209
787
855
1112
1190
807
757
1011
846
603
291
719
528
766
726
804
924
548
614
398
472
372
530
780
653
1212
1305
1283
1106
963
666
725
840
894
1010
1268
1359
1174
1249
912
1207
1097
1050
1249
1113
126
2662
1029
973
1112
1094
928
1144
999
877
1082
824
819
1209
981
902
694
26
976
749
813
939
1019
1046
1280
926
976
899
1026
1475
1136
1217
1222
1014
1082
997
644
661
435
761
594
992
813
879
844
576
252
572
1119
1181
1033
903
858
855
570
961
714
317
1076
1732
2007
1740
1149
1444
1604
1894
1429
1999
1737
644
1007
1101
1280
1426
1719
1602
1797
2256
2153
2164
2183
1802
2176
1763
1689
99
3419
1968
1618
1618
1605
2099
2286
2119
2059
1562
1973
1651
1202
4842
1994
2251
2147
1837
2025
1658
1822
1915
1771
1873
1462
1695
1689
571
3179
750
924
645
630
472
147
727
766
735
960
811
1097
805
1102
1007
514
903
960
853
761
823
918
643
761
647
816
810
1081
1144
934
939
986
791
975
986
991
824
844
470
509
482
506
855
605
745
520
409
215
152
178
220
188
156
215
231
160
268
293
249
267
409
290
367
244
285
320
259
290
342
278
211
239
315
222
283
193
273
220
188
170
147
141
15
42
8
73
131
102
122
168
41
976
1205
402
666
537
592
897
741
842
924
968
1264
955
695
895
941
924
1241
980
939
1030
802
855
1004
984
1002
1041
945
1035
1064
1051
1037
1094
978
987
907
1031
998
1154
1004
844
735
424
897
1314
1434
1296
1836
1721
1651
1555
1784
1509
1237
1436
1721
2122
1915
1832
1682
1121
1671
2127
2068
2009
2081
1457
1004
1202
759
756
949
713
844
680
797
773
535
768
1739
1407
1412
1338
1358
1423
1229
1443
1235
1016
1483
1538
1351
1290
1458
1443
1063
1217
458
692
715
745
611
393
635
500
624
703
603
766
750
514
651
656
620
824
693
714
687
584
435
503
848
1147
1238
1180
1334
1430
1146
692
409
1029
864
740
604
546
776
491
577
215
209
787
855
1112
1190
807
757
1011
846
603
291
719
528
766
726
804
924
548
614
398
472
372
530
780
653
1212
1305
1283
1106
963
666
725
840
894
1010
1268
1359
1174
1249
912
1207
1097
1050
1249
1113
126
2662
1029
973
1112
1094
928
1144
999
877
1082
824
819
1209
981
902
694
26
976
749
813
939
1019
1046
1280
926
976
899
1026
1475
1136
1217
1222
1014
1082
997
644
661
435
761
594
992
813
879
844
576
252
572
1119
1181
1033
903
858
855
570
961
714
317
1076
1732
2007
1740
1149
1444
1604
1894
1429
1999
1737
644
1007
1101
1280
1426
1719
1602
1797
2256
2153
2164
2183
1802
2176
1763
1689
99
3419
1968
1618
1618
1605
2099
2286
2119
2059
1562
1973
1651
1202
4842
1994
2251
2147
1837
2025
1658
1822
1915
1771
1873
1462
1695
1689
571
3179
750
924
645
630
472
147
727
766
735
960
811
1097
805
1102
1007
514
903
960
853
761
823
918
643
761
647
816
810
1081
1144
934
939
986
791
975
986
991
824
844
470
509
482
506
855
605
745
520
409
215
152
178
220
188
156
215
231
160
268
293
249
267
409
290
367
244
285
320
259
290
342
278
211
239
315
222
283
193
273
220
188
170
147
141
15
42
8
73
131
102
122
168
41
