801
1230
406
847
531
646
994
735
790
756
1009
1016
1144
777
545
945
778
768
1014
1097
1003
999
1056
1049
1022
1012
620
1155
1140
1083
1100
1120
1112
1097
1157
962
989
999
1013
1167
1283
1001
954
999
1260
979
827
657
1533
1283
854
1000
1275
1414
1586
1505
1480
1569
1702
1655
1545
1527
1554
1312
1557
1499
1630
1697
1677
1538
1426
1504
1114
1453
1540
1863
1249
1343
1464
1188
857
751
955
1149
790
1094
783
916
550
727
627
927
1266
1361
1739
1913
1424
1561
1352
1520
1366
1149
1253
1427
957
916
1228
1191
979
1727
1627
1549
1334
1599
961
863
893
926
684
338
444
527
455
705
698
697
938
758
622
533
476
644
544
977
1638
1201
1533
936
851
829
372
427
477
583
465
661
526
616
626
705
545
631
705
545
699
480
960
725
658
705
624
910
802
538
305
427
505
1019
1213
1231
916
991
1153
879
744
589
789
622
316
616
431
561
483
361
577
373
677
969
1038
724
1096
1360
648
1586
1404
983
714
883
954
1163
1077
1483
1122
777
1280
1160
1210
1051
921
882
933
1212
1118
1238
958
1039
777
579
791
755
855
792
1127
1116
917
710
1006
1166
1026
983
233
322
622
578
705
22
905
957
1000
1085
1144
910
942
934
949
854
1057
1257
1110
821
764
699
666
616
810
1083
1259
976
983
1151
1377
1355
1082
814
916
910
993
865
1177
897
744
316
502
1226
1502
1188
1321
1595
2077
2039
1987
2074
1649
1396
1446
2042
1265
1681
1444
1619
1275
2087
2616
2421
656
3076
1149
1138
1240
1347
1565
2011
1714
2080
2321
2002
1856
1661
1748
1811
1608
1571
1715
1936
2032
1683
1662
2172
1754
2174
2377
291
3128
1638
1409
1366
1263
983
1127
1100
1044
550
627
436
238
172
72
1314
962
1116
1005
1077
927
999
879
932
1132
977
1033
1072
862
1005
681
722
888
819
859
923
866
1005
1016
1039
1055
828
847
1138
673
670
783
664
522
459
583
380
544
393
589
301
705
552
405
372
453
689
605
435
549
453
527
454
599
490
455
311
472
377
533
402
457
477
376
489
351
483
294
338
389
433
362
322
159
161
66
55
27
316
175
512
529
535
548
554
530
650
465
636
538
801
1230
406
847
531
646
994
735
790
756
1009
1016
1144
777
545
945
778
768
1014
1097
1003
999
1056
1049
1022
1012
620
1155
1140
1083
1100
1120
1112
1097
1157
962
989
999
1013
1167
1283
1001
954
999
1260
979
827
657
1533
1283
854
1000
1275
1414
1586
1505
1480
1569
1702
1655
1545
1527
1554
1312
1557
1499
1630
1697
1677
1538
1426
1504
1114
1453
1540
1863
1249
1343
1464
1188
857
751
955
1149
790
1094
783
916
550
727
627
927
1266
1361
1739
1913
1424
1561
1352
1520
1366
1149
1253
1427
957
916
1228
1191
979
1727
1627
1549
1334
1599
961
863
893
926
684
338
444
527
455
705
698
697
938
758
622
533
476
644
544
977
1638
1201
1533
936
851
829
372
427
477
583
465
661
526
616
626
705
545
631
705
545
699
480
960
725
658
705
624
910
802
538
305
427
505
1019
1213
1231
916
991
1153
879
744
589
789
622
316
616
431
561
483
361
577
373
677
969
1038
724
1096
1360
648
1586
1404
983
714
883
954
1163
1077
1483
1122
777
1280
1160
1210
1051
921
882
933
1212
1118
1238
958
1039
777
579
791
755
855
792
1127
1116
917
710
1006
1166
1026
983
233
322
622
578
705
22
905
957
1000
1085
1144
910
942
934
949
854
1057
1257
1110
821
764
699
666
616
810
1083
1259
976
983
1151
1377
1355
1082
814
916
910
993
865
1177
897
744
316
502
1226
1502
1188
1321
1595
2077
2039
1987
2074
1649
1396
1446
2042
1265
1681
1444
1619
1275
2087
2616
2421
656
3076
1149
1138
1240
1347
1565
2011
1714
2080
2321
2002
1856
1661
1748
1811
1608
1571
1715
1936
2032
1683
1662
2172
1754
2174
2377
291
3128
1638
1409
1366
1263
983
1127
1100
1044
550
627
436
238
172
72
1314
962
1116
1005
1077
927
999
879
932
1132
977
1033
1072
862
1005
681
722
888
819
859
923
866
1005
1016
1039
1055
828
847
1138
673
670
783
664
522
459
583
380
544
393
589
301
705
552
405
372
453
689
605
435
549
453
527
454
599
490
455
311
472
377
533
402
457
477
376
489
351
483
294
338
389
433
362
322
159
161
66
55
27
316
175
512
529
535
548
554
530
650
465
636
538
801
1230
406
847
531
646
994
735
790
756
1009
1016
1144
777
545
945
778
768
1014
1097
1003
999
1056
1049
1022
1012
620
1155
1140
1083
1100
1120
1112
1097
1157
962
989
999
1013
1167
1283
1001
954
999
1260
979
827
657
1533
1283
854
1000
1275
1414
1586
1505
1480
1569
1702
1655
1545
1527
1554
1312
1557
1499
1630
1697
1677
1538
1426
1504
1114
1453
1540
1863
1249
1343
1464
1188
857
751
955
1149
790
1094
783
916
550
727
627
927
1266
1361
1739
1913
1424
1561
1352
1520
1366
1149
1253
1427
957
916
1228
1191
979
1727
1627
1549
1334
1599
961
863
893
926
684
338
444
527
455
705
698
697
938
758
622
533
476
644
544
977
1638
1201
1533
936
851
829
372
427
477
583
465
661
526
616
626
705
545
631
705
545
699
480
960
725
658
705
624
910
802
538
305
427
505
1019
1213
1231
916
991
1153
879
744
589
789
622
316
616
431
561
483
361
577
373
677
969
1038
724
1096
1360
648
1586
1404
983
714
883
954
1163
1077
1483
1122
777
1280
1160
1210
1051
921
882
933
1212
1118
1238
958
1039
777
579
791
755
855
792
1127
1116
917
710
1006
1166
1026
983
233
322
622
578
705
22
905
957
1000
1085
1144
910
942
934
949
854
1057
1257
1110
821
764
699
666
616
810
1083
1259
976
983
1151
1377
1355
1082
814
916
910
993
865
1177
897
744
316
502
1226
1502
1188
1321
1595
2077
2039
1987
2074
1649
1396
1446
2042
1265
1681
1444
1619
1275
2087
2616
2421
656
3076
1149
1138
1240
1347
1565
2011
1714
2080
2321
2002
1856
1661
1748
1811
1608
1571
1715
1936
2032
1683
1662
2172
1754
2174
2377
291
3128
1638
1409
1366
1263
983
1127
1100
1044
550
627
436
238
172
72
1314
962
1116
1005
1077
927
999
879
932
1132
977
1033
1072
862
1005
681
722
888
819
859
923
866
1005
1016
1039
1055
828
847
1138
673
670
783
664
522
459
583
380
544
393
589
301
705
552
405
372
453
689
605
435
549
453
527
454
599
490
455
311
472
377
533
402
457
477
376
489
351
483
294
338
389
433
362
322
159
161
66
55
27
316
175
512
529
535
548
554
530
650
465
636
538
