433
381
359
495
287
330
252
325
213
262
314
353
348
388
346
360
374
398
485
337
332
350
440
486
514
485
388
453
308
356
405
322
334
352
397
313
385
323
371
385
363
461
226
151
238
605
626
791
697
840
977
540
939
732
789
452
997
905
653
965
1065
726
919
838
745
1072
722
527
806
560
723
573
636
441
481
309
584
151
465
884
1072
1014
623
818
938
879
1029
1215
1297
846
734
969
551
705
871
1251
927
1065
755
751
639
544
806
584
616
612
465
287
445
421
360
536
526
663
513
512
403
413
393
241
346
230
159
119
183
763
708
402
583
576
204
588
603
488
429
535
461
719
688
663
334
524
375
540
263
365
222
175
326
242
405
297
425
202
715
496
735
371
572
485
552
435
393
361
462
562
531
544
575
477
493
316
449
319
641
858
507
597
834
772
776
636
818
593
747
530
687
786
634
862
651
906
769
908
938
918
808
669
920
1064
718
655
854
630
826
1045
826
878
422
2146
691
588
626
808
747
774
653
203
381
501
449
342
8
557
641
670
716
626
634
640
698
650
866
842
810
462
479
365
361
699
685
779
775
477
512
553
767
607
759
775
779
623
671
665
785
346
139
727
935
1073
1150
1277
843
1034
1228
1416
1489
1162
1355
1167
1330
1539
933
1048
868
794
881
960
1152
1182
1149
1134
1156
1653
1513
1495
1946
1198
1684
671
2655
1418
1257
1336
1354
1482
1420
1402
1120
1221
1052
1214
961
1200
1362
1418
1317
1497
1478
1065
1227
1005
1176
723
874
786
561
1033
794
518
457
361
357
409
497
473
473
524
460
604
473
614
775
961
741
818
597
643
509
524
675
628
657
671
758
925
736
625
685
565
759
953
957
687
608
448
484
730
579
822
338
405
314
324
222
238
103
154
210
270
226
322
365
339
214
278
236
320
357
308
411
445
398
313
360
441
378
402
382
429
380
343
374
271
163
143
64
24
0
433
381
359
495
287
330
252
325
213
262
314
353
348
388
346
360
374
398
485
337
332
350
440
486
514
485
388
453
308
356
405
322
334
352
397
313
385
323
371
385
363
461
226
151
238
605
626
791
697
840
977
540
939
732
789
452
997
905
653
965
1065
726
919
838
745
1072
722
527
806
560
723
573
636
441
481
309
584
151
465
884
1072
1014
623
818
938
879
1029
1215
1297
846
734
969
551
705
871
1251
927
1065
755
751
639
544
806
584
616
612
465
287
445
421
360
536
526
663
513
512
403
413
393
241
346
230
159
119
183
763
708
402
583
576
204
588
603
488
429
535
461
719
688
663
334
524
375
540
263
365
222
175
326
242
405
297
425
202
715
496
735
371
572
485
552
435
393
361
462
562
531
544
575
477
493
316
449
319
641
858
507
597
834
772
776
636
818
593
747
530
687
786
634
862
651
906
769
908
938
918
808
669
920
1064
718
655
854
630
826
1045
826
878
422
2146
691
588
626
808
747
774
653
203
381
501
449
342
8
557
641
670
716
626
634
640
698
650
866
842
810
462
479
365
361
699
685
779
775
477
512
553
767
607
759
775
779
623
671
665
785
346
139
727
935
1073
1150
1277
843
1034
1228
1416
1489
1162
1355
1167
1330
1539
933
1048
868
794
881
960
1152
1182
1149
1134
1156
1653
1513
1495
1946
1198
1684
671
2655
1418
1257
1336
1354
1482
1420
1402
1120
1221
1052
1214
961
1200
1362
1418
1317
1497
1478
1065
1227
1005
1176
723
874
786
561
1033
794
518
457
361
357
409
497
473
473
524
460
604
473
614
775
961
741
818
597
643
509
524
675
628
657
671
758
925
736
625
685
565
759
953
957
687
608
448
484
730
579
822
338
405
314
324
222
238
103
154
210
270
226
322
365
339
214
278
236
320
357
308
411
445
398
313
360
441
378
402
382
429
380
343
374
271
163
143
64
24
0
433
381
359
495
287
330
252
325
213
262
314
353
348
388
346
360
374
398
485
337
332
350
440
486
514
485
388
453
308
356
405
322
334
352
397
313
385
323
371
385
363
461
226
151
238
605
626
791
697
840
977
540
939
732
789
452
997
905
653
965
1065
726
919
838
745
1072
722
527
806
560
723
573
636
441
481
309
584
151
465
884
1072
1014
623
818
938
879
1029
1215
1297
846
734
969
551
705
871
1251
927
1065
755
751
639
544
806
584
616
612
465
287
445
421
360
536
526
663
513
512
403
413
393
241
346
230
159
119
183
763
708
402
583
576
204
588
603
488
429
535
461
719
688
663
334
524
375
540
263
365
222
175
326
242
405
297
425
202
715
496
735
371
572
485
552
435
393
361
462
562
531
544
575
477
493
316
449
319
641
858
507
597
834
772
776
636
818
593
747
530
687
786
634
862
651
906
769
908
938
918
808
669
920
1064
718
655
854
630
826
1045
826
878
422
2146
691
588
626
808
747
774
653
203
381
501
449
342
8
557
641
670
716
626
634
640
698
650
866
842
810
462
479
365
361
699
685
779
775
477
512
553
767
607
759
775
779
623
671
665
785
346
139
727
935
1073
1150
1277
843
1034
1228
1416
1489
1162
1355
1167
1330
1539
933
1048
868
794
881
960
1152
1182
1149
1134
1156
1653
1513
1495
1946
1198
1684
671
2655
1418
1257
1336
1354
1482
1420
1402
1120
1221
1052
1214
961
1200
1362
1418
1317
1497
1478
1065
1227
1005
1176
723
874
786
561
1033
794
518
457
361
357
409
497
473
473
524
460
604
473
614
775
961
741
818
597
643
509
524
675
628
657
671
758
925
736
625
685
565
759
953
957
687
608
448
484
730
579
822
338
405
314
324
222
238
103
154
210
270
226
322
365
339
214
278
236
320
357
308
411
445
398
313
360
441
378
402
382
429
380
343
374
271
163
143
64
24
0
