180
247
187
130
213
193
202
175
153
147
155
202
186
206
160
173
130
97
132
126
142
132
188
186
153
118
168
194
171
164
39
54
104
96
117
4
151
160
167
181
191
152
157
156
158
142
176
209
185
137
127
117
111
103
135
181
210
163
164
192
229
226
180
136
153
152
166
144
196
150
124
53
84
204
250
198
220
266
346
340
331
346
275
233
241
340
211
280
241
270
213
348
436
403
109
513
192
190
207
225
261
335
286
347
387
334
309
277
291
302
268
262
286
323
339
280
277
362
292
362
396
48
521
273
235
228
211
164
188
183
174
92
105
73
40
29
12
219
160
186
168
180
154
167
147
155
189
163
172
179
144
167
113
120
148
137
143
154
144
168
169
173
176
138
141
190
112
112
130
111
87
76
97
63
91
65
98
50
117
92
67
62
75
115
101
73
92
76
88
76
100
82
76
52
79
63
89
67
76
80
63
81
59
81
49
56
65
72
60
54
26
27
11
9
5
53
29
85
88
89
91
92
88
108
77
106
90
134
205
68
141
88
108
166
122
132
126
168
169
191
130
91
157
130
128
169
183
167
167
176
175
170
169
103
192
190
180
183
187
185
183
193
160
165
167
169
195
214
167
159
166
210
163
138
109
255
214
142
167
213
236
264
251
247
262
284
276
258
254
259
219
260
250
272
283
279
256
238
251
186
242
257
311
208
224
244
198
143
125
159
192
132
182
131
153
92
121
104
155
211
227
290
319
237
260
225
253
228
191
209
238
160
153
205
199
163
288
271
258
222
266
160
144
149
154
114
56
74
88
76
117
116
116
156
126
104
89
79
107
91
163
273
200
255
156
142
138
62
71
80
97
78
110
88
103
104
117
91
105
117
91
117
80
160
121
110
117
104
152
134
90
51
71
84
170
202
205
153
165
192
146
124
98
132
104
53
103
72
93
80
60
96
62
113
162
173
121
183
227
108
264
234
164
119
147
159
194
180
247
187
130
213
193
202
175
153
147
155
202
186
206
160
173
130
97
132
126
142
132
188
186
153
118
168
194
171
164
39
54
104
96
117
4
151
160
167
181
191
152
157
156
158
142
176
209
185
137
127
117
111
103
135
181
210
163
164
192
229
226
180
136
153
152
166
144
196
150
124
53
84
204
250
198
220
266
346
340
331
346
275
233
241
340
211
280
241
270
213
348
436
403
109
513
192
190
207
225
261
335
286
347
387
334
309
277
291
302
268
262
286
323
339
280
277
362
292
362
396
48
521
273
235
228
211
164
188
183
174
92
105
73
40
29
12
219
160
186
168
180
154
167
147
155
189
163
172
179
144
167
113
120
148
137
143
154
144
168
169
173
176
138
141
190
112
112
130
111
87
76
97
63
91
65
98
50
117
92
67
62
75
115
101
73
92
76
88
76
100
82
76
52
79
63
89
67
76
80
63
81
59
81
49
56
65
72
60
54
26
27
11
9
5
53
29
85
88
89
91
92
88
108
77
106
90
134
205
68
141
88
108
166
122
132
126
168
169
191
130
91
157
130
128
169
183
167
167
176
175
170
169
103
192
190
180
183
187
185
183
193
160
165
167
169
195
214
167
159
166
210
163
138
109
255
214
142
167
213
236
264
251
247
262
284
276
258
254
259
219
260
250
272
283
279
256
238
251
186
242
257
311
208
224
244
198
143
125
159
192
132
182
131
153
92
121
104
155
211
227
290
319
237
260
225
253
228
191
209
238
160
153
205
199
163
288
271
258
222
266
160
144
149
154
114
56
74
88
76
117
116
116
156
126
104
89
79
107
91
163
273
200
255
156
142
138
62
71
80
97
78
110
88
103
104
117
91
105
117
91
117
80
160
121
110
117
104
152
134
90
51
71
84
170
202
205
153
165
192
146
124
98
132
104
53
103
72
93
80
60
96
62
113
162
173
121
183
227
108
264
234
164
119
147
159
194
180
247
187
130
213
193
202
175
153
147
155
202
186
206
160
173
130
97
132
126
142
132
188
186
153
118
168
194
171
164
39
54
104
96
117
4
151
160
167
181
191
152
157
156
158
142
176
209
185
137
127
117
111
103
135
181
210
163
164
192
229
226
180
136
153
152
166
144
196
150
124
53
84
204
250
198
220
266
346
340
331
346
275
233
241
340
211
280
241
270
213
348
436
403
109
513
192
190
207
225
261
335
286
347
387
334
309
277
291
302
268
262
286
323
339
280
277
362
292
362
396
48
521
273
235
228
211
164
188
183
174
92
105
73
40
29
12
219
160
186
168
180
154
167
147
155
189
163
172
179
144
167
113
120
148
137
143
154
144
168
169
173
176
138
141
190
112
112
130
111
87
76
97
63
91
65
98
50
117
92
67
62
75
115
101
73
92
76
88
76
100
82
76
52
79
63
89
67
76
80
63
81
59
81
49
56
65
72
60
54
26
27
11
9
5
53
29
85
88
89
91
92
88
108
77
106
90
