108
95
90
124
72
82
63
81
53
66
78
88
87
97
87
90
93
100
121
84
83
87
110
122
128
121
97
113
77
89
101
80
83
88
99
78
96
81
93
96
91
115
57
38
60
151
156
198
174
210
244
135
235
183
197
113
249
226
163
241
266
182
230
209
186
268
180
132
202
140
181
143
159
110
120
77
146
38
116
221
268
253
156
204
234
220
257
304
324
212
184
242
138
176
218
313
232
266
189
188
160
136
202
146
154
153
116
72
111
105
90
134
132
166
128
128
101
103
98
60
86
58
40
30
46
191
177
101
146
144
51
147
151
122
107
134
115
180
172
166
83
131
94
135
66
91
56
44
81
60
101
74
106
51
179
124
184
93
143
121
138
109
98
90
115
140
133
136
144
119
123
79
112
80
160
214
127
149
209
193
194
159
205
148
187
133
172
197
158
215
163
226
192
227
234
229
202
167
230
266
179
164
213
158
207
261
207
219
105
536
173
147
156
202
187
193
163
51
95
125
112
85
2
139
160
168
179
157
159
160
175
163
217
211
203
116
120
91
90
175
171
195
194
119
128
138
192
152
190
194
195
156
168
166
196
86
35
182
234
268
287
319
211
259
307
354
372
290
339
292
333
385
233
262
217
199
220
240
288
295
287
283
289
413
378
374
487
300
421
168
664
355
314
334
339
370
355
351
280
305
263
304
240
300
341
355
329
374
369
266
307
251
294
181
218
197
140
258
199
130
114
90
89
102
124
118
118
131
115
151
118
153
194
240
185
205
149
161
127
131
169
157
164
168
190
231
184
156
171
141
190
238
239
172
152
112
121
183
145
206
84
101
78
81
56
60
26
38
52
68
57
80
91
85
54
70
59
80
89
77
103
111
100
78
90
110
94
101
96
107
95
86
93
68
41
36
16
6
0
108
95
90
124
72
82
63
81
53
66
78
88
87
97
87
90
93
100
121
84
83
87
110
122
128
121
97
113
77
89
101
80
83
88
99
78
96
81
93
96
91
115
57
38
60
151
156
198
174
210
244
135
235
183
197
113
249
226
163
241
266
182
230
209
186
268
180
132
202
140
181
143
159
110
120
77
146
38
116
221
268
253
156
204
234
220
257
304
324
212
184
242
138
176
218
313
232
266
189
188
160
136
202
146
154
153
116
72
111
105
90
134
132
166
128
128
101
103
98
60
86
58
40
30
46
191
177
101
146
144
51
147
151
122
107
134
115
180
172
166
83
131
94
135
66
91
56
44
81
60
101
74
106
51
179
124
184
93
143
121
138
109
98
90
115
140
133
136
144
119
123
79
112
80
160
214
127
149
209
193
194
159
205
148
187
133
172
197
158
215
163
226
192
227
234
229
202
167
230
266
179
164
213
158
207
261
207
219
105
536
173
147
156
202
187
193
163
51
95
125
112
85
2
139
160
168
179
157
159
160
175
163
217
211
203
116
120
91
90
175
171
195
194
119
128
138
192
152
190
194
195
156
168
166
196
86
35
182
234
268
287
319
211
259
307
354
372
290
339
292
333
385
233
262
217
199
220
240
288
295
287
283
289
413
378
374
487
300
421
168
664
355
314
334
339
370
355
351
280
305
263
304
240
300
341
355
329
374
369
266
307
251
294
181
218
197
140
258
199
130
114
90
89
102
124
118
118
131
115
151
118
153
194
240
185
205
149
161
127
131
169
157
164
168
190
231
184
156
171
141
190
238
239
172
152
112
121
183
145
206
84
101
78
81
56
60
26
38
52
68
57
80
91
85
54
70
59
80
89
77
103
111
100
78
90
110
94
101
96
107
95
86
93
68
41
36
16
6
0
108
95
90
124
72
82
63
81
53
66
78
88
87
97
87
90
93
100
121
84
83
87
110
122
128
121
97
113
77
89
101
80
83
88
99
78
96
81
93
96
91
115
57
38
60
151
156
198
174
210
244
135
235
183
197
113
249
226
163
241
266
182
230
209
186
268
180
132
202
140
181
143
159
110
120
77
146
38
116
221
268
253
156
204
234
220
257
304
324
212
184
242
138
176
218
313
232
266
189
188
160
136
202
146
154
153
116
72
111
105
90
134
132
166
128
128
101
103
98
60
86
58
40
30
46
191
177
101
146
144
51
147
151
122
107
134
115
180
172
166
83
131
94
135
66
91
56
44
81
60
101
74
106
51
179
124
184
93
143
121
138
109
98
90
115
140
133
136
144
119
123
79
112
80
160
214
127
149
209
193
194
159
205
148
187
133
172
197
158
215
163
226
192
227
234
229
202
167
230
266
179
164
213
158
207
261
207
219
105
536
173
147
156
202
187
193
163
51
95
125
112
85
2
139
160
168
179
157
159
160
175
163
217
211
203
116
120
91
90
175
171
195
194
119
128
138
192
152
190
194
195
156
168
166
196
86
35
182
234
268
287
319
211
259
307
354
372
290
339
292
333
385
233
262
217
199
220
240
288
295
287
283
289
413
378
374
487
300
421
168
664
355
314
334
339
370
355
351
280
305
263
304
240
300
341
355
329
374
369
266
307
251
294
181
218
197
140
258
199
130
114
90
89
102
124
118
118
131
115
151
118
153
194
240
185
205
149
161
127
131
169
157
164
168
190
231
184
156
171
141
190
238
239
172
152
112
121
183
145
206
84
101
78
81
56
60
26
38
52
68
57
80
91
85
54
70
59
80
89
77
103
111
100
78
90
110
94
101
96
107
95
86
93
68
41
36
16
6
0
