1528
1183
767
413
666
860
1227
1021
1480
1857
1348
1431
1048
1695
1053
1583
1055
1623
1828
1403
1764
1351
1952
1402
1613
1728
1997
1317
1962
1820
1973
1840
975
1643
1341
1717
1435
1653
1316
1639
1649
1216
1654
1573
1819
1762
1586
1779
1240
1571
1332
1148
1394
1214
963
914
1556
1602
1465
1231
1472
1527
1529
787
977
1073
1071
1521
1344
1666
1294
1590
1468
875
895
1853
1844
1694
1841
1653
1847
1863
1212
1405
1873
1700
1151
1847
1386
1382
1615
1427
1986
1159
1635
1533
1412
984
861
1373
935
1652
1799
1777
1939
1938
1325
1610
1298
1732
1474
1737
1741
1429
1378
1444
1658
1661
1891
1667
1374
1028
1038
1404
808
1123
1187
1044
1152
1028
1342
983
1236
1354
1062
1303
1225
1228
1204
1423
1214
1144
1335
1261
1410
1416
1999
2058
1568
2144
2063
1578
1587
1570
1705
1575
1316
2303
1674
1918
1890
1662
2051
1632
2069
1615
1696
1525
1568
1606
1558
1952
1555
1701
1553
2096
2065
1630
2202
1836
1191
1484
1523
1541
1694
1615
1640
1505
1838
2119
2034
1901
2048
1932
1728
1973
1887
1448
1823
1858
973
954
1029
1423
1421
1472
2030
2110
1858
1578
1516
1495
1716
1519
1386
665
1031
1053
1014
799
1297
1537
1454
1109
1256
1279
1309
1119
1133
1406
1371
990
1591
1595
1264
1671
904
1696
982
1207
1279
1451
1381
1538
2006
1673
1629
1723
1767
1724
967
1329
1136
1113
1615
1517
1406
1655
2119
2098
1982
2340
2122
1973
2120
148
3261
1098
1247
1217
1167
1231
824
720
1038
1475
1127
1991
2105
1988
2095
2063
1532
66
1455
1357
1410
1719
1576
1648
1602
1678
667
1338
1438
1524
1601
1835
1613
1582
1477
1613
1512
1613
1613
1479
1458
1459
1276
1238
1209
1244
1330
985
1132
837
776
978
729
824
720
450
300
406
44
2246
973
1099
860
1035
1121
1042
709
404
742
561
374
516
318
434
511
269
214
489
782
1074
1182
1125
977
824
666
363
303
258
165
219
473
369
505
524
406
219
214
233
291
219
253
296
225
153
203
269
115
115
148
132
132
181
198
302
473
439
340
340
324
291
192
126
122
143
181
181
148
214
170
208
214
187
130
225
340
423
66
700
176
192
385
374
357
146
181
154
148
208
143
143
44
55
55
55
49
55
60
55
49
44
44
22
33
259
280
197
159
230
170
82
33
104
176
115
115
148
104
71
66
368
44
77
49
11
307
289
165
121
71
60
77
104
143
109
137
148
93
5
126
159
208
296
219
165
71
203
115
123
137
484
88
187
176
280
170
176
132
200
264
159
192
121
121
648
715
917
778
681
318
104
132
192
154
203
116
176
98
66
98
98
126
154
187
219
192
16
16
11
11
11
11
11
11
11
11
11
16
22
16
16
11
11
5
11
25
736
1082
1044
875
994
889
1269
990
1053
1187
1096
1078
1000
1198
1011
767
1038
782
895
334
1209
768
756
967
1022
778
983
1258
841
527
214
259
169
98
49
55
55
55
55
60
60
60
55
55
60
60
55
55
55
55
55
55
55
60
55
188
599
626
802
650
956
1176
1290
1456
818
648
1420
1565
1352
903
965
994
682
892
1072
831
923
692
796
887
494
148
148
357
335
198
137
16
22
22
33
22
22
22
22
22
22
22
16
33
33
27
16
11
16
11
5
33
44
71
49
60
55
55
55
77
8
49
77
66
71
55
77
71
66
66
55
71
55
77
55
55
82
49
55
66
187
22
12
49
77
71
77
93
66
33
71
49
11
33
38
27
33
5
16
392
874
960
1126
1069
1197
904
915
1072
1139
1066
1089
1226
846
820
929
1153
1291
960
1033
966
736
615
66
1248
731
659
819
749
835
536
484
536
187
346
428
526
494
423
484
516
484
569
538
280
440
709
500
395
120
104
324
203
478
165
247
559
791
562
895
513
544
516
530
538
400
643
691
736
690
555
417
395
160
269
219
132
395
512
417
197
544
467
406
225
109
143
300
302
516
571
253
165
270
291
368
401
132
98
121
49
44
187
406
253
291
98
27
318
379
176
139
115
126
66
49
82
55
60
60
60
55
60
66
55
60
60
60
5
484
750
1124
1053
1090
920
885
763
949
836
1422
1011
1434
1867
2063
963
1467
1311
1406
1692
1231
1372
877
1230
1580
1280
1089
1483
1575
1482
1673
1325
1649
1994
2041
1707
1890
1755
1841
1679
1846
2150
1777
1547
2505
1784
2250
1753
2032
2089
1986
2068
1893
1827
1539
1591
893
1840
1747
1975
2118
2197
2409
1988
2179
1928
1544
1569
1729
1672
2323
1736
1575
1791
1705
2057
2022
1723
1515
2036
1678
2141
357
33
33
146
1377
2053
1779
1613
1302
1095
1120
1330
979
1379
1883
1567
1297
1195
1533
808
1280
912
1451
1144
1510
840
1077
706
1160
1116
1138
1103
1348
1932
1830
1415
1956
2189
2346
2056
1611
1379
1492
1683
1084
1653
1946
2129
1635
1538
2108
2300
2172
2275
2310
2136
1956
2113
2217
2157
1993
1705
2058
1835
2202
1752
2322
1764
2129
1579
1939
1679
2281
2170
2012
2294
2133
1807
2319
1608
2176
2095
2207
2226
2078
1589
2065
1759
2128
2020
2285
1887
1806
2299
2302
900
1780
2331
2399
2275
1822
2239
1964
1790
1660
1568
1929
1907
1693
2360
2169
2002
1571
1342
1918
1511
1264
2053
1612
1853
1860
1827
121
3142
1135
1445
1462
1898
1685
1808
2114
1832
1439
1368
1225
1831
2171
1838
2045
1319
1071
1137
1404
1172
1901
1731
1582
1193
1176
686
912
973
1432
1066
70
3134
1550
1431
1896
841
941
993
1321
1467
906
994
843
1050
115
467
588
527
486
742
637
648
813
499
901
884
279
3166
1386
1438
890
604
701
1140
1423
1013
1067
1098
780
1037
1160
1032
961
816
905
812
809
632
705
634
895
883
802
742
839
970
1083
1091
1042
1081
1042
714
488
753
1164
1308
935
917
706
1002
895
1072
813
1132
1313
1022
1511
1080
1401
1045
785
512
890
826
739
1066
735
906
883
1090
934
767
390
1099
1107
813
1176
1266
1253
1528
1183
767
413
666
860
1227
1021
1480
1857
1348
1431
1048
1695
1053
1583
1055
1623
1828
1403
1764
1351
1952
1402
1613
1728
1997
1317
1962
1820
1973
1840
975
1643
1341
1717
1435
1653
1316
1639
1649
1216
1654
1573
1819
1762
1586
1779
1240
1571
1332
1148
1394
1214
963
914
1556
1602
1465
1231
1472
1527
1529
787
977
1073
1071
1521
1344
1666
1294
1590
1468
875
895
1853
1844
1694
1841
1653
1847
1863
1212
1405
1873
1700
1151
1847
1386
1382
1615
1427
1986
1159
1635
1533
1412
984
861
1373
935
1652
1799
1777
1939
1938
1325
1610
1298
1732
1474
1737
1741
1429
1378
1444
1658
1661
1891
1667
1374
1028
1038
1404
808
1123
1187
1044
1152
1028
1342
983
1236
1354
1062
1303
1225
1228
1204
1423
1214
1144
1335
1261
1410
1416
1999
2058
1568
2144
2063
1578
1587
1570
1705
1575
1316
2303
1674
1918
1890
1662
2051
1632
2069
1615
1696
1525
1568
1606
1558
1952
1555
1701
1553
2096
2065
1630
2202
1836
1191
1484
1523
1541
1694
1615
1640
1505
1838
2119
2034
1901
2048
1932
1728
1973
1887
1448
1823
1858
973
954
1029
1423
1421
1472
2030
2110
1858
1578
1516
1495
1716
1519
1386
665
1031
1053
1014
799
1297
1537
1454
1109
1256
1279
1309
1119
1133
1406
1371
990
1591
1595
1264
1671
904
1696
982
1207
1279
1451
1381
1538
2006
1673
1629
1723
1767
1724
967
1329
1136
1113
1615
1517
1406
1655
2119
2098
1982
2340
2122
1973
2120
148
3261
1098
1247
1217
1167
1231
824
720
1038
1475
1127
1991
2105
1988
2095
2063
1532
66
1455
1357
1410
1719
1576
1648
1602
1678
667
1338
1438
1524
1601
1835
1613
1582
1477
1613
1512
1613
1613
1479
1458
1459
1276
1238
1209
1244
1330
985
1132
837
776
978
729
824
720
450
300
406
44
2246
973
1099
860
1035
1121
1042
709
404
742
561
374
516
318
434
511
269
214
489
782
1074
1182
1125
977
824
666
363
303
258
165
219
473
369
505
524
406
219
214
233
291
219
253
296
225
153
203
269
115
115
148
132
132
181
198
302
473
439
340
340
324
291
192
126
122
143
181
181
148
214
170
208
214
187
130
225
340
423
66
700
176
192
385
374
357
146
181
154
148
208
143
143
44
55
55
55
49
55
60
55
49
44
44
22
33
259
280
197
159
230
170
82
33
104
176
115
115
148
104
71
66
368
44
77
49
11
307
289
165
121
71
60
77
104
143
109
137
148
93
5
126
159
208
296
219
165
71
203
115
123
137
484
88
187
176
280
170
176
132
200
264
159
192
121
121
648
715
917
778
681
318
104
132
192
154
203
116
176
98
66
98
98
126
154
187
219
192
16
16
11
11
11
11
11
11
11
11
11
16
22
16
16
11
11
5
11
25
736
1082
1044
875
994
889
1269
990
1053
1187
1096
1078
1000
1198
1011
767
1038
782
895
334
1209
768
756
967
1022
778
983
1258
841
527
214
259
169
98
49
55
55
55
55
60
60
60
55
55
60
60
55
55
55
55
55
55
55
60
55
188
599
626
802
650
956
1176
1290
1456
818
648
1420
1565
1352
903
965
994
682
892
1072
831
923
692
796
887
494
148
148
357
335
198
137
16
22
22
33
22
22
22
22
22
22
22
16
33
33
27
16
11
16
11
5
33
44
71
49
60
55
55
55
77
8
49
77
66
71
55
77
71
66
66
55
71
55
77
55
55
82
49
55
66
187
22
12
49
77
71
77
93
66
33
71
49
11
33
38
27
33
5
16
392
874
960
1126
1069
1197
904
915
1072
1139
1066
1089
1226
846
820
929
1153
1291
960
1033
966
736
615
66
1248
731
659
819
749
835
536
484
536
187
346
428
526
494
423
484
516
484
569
538
280
440
709
500
395
120
104
324
203
478
165
247
559
791
562
895
513
544
516
530
538
400
643
691
736
690
555
417
395
160
269
219
132
395
512
417
197
544
467
406
225
109
143
300
302
516
571
253
165
270
291
368
401
132
98
121
49
44
187
406
253
291
98
27
318
379
176
139
115
126
66
49
82
55
60
60
60
55
60
66
55
60
60
60
5
484
750
1124
1053
1090
920
885
763
949
836
1422
1011
1434
1867
2063
963
1467
1311
1406
1692
1231
1372
877
1230
1580
1280
1089
1483
1575
1482
1673
1325
1649
1994
2041
1707
1890
1755
1841
1679
1846
2150
1777
1547
2505
1784
2250
1753
2032
2089
1986
2068
1893
1827
1539
1591
893
1840
1747
1975
2118
2197
2409
1988
2179
1928
1544
1569
1729
1672
2323
1736
1575
1791
1705
2057
2022
1723
1515
2036
1678
2141
357
33
33
146
1377
2053
1779
1613
1302
1095
1120
1330
979
1379
1883
1567
1297
1195
1533
808
1280
912
1451
1144
1510
840
1077
706
1160
1116
1138
1103
1348
1932
1830
1415
1956
2189
2346
2056
1611
1379
1492
1683
1084
1653
1946
2129
1635
1538
2108
2300
2172
2275
2310
2136
1956
2113
2217
2157
1993
1705
2058
1835
2202
1752
2322
1764
2129
1579
1939
1679
2281
2170
2012
2294
2133
1807
2319
1608
2176
2095
2207
2226
2078
1589
2065
1759
2128
2020
2285
1887
1806
2299
2302
900
1780
2331
2399
2275
1822
2239
1964
1790
1660
1568
1929
1907
1693
2360
2169
2002
1571
1342
1918
1511
1264
2053
1612
1853
1860
1827
121
3142
1135
1445
1462
1898
1685
1808
2114
1832
1439
1368
1225
1831
2171
1838
2045
1319
1071
1137
1404
1172
1901
1731
1582
1193
1176
686
912
973
1432
1066
70
3134
1550
1431
1896
841
941
993
1321
1467
906
994
843
1050
115
467
588
527
486
742
637
648
813
499
901
884
279
3166
1386
1438
890
604
701
1140
1423
1013
1067
1098
780
1037
1160
1032
961
816
905
812
809
632
705
634
895
883
802
742
839
970
1083
1091
1042
1081
1042
714
488
753
1164
1308
935
917
706
1002
895
1072
813
1132
1313
1022
1511
1080
1401
1045
785
512
890
826
739
1066
735
906
883
1090
934
767
390
1099
1107
813
1176
1266
1253
1528
1183
767
413
666
860
1227
1021
1480
1857
1348
1431
1048
1695
1053
1583
1055
1623
1828
1403
1764
1351
1952
1402
1613
1728
1997
1317
1962
1820
1973
1840
975
1643
1341
1717
1435
1653
1316
1639
1649
1216
1654
1573
1819
1762
1586
1779
1240
1571
1332
1148
1394
1214
963
914
1556
1602
1465
1231
1472
1527
1529
787
977
1073
1071
1521
1344
1666
1294
1590
1468
875
895
1853
1844
1694
1841
1653
1847
1863
1212
1405
1873
1700
1151
1847
1386
1382
1615
1427
1986
1159
1635
1533
1412
984
861
1373
935
1652
1799
1777
1939
1938
1325
1610
1298
1732
1474
1737
1741
1429
1378
1444
1658
1661
1891
1667
1374
1028
1038
1404
808
1123
1187
1044
1152
1028
1342
983
1236
1354
1062
1303
1225
1228
1204
1423
1214
1144
1335
1261
1410
1416
1999
2058
1568
2144
2063
1578
1587
1570
1705
1575
1316
2303
1674
1918
1890
1662
2051
1632
2069
1615
1696
1525
1568
1606
1558
1952
1555
1701
1553
2096
2065
1630
2202
1836
1191
1484
1523
1541
1694
1615
1640
1505
1838
2119
2034
1901
2048
1932
1728
1973
1887
1448
1823
1858
973
954
1029
1423
1421
1472
2030
2110
1858
1578
1516
1495
1716
1519
1386
665
1031
1053
1014
799
1297
1537
1454
1109
1256
1279
1309
1119
1133
1406
1371
990
1591
1595
1264
1671
904
1696
982
1207
1279
1451
1381
1538
2006
1673
1629
1723
1767
1724
967
1329
1136
1113
1615
1517
1406
1655
2119
2098
1982
2340
2122
1973
2120
148
3261
1098
1247
1217
1167
1231
824
720
1038
1475
1127
1991
2105
1988
2095
2063
1532
66
1455
1357
1410
1719
1576
1648
1602
1678
667
1338
1438
1524
1601
1835
1613
1582
1477
1613
1512
1613
1613
1479
1458
1459
1276
1238
1209
1244
1330
985
1132
837
776
978
729
824
720
450
300
406
44
2246
973
1099
860
1035
1121
1042
709
404
742
561
374
516
318
434
511
269
214
489
782
1074
1182
1125
977
824
666
363
303
258
165
219
473
369
505
524
406
219
214
233
291
219
253
296
225
153
203
269
115
115
148
132
132
181
198
302
473
439
340
340
324
291
192
126
122
143
181
181
148
214
170
208
214
187
130
225
340
423
66
700
176
192
385
374
357
146
181
154
148
208
143
143
44
55
55
55
49
55
60
55
49
44
44
22
33
259
280
197
159
230
170
82
33
104
176
115
115
148
104
71
66
368
44
77
49
11
307
289
165
121
71
60
77
104
143
109
137
148
93
5
126
159
208
296
219
165
71
203
115
123
137
484
88
187
176
280
170
176
132
200
264
159
192
121
121
648
715
917
778
681
318
104
132
192
154
203
116
176
98
66
98
98
126
154
187
219
192
16
16
11
11
11
11
11
11
11
11
11
16
22
16
16
11
11
5
11
25
736
1082
1044
875
994
889
1269
990
1053
1187
1096
1078
1000
1198
1011
767
1038
782
895
334
1209
768
756
967
1022
778
983
1258
841
527
214
259
169
98
49
55
55
55
55
60
60
60
55
55
60
60
55
55
55
55
55
55
55
60
55
188
599
626
802
650
956
1176
1290
1456
818
648
1420
1565
1352
903
965
994
682
892
1072
831
923
692
796
887
494
148
148
357
335
198
137
16
22
22
33
22
22
22
22
22
22
22
16
33
33
27
16
11
16
11
5
33
44
71
49
60
55
55
55
77
8
49
77
66
71
55
77
71
66
66
55
71
55
77
55
55
82
49
55
66
187
22
12
49
77
71
77
93
66
33
71
49
11
33
38
27
33
5
16
392
874
960
1126
1069
1197
904
915
1072
1139
1066
1089
1226
846
820
929
1153
1291
960
1033
966
736
615
66
1248
731
659
819
749
835
536
484
536
187
346
428
526
494
423
484
516
484
569
538
280
440
709
500
395
120
104
324
203
478
165
247
559
791
562
895
513
544
516
530
538
400
643
691
736
690
555
417
395
160
269
219
132
395
512
417
197
544
467
406
225
109
143
300
302
516
571
253
165
270
291
368
401
132
98
121
49
44
187
406
253
291
98
27
318
379
176
139
115
126
66
49
82
55
60
60
60
55
60
66
55
60
60
60
5
484
750
1124
1053
1090
920
885
763
949
836
1422
1011
1434
1867
2063
963
1467
1311
1406
1692
1231
1372
877
1230
1580
1280
1089
1483
1575
1482
1673
1325
1649
1994
2041
1707
1890
1755
1841
1679
1846
2150
1777
1547
2505
1784
2250
1753
2032
2089
1986
2068
1893
1827
1539
1591
893
1840
1747
1975
2118
2197
2409
1988
2179
1928
1544
1569
1729
1672
2323
1736
1575
1791
1705
2057
2022
1723
1515
2036
1678
2141
357
33
33
146
1377
2053
1779
1613
1302
1095
1120
1330
979
1379
1883
1567
1297
1195
1533
808
1280
912
1451
1144
1510
840
1077
706
1160
1116
1138
1103
1348
1932
1830
1415
1956
2189
2346
2056
1611
1379
1492
1683
1084
1653
1946
2129
1635
1538
2108
2300
2172
2275
2310
2136
1956
2113
2217
2157
1993
1705
2058
1835
2202
1752
2322
1764
2129
1579
1939
1679
2281
2170
2012
2294
2133
1807
2319
1608
2176
2095
2207
2226
2078
1589
2065
1759
2128
2020
2285
1887
1806
2299
2302
900
1780
2331
2399
2275
1822
2239
1964
1790
1660
1568
1929
1907
1693
2360
2169
2002
1571
1342
1918
1511
1264
2053
1612
1853
1860
1827
121
3142
1135
1445
1462
1898
1685
1808
2114
1832
1439
1368
1225
1831
2171
1838
2045
1319
1071
1137
1404
1172
1901
1731
1582
1193
1176
686
912
973
1432
1066
70
3134
1550
1431
1896
841
941
993
1321
1467
906
994
843
1050
115
467
588
527
486
742
637
648
813
499
901
884
279
3166
1386
1438
890
604
701
1140
1423
1013
1067
1098
780
1037
1160
1032
961
816
905
812
809
632
705
634
895
883
802
742
839
970
1083
1091
1042
1081
1042
714
488
753
1164
1308
935
917
706
1002
895
1072
813
1132
1313
1022
1511
1080
1401
1045
785
512
890
826
739
1066
735
906
883
1090
934
767
390
1099
1107
813
1176
1266
1253
