5
4
4
1
1
2
1
1
1
4
5
5
2
4
5
21
9
9
2
19
6
11
9
11
11
11
15
11
14
8
9
7
7
15
15
11
10
7
10
7
7
5
6
9
12
14
17
6
15
11
10
7
1
7
6
2
4
5
4
5
5
1
36
7
11
7
1
7
5
7
5
9
12
11
9
10
9
6
6
7
5
4
17
4
39
167
161
73
50
57
111
171
166
207
240
244
230
151
149
142
189
213
159
190
174
279
275
237
255
256
269
252
236
95
107
56
144
121
126
277
248
191
194
213
218
226
240
192
213
222
242
55
99
204
231
282
285
247
292
288
213
203
187
140
151
107
177
217
241
257
329
281
207
84
56
62
15
47
50
27
219
252
122
69
111
106
112
105
50
44
49
61
86
27
21
115
69
65
54
22
47
211
143
92
129
89
49
36
59
121
178
155
168
169
149
167
189
212
181
114
150
101
163
137
140
136
192
170
115
100
132
127
132
121
142
154
53
150
157
237
205
120
55
91
146
79
169
308
255
238
201
206
121
286
266
285
220
179
202
180
222
271
272
231
228
321
340
283
268
256
273
355
343
293
328
331
476
380
315
281
317
277
235
301
370
401
381
413
228
282
252
277
259
250
298
227
237
273
348
319
347
302
333
332
322
288
241
249
199
347
194
256
276
196
134
184
251
202
257
262
181
288
245
383
287
248
341
417
293
316
341
330
308
225
159
181
247
240
201
188
126
175
235
330
277
335
247
146
253
171
263
343
305
260
216
285
156
181
180
246
252
325
326
357
317
260
328
272
178
192
197
242
218
242
230
339
256
269
319
14
690
325
221
241
237
242
231
270
278
289
207
247
220
332
209
288
234
404
316
301
206
273
272
216
12
786
217
216
187
186
243
395
275
225
268
391
257
275
142
146
48
631
144
116
105
97
135
73
100
104
156
145
116
124
132
90
146
158
332
277
327
253
174
119
225
78
695
263
188
278
233
175
134
69
107
15
424
90
42
144
281
228
181
176
327
231
258
152
129
258
201
225
184
208
176
240
214
274
281
262
277
5
52
12
106
40
56
64
64
47
37
34
34
31
26
25
19
9
46
153
171
171
211
321
342
331
336
336
257
333
299
256
97
314
198
241
386
315
298
314
328
302
367
349
306
270
299
378
315
362
413
317
353
441
269
342
331
362
256
374
466
258
304
397
312
185
255
356
328
318
371
301
301
287
305
264
291
244
173
214
183
164
200
172
280
265
124
162
250
254
235
186
161
80
161
321
296
310
386
336
419
15
409
519
471
372
350
321
222
217
277
304
327
200
247
230
204
196
225
231
158
162
203
239
312
315
347
375
281
72
164
282
387
370
429
413
388
395
317
362
286
274
219
217
208
195
203
282
262
350
273
301
331
327
307
236
207
206
156
218
242
275
293
263
188
192
181
190
195
202
174
172
187
202
180
164
200
187
201
213
185
171
177
162
98
187
292
290
318
207
227
249
253
159
212
192
214
289
351
371
269
313
258
335
286
297
381
407
329
402
354
292
349
369
368
276
177
131
263
282
351
280
157
221
226
378
354
261
276
251
276
228
309
297
250
312
385
369
382
326
241
186
160
240
251
366
259
301
357
300
468
396
220
250
352
355
356
325
232
311
232
322
358
276
209
221
234
242
307
295
336
403
382
359
398
315
334
240
313
280
245
275
347
314
349
233
297
250
250
257
269
207
278
242
230
226
229
204
191
166
155
194
241
221
248
274
256
228
249
229
266
184
230
176
184
191
169
183
200
193
201
237
223
229
257
192
194
221
218
288
350
340
259
286
261
190
191
143
110
162
132
126
129
115
169
185
250
190
225
197
191
149
151
115
82
65
45
46
44
45
40
35
64
71
87
69
58
70
61
71
41
28
34
35
35
45
45
52
40
33
35
29
24
29
15
15
9
10
12
12
12
12
14
14
14
14
14
12
11
10
10
5
21
24
31
36
32
26
20
6
16
11
12
14
1
7
7
4
4
4
9
4
4
5
5
6
5
7
4
2
6
6
7
9
1
7
6
4
1
4
9
5
7
4
5
7
9
7
7
9
10
10
11
11
14
12
12
7
12
10
14
12
11
9
15
58
6
7
5
2
10
7
6
6
6
9
6
5
1
5
51
10
7
16
17
11
9
17
9
12
10
14
15
10
5
6
4
4
5
1
7
3
6
10
11
14
19
10
14
12
14
12
2
9
12
6
15
39
5
14
20
24
22
17
19
17
10
15
25
9
24
24
22
27
29
22
29
16
25
7
115
15
19
4
10
3
12
14
2
7
6
11
7
10
11
14
10
5
15
79
9
4
7
9
2
6
7
7
7
5
6
6
4
4
1
5
7
12
10
12
5
7
10
15
25
5
7
6
5
5
4
15
7
11
24
6
10
11
7
11
12
6
5
4
4
1
1
2
1
1
1
4
5
5
2
4
5
21
9
9
2
19
6
11
9
11
11
11
15
11
14
8
9
7
7
15
15
11
10
7
10
7
7
5
6
9
12
14
17
6
15
11
10
7
1
7
6
2
4
5
4
5
5
1
36
7
11
7
1
7
5
7
5
9
12
11
9
10
9
6
6
7
5
4
17
4
39
167
161
73
50
57
111
171
166
207
240
244
230
151
149
142
189
213
159
190
174
279
275
237
255
256
269
252
236
95
107
56
144
121
126
277
248
191
194
213
218
226
240
192
213
222
242
55
99
204
231
282
285
247
292
288
213
203
187
140
151
107
177
217
241
257
329
281
207
84
56
62
15
47
50
27
219
252
122
69
111
106
112
105
50
44
49
61
86
27
21
115
69
65
54
22
47
211
143
92
129
89
49
36
59
121
178
155
168
169
149
167
189
212
181
114
150
101
163
137
140
136
192
170
115
100
132
127
132
121
142
154
53
150
157
237
205
120
55
91
146
79
169
308
255
238
201
206
121
286
266
285
220
179
202
180
222
271
272
231
228
321
340
283
268
256
273
355
343
293
328
331
476
380
315
281
317
277
235
301
370
401
381
413
228
282
252
277
259
250
298
227
237
273
348
319
347
302
333
332
322
288
241
249
199
347
194
256
276
196
134
184
251
202
257
262
181
288
245
383
287
248
341
417
293
316
341
330
308
225
159
181
247
240
201
188
126
175
235
330
277
335
247
146
253
171
263
343
305
260
216
285
156
181
180
246
252
325
326
357
317
260
328
272
178
192
197
242
218
242
230
339
256
269
319
14
690
325
221
241
237
242
231
270
278
289
207
247
220
332
209
288
234
404
316
301
206
273
272
216
12
786
217
216
187
186
243
395
275
225
268
391
257
275
142
146
48
631
144
116
105
97
135
73
100
104
156
145
116
124
132
90
146
158
332
277
327
253
174
119
225
78
695
263
188
278
233
175
134
69
107
15
424
90
42
144
281
228
181
176
327
231
258
152
129
258
201
225
184
208
176
240
214
274
281
262
277
5
52
12
106
40
56
64
64
47
37
34
34
31
26
25
19
9
46
153
171
171
211
321
342
331
336
336
257
333
299
256
97
314
198
241
386
315
298
314
328
302
367
349
306
270
299
378
315
362
413
317
353
441
269
342
331
362
256
374
466
258
304
397
312
185
255
356
328
318
371
301
301
287
305
264
291
244
173
214
183
164
200
172
280
265
124
162
250
254
235
186
161
80
161
321
296
310
386
336
419
15
409
519
471
372
350
321
222
217
277
304
327
200
247
230
204
196
225
231
158
162
203
239
312
315
347
375
281
72
164
282
387
370
429
413
388
395
317
362
286
274
219
217
208
195
203
282
262
350
273
301
331
327
307
236
207
206
156
218
242
275
293
263
188
192
181
190
195
202
174
172
187
202
180
164
200
187
201
213
185
171
177
162
98
187
292
290
318
207
227
249
253
159
212
192
214
289
351
371
269
313
258
335
286
297
381
407
329
402
354
292
349
369
368
276
177
131
263
282
351
280
157
221
226
378
354
261
276
251
276
228
309
297
250
312
385
369
382
326
241
186
160
240
251
366
259
301
357
300
468
396
220
250
352
355
356
325
232
311
232
322
358
276
209
221
234
242
307
295
336
403
382
359
398
315
334
240
313
280
245
275
347
314
349
233
297
250
250
257
269
207
278
242
230
226
229
204
191
166
155
194
241
221
248
274
256
228
249
229
266
184
230
176
184
191
169
183
200
193
201
237
223
229
257
192
194
221
218
288
350
340
259
286
261
190
191
143
110
162
132
126
129
115
169
185
250
190
225
197
191
149
151
115
82
65
45
46
44
45
40
35
64
71
87
69
58
70
61
71
41
28
34
35
35
45
45
52
40
33
35
29
24
29
15
15
9
10
12
12
12
12
14
14
14
14
14
12
11
10
10
5
21
24
31
36
32
26
20
6
16
11
12
14
1
7
7
4
4
4
9
4
4
5
5
6
5
7
4
2
6
6
7
9
1
7
6
4
1
4
9
5
7
4
5
7
9
7
7
9
10
10
11
11
14
12
12
7
12
10
14
12
11
9
15
58
6
7
5
2
10
7
6
6
6
9
6
5
1
5
51
10
7
16
17
11
9
17
9
12
10
14
15
10
5
6
4
4
5
1
7
3
6
10
11
14
19
10
14
12
14
12
2
9
12
6
15
39
5
14
20
24
22
17
19
17
10
15
25
9
24
24
22
27
29
22
29
16
25
7
115
15
19
4
10
3
12
14
2
7
6
11
7
10
11
14
10
5
15
79
9
4
7
9
2
6
7
7
7
5
6
6
4
4
1
5
7
12
10
12
5
7
10
15
25
5
7
6
5
5
4
15
7
11
24
6
10
11
7
11
12
6
5
4
4
1
1
2
1
1
1
4
5
5
2
4
5
21
9
9
2
19
6
11
9
11
11
11
15
11
14
8
9
7
7
15
15
11
10
7
10
7
7
5
6
9
12
14
17
6
15
11
10
7
1
7
6
2
4
5
4
5
5
1
36
7
11
7
1
7
5
7
5
9
12
11
9
10
9
6
6
7
5
4
17
4
39
167
161
73
50
57
111
171
166
207
240
244
230
151
149
142
189
213
159
190
174
279
275
237
255
256
269
252
236
95
107
56
144
121
126
277
248
191
194
213
218
226
240
192
213
222
242
55
99
204
231
282
285
247
292
288
213
203
187
140
151
107
177
217
241
257
329
281
207
84
56
62
15
47
50
27
219
252
122
69
111
106
112
105
50
44
49
61
86
27
21
115
69
65
54
22
47
211
143
92
129
89
49
36
59
121
178
155
168
169
149
167
189
212
181
114
150
101
163
137
140
136
192
170
115
100
132
127
132
121
142
154
53
150
157
237
205
120
55
91
146
79
169
308
255
238
201
206
121
286
266
285
220
179
202
180
222
271
272
231
228
321
340
283
268
256
273
355
343
293
328
331
476
380
315
281
317
277
235
301
370
401
381
413
228
282
252
277
259
250
298
227
237
273
348
319
347
302
333
332
322
288
241
249
199
347
194
256
276
196
134
184
251
202
257
262
181
288
245
383
287
248
341
417
293
316
341
330
308
225
159
181
247
240
201
188
126
175
235
330
277
335
247
146
253
171
263
343
305
260
216
285
156
181
180
246
252
325
326
357
317
260
328
272
178
192
197
242
218
242
230
339
256
269
319
14
690
325
221
241
237
242
231
270
278
289
207
247
220
332
209
288
234
404
316
301
206
273
272
216
12
786
217
216
187
186
243
395
275
225
268
391
257
275
142
146
48
631
144
116
105
97
135
73
100
104
156
145
116
124
132
90
146
158
332
277
327
253
174
119
225
78
695
263
188
278
233
175
134
69
107
15
424
90
42
144
281
228
181
176
327
231
258
152
129
258
201
225
184
208
176
240
214
274
281
262
277
5
