307
310
297
293
323
299
292
282
264
291
280
328
319
298
310
285
311
299
271
290
315
310
315
304
256
192
214
191
265
315
320
300
294
272
285
266
285
270
147
153
130
198
123
134
106
101
172
216
269
221
174
255
237
237
231
213
180
193
149
239
237
213
237
204
171
260
217
213
237
202
205
235
202
237
251
235
244
229
222
254
255
279
247
228
254
255
229
209
271
243
247
233
267
264
245
251
268
222
204
159
111
111
131
130
150
144
141
182
163
182
164
212
189
157
160
135
64
40
50
80
13
200
149
125
91
96
109
100
115
74
81
94
150
152
154
128
160
154
138
173
158
176
160
205
157
145
93
162
142
163
143
137
155
130
141
137
144
168
133
176
142
162
104
82
42
35
27
28
26
21
17
17
16
27
71
105
78
68
44
57
51
39
29
26
24
28
36
39
47
46
47
50
37
38
36
32
35
29
19
24
26
29
36
29
29
30
23
22
17
19
16
11
13
11
8
11
18
15
9
7
6
11
12
16
13
4
9
13
9
7
7
7
7
7
7
7
6
4
8
30
28
51
72
90
96
106
91
72
65
60
70
90
94
93
69
73
88
122
110
131
154
90
87
154
127
102
162
77
86
63
42
35
30
15
10
17
18
8
83
278
269
227
205
239
240
159
148
195
94
104
155
128
196
202
226
276
282
265
226
238
259
255
201
223
189
237
285
177
200
262
226
260
262
240
242
264
51
316
237
271
270
219
270
303
294
281
282
280
239
238
227
278
248
174
217
294
302
254
229
285
285
225
164
279
187
248
262
315
324
258
252
201
219
171
235
212
270
266
290
299
261
282
275
233
275
267
257
245
244
174
161
116
53
89
137
101
55
4
4
4
4
4
4
4
4
4
4
4
4
3
3
4
4
4
4
4
4
3
3
3
3
3
3
3
3
3
3
3
3
3
3
3
3
3
3
3
3
3
3
3
3
3
3
3
3
3
4
7
4
4
4
4
4
4
4
3
4
4
4
4
4
6
7
57
198
83
181
129
125
136
98
125
53
18
8
16
61
177
142
164
144
123
125
118
149
136
109
149
142
166
152
149
170
145
143
110
169
166
180
128
168
165
206
168
229
214
198
215
151
93
1
153
130
213
166
71
277
219
230
187
251
259
202
238
252
204
202
190
155
137
107
92
116
89
89
61
97
104
68
50
68
65
46
54
37
12
27
25
39
35
45
34
28
20
20
27
22
28
25
16
15
64
47
53
43
21
33
38
21
74
64
17
33
17
13
260
176
137
177
133
166
181
133
70
42
42
61
42
50
46
44
36
59
43
48
88
96
131
100
106
83
130
108
65
38
24
35
24
43
98
115
226
225
243
221
154
136
128
180
183
154
83
60
39
86
157
247
204
257
290
183
167
180
185
195
114
77
52
13
240
80
73
109
84
105
234
282
279
240
210
231
211
176
183
228
142
154
292
174
159
163
145
67
86
93
139
102
39
89
163
222
186
197
168
182
186
184
211
191
222
202
204
170
122
180
160
171
93
65
106
104
90
107
171
144
105
91
93
149
88
87
183
186
132
97
91
115
95
115
103
152
122
157
137
68
104
133
120
148
164
171
127
167
183
176
166
118
105
136
176
151
164
61
51
66
91
88
120
212
175
191
160
127
128
71
168
108
110
137
110
146
151
101
117
133
168
266
254
240
180
153
155
185
128
184
204
187
231
177
153
101
128
201
198
199
111
167
160
207
235
263
238
202
200
273
193
149
97
146
178
249
251
235
262
267
314
233
256
204
277
333
296
200
244
235
331
393
358
370
407
427
460
392
333
320
359
356
317
338
326
283
266
293
301
296
257
273
325
368
345
211
93
84
142
179
204
238
260
285
264
279
281
231
320
290
202
125
164
280
290
213
230
233
224
154
298
330
254
271
285
322
260
275
240
182
222
208
221
350
334
293
300
264
305
327
296
306
324
290
290
239
219
220
259
307
304
270
383
218
177
154
208
105
175
114
116
257
320
196
219
246
149
202
342
334
349
336
327
292
257
249
412
398
332
272
222
211
228
255
338
260
320
337
337
340
297
301
256
290
278
235
262
307
371
390
342
378
337
340
318
264
225
217
244
200
217
265
248
204
255
154
186
184
218
256
220
175
234
185
233
141
190
146
217
235
213
226
287
201
217
288
247
242
264
276
284
203
189
248
162
263
222
216
238
273
240
213
279
191
182
146
162
163
131
129
181
140
208
162
158
107
150
190
234
219
172
171
183
198
160
194
191
184
166
237
209
195
241
227
236
251
174
187
190
180
281
231
203
258
226
211
245
264
202
201
221
204
240
284
145
246
248
235
192
232
228
214
241
220
220
255
248
227
255
220
213
307
310
297
293
323
299
292
282
264
291
280
328
319
298
310
285
311
299
271
290
315
310
315
304
256
192
214
191
265
315
320
300
294
272
285
266
285
270
147
153
130
198
123
134
106
101
172
216
269
221
174
255
237
237
231
213
180
193
149
239
237
213
237
204
171
260
217
213
237
202
205
235
202
237
251
235
244
229
222
254
255
279
247
228
254
255
229
209
271
243
247
233
267
264
245
251
268
222
204
159
111
111
131
130
150
144
141
182
163
182
164
212
189
157
160
135
64
40
50
80
13
200
149
125
91
96
109
100
115
74
81
94
150
152
154
128
160
154
138
173
158
176
160
205
157
145
93
162
142
163
143
137
155
130
141
137
144
168
133
176
142
162
104
82
42
35
27
28
26
21
17
17
16
27
71
105
78
68
44
57
51
39
29
26
24
28
36
39
47
46
47
50
37
38
36
32
35
29
19
24
26
29
36
29
29
30
23
22
17
19
16
11
13
11
8
11
18
15
9
7
6
11
12
16
13
4
9
13
9
7
7
7
7
7
7
7
6
4
8
30
28
51
72
90
96
106
91
72
65
60
70
90
94
93
69
73
88
122
110
131
154
90
87
154
127
102
162
77
86
63
42
35
30
15
10
17
18
8
83
278
269
227
205
239
240
159
148
195
94
104
155
128
196
202
226
276
282
265
226
238
259
255
201
223
189
237
285
177
200
262
226
260
262
240
242
264
51
316
237
271
270
219
270
303
294
281
282
280
239
238
227
278
248
174
217
294
302
254
229
285
285
225
164
279
187
248
262
315
324
258
252
201
219
171
235
212
270
266
290
299
261
282
275
233
275
267
257
245
244
174
161
116
53
89
137
101
55
4
4
4
4
4
4
4
4
4
4
4
4
3
3
4
4
4
4
4
4
3
3
3
3
3
3
3
3
3
3
3
3
3
3
3
3
3
3
3
3
3
3
3
3
3
3
3
3
3
4
7
4
4
4
4
4
4
4
3
4
4
4
4
4
6
7
57
198
83
181
129
125
136
98
125
53
18
8
16
61
177
142
164
144
123
125
118
149
136
109
149
142
166
152
149
170
145
143
110
169
166
180
128
168
165
206
168
229
214
198
215
151
93
1
153
130
213
166
71
277
219
230
187
251
259
202
238
252
204
202
190
155
137
107
92
116
89
89
61
97
104
68
50
68
65
46
54
37
12
27
25
39
35
45
34
28
20
20
27
22
28
25
16
15
64
47
53
43
21
33
38
21
74
64
17
33
17
13
260
176
137
177
133
166
181
133
70
42
42
61
42
50
46
44
36
59
43
48
88
96
131
100
106
83
130
108
65
38
24
35
24
43
98
115
226
225
243
221
154
136
128
180
183
154
83
60
39
86
157
247
204
257
290
183
167
180
185
195
114
77
52
13
240
80
73
109
84
105
234
282
279
240
210
231
211
176
183
228
142
154
292
174
159
163
145
67
86
93
139
102
39
89
163
222
186
197
168
182
186
184
211
191
222
202
204
170
122
180
160
171
93
65
106
104
90
107
171
144
105
91
93
149
88
87
183
186
132
97
91
115
95
115
103
152
122
157
137
68
104
133
120
148
164
171
127
167
183
176
166
118
105
136
176
151
164
61
51
66
91
88
120
212
175
191
160
127
128
71
168
108
110
137
110
146
151
101
117
133
168
266
254
240
180
153
155
185
128
184
204
187
231
177
153
101
128
201
198
199
111
167
160
207
235
263
238
202
200
273
193
149
97
146
178
249
251
235
262
267
314
233
256
204
277
333
296
200
244
235
331
393
358
370
407
427
460
392
333
320
359
356
317
338
326
283
266
293
301
296
257
273
325
368
345
211
93
84
142
179
204
238
260
285
264
279
281
231
320
290
202
125
164
280
290
213
230
233
224
154
298
330
254
271
285
322
260
275
240
182
222
208
221
350
334
293
300
264
305
327
296
306
324
290
290
239
219
220
259
307
304
270
383
218
177
154
208
105
175
114
116
257
320
196
219
246
149
202
342
334
349
336
327
292
257
249
412
398
332
272
222
211
228
255
338
260
320
337
337
340
297
301
256
290
278
235
262
307
371
390
342
378
337
340
318
264
225
217
244
200
217
265
248
204
255
154
186
184
218
256
220
175
234
185
233
141
190
146
217
235
213
226
287
201
217
288
247
242
264
276
284
203
189
248
162
263
222
216
238
273
240
213
279
191
182
146
162
163
131
129
181
140
208
162
158
107
150
190
234
219
172
171
183
198
160
194
191
184
166
237
209
195
241
227
236
251
174
187
190
180
281
231
203
258
226
211
245
264
202
201
221
204
240
284
145
246
248
235
192
232
228
214
241
220
220
255
248
227
255
220
213
307
310
297
293
323
299
292
282
264
291
280
328
319
298
310
285
311
299
271
290
315
310
315
304
256
192
214
191
265
315
320
300
294
272
285
266
285
270
147
153
130
198
123
134
106
101
172
216
269
221
174
255
237
237
231
213
180
193
149
239
237
213
237
204
171
260
217
213
237
202
205
235
202
237
251
235
244
229
222
254
255
279
247
228
254
255
229
209
271
243
247
233
267
264
245
251
268
222
204
159
111
111
131
130
150
144
141
182
163
182
164
212
189
157
160
135
64
40
50
80
13
200
149
125
91
96
109
100
115
74
81
94
150
152
154
128
160
154
138
173
158
176
160
205
157
145
93
162
142
163
143
137
155
130
141
137
144
168
133
176
142
162
104
82
42
35
27
28
26
21
17
17
16
27
71
105
78
68
44
57
51
39
29
26
24
28
36
39
47
46
47
50
37
38
36
32
35
29
19
24
26
29
36
29
29
30
23
22
17
19
16
11
13
11
8
11
18
15
9
7
6
11
12
16
13
4
9
13
9
7
7
7
7
7
7
7
6
4
8
30
28
51
72
90
96
106
91
72
65
60
70
90
94
93
69
73
88
122
110
131
154
90
87
154
127
102
162
77
86
63
42
35
30
15
10
17
18
8
83
278
269
227
205
239
240
159
148
195
94
104
155
128
196
202
226
276
282
265
226
238
259
255
201
223
189
237
285
177
200
262
226
260
262
240
242
264
51
316
237
271
270
219
270
303
294
281
282
280
239
238
227
278
248
174
217
294
302
254
229
285
285
225
164
279
187
248
262
315
324
258
252
201
219
171
235
212
270
266
290
299
261
282
275
233
275
267
257
245
244
174
161
116
53
89
137
101
55
4
4
4
4
4
4
4
4
4
4
4
4
3
3
4
4
4
4
4
4
3
3
3
3
3
3
3
3
3
3
3
3
3
3
3
3
3
3
3
3
3
3
3
3
3
3
3
3
3
4
7
4
4
4
4
4
4
4
3
4
4
4
4
4
6
7
57
198
83
181
129
125
136
98
125
53
18
8
16
61
177
142
164
144
123
125
118
149
136
109
149
142
166
152
149
170
145
143
110
169
166
180
128
168
165
206
168
229
214
198
215
151
93
1
153
130
213
166
71
277
219
230
187
251
259
202
238
252
204
202
190
155
137
107
92
116
89
89
61
97
104
68
50
68
65
46
54
37
12
27
25
39
35
45
34
28
20
20
27
22
28
25
16
15
64
47
53
43
21
33
38
21
74
64
17
33
17
13
260
176
137
177
133
166
181
133
70
42
42
61
42
50
46
44
36
59
43
48
88
96
131
100
106
83
130
108
65
38
24
35
24
43
98
115
226
225
243
221
154
136
128
180
183
154
83
60
39
86
157
247
204
257
290
183
167
180
185
195
114
77
52
13
240
80
73
109
84
105
234
282
279
240
210
231
211
176
183
228
142
154
292
174
159
163
145
67
86
93
139
102
39
89
163
222
186
197
168
182
186
184
211
191
222
202
204
170
122
180
160
171
93
65
106
104
90
107
171
144
105
91
93
149
88
87
183
186
132
97
91
115
95
115
103
152
122
157
137
68
104
133
120
148
164
171
127
167
183
176
166
118
105
136
176
151
164
61
51
66
91
88
120
212
175
191
160
127
128
71
168
108
110
137
110
146
151
101
117
133
168
266
254
240
180
153
155
185
128
184
204
187
231
177
153
101
128
201
198
199
111
167
160
207
235
263
238
202
200
273
193
149
97
146
178
249
251
235
262
267
314
233
256
204
277
333
296
200
244
235
331
393
358
370
407
427
460
392
333
320
359
356
317
338
326
283
266
293
301
296
257
273
325
368
345
211
93
84
142
179
204
238
260
285
264
279
281
231
320
290
202
125
164
280
290
213
230
233
224
154
298
330
254
271
285
322
260
275
240
182
222
208
221
350
334
293
300
264
305
327
296
306
324
290
290
239
219
220
259
307
304
270
383
218
177
154
208
105
175
114
116
257
320
196
219
246
149
202
342
334
349
336
327
292
257
249
412
398
332
272
222
211
228
255
338
260
320
337
337
340
297
301
256
290
278
235
262
307
371
390
342
378
337
340
318
264
225
217
244
200
217
265
248
204
255
154
186
184
218
256
220
175
234
185
233
141
190
146
217
235
213
226
287
201
217
288
247
242
264
276
284
203
189
248
162
263
222
216
238
273
240
213
279
191
182
146
162
163
131
129
181
140
208
162
158
107
150
190
234
219
172
171
183
198
160
194
191
184
166
237
209
195
241
227
236
251
174
187
190
180
281
231
203
258
226
211
245
264
202
201
221
204
240
284
145
246
248
235
192
232
228
214
241
220
220
255
248
227
255
220
213
