1448
1329
1491
1642
1537
1369
1493
1375
1596
1104
1378
1058
1103
1146
1014
1099
1201
1160
1208
1424
1338
1377
1543
1153
1163
1326
1310
1729
2103
2039
1551
1718
1566
1140
1146
858
659
973
791
758
771
689
1011
1108
1498
1142
1348
1185
1146
893
906
689
494
390
269
277
262
269
240
210
382
426
524
411
349
419
367
426
247
166
202
209
209
269
269
314
240
199
209
172
142
172
90
90
52
60
75
75
75
75
82
82
82
82
82
75
67
60
60
31
127
142
187
217
194
157
120
37
97
67
75
82
7
44
44
22
22
22
52
22
22
29
29
37
29
44
22
14
35
37
44
52
7
44
37
22
7
22
52
29
44
22
29
44
52
44
44
52
60
60
67
67
82
75
75
44
75
60
82
75
67
52
90
350
37
44
29
14
60
44
37
37
37
52
37
29
7
29
307
60
44
97
105
67
52
105
52
75
60
82
90
60
29
37
22
22
29
7
44
19
37
60
67
82
112
60
82
75
82
75
14
52
75
37
90
233
28
82
120
142
134
105
112
105
60
90
149
56
142
142
134
164
172
134
172
98
149
44
689
90
112
22
60
15
75
82
14
44
37
67
44
60
67
82
60
29
90
472
52
22
44
52
12
37
44
44
44
29
37
37
22
22
7
29
44
75
60
75
29
44
60
90
150
29
44
37
29
29
22
90
44
67
142
37
60
67
44
67
75
37
29
22
22
7
7
14
7
7
7
22
29
29
14
22
29
127
52
52
14
116
37
67
52
67
67
67
90
67
82
49
52
44
44
90
90
67
60
44
60
44
44
29
37
52
75
82
105
38
90
67
60
44
7
44
37
14
22
29
22
29
29
7
214
44
67
44
7
44
29
44
32
52
75
67
52
60
55
37
37
44
29
22
104
23
235
1004
963
441
303
340
664
1027
995
1239
1442
1465
1380
906
891
852
1134
1279
956
1140
1045
1675
1649
1419
1529
1538
1613
1512
1416
572
644
337
861
726
754
1663
1490
1143
1166
1278
1306
1357
1438
1153
1279
1332
1453
329
591
1225
1388
1694
1710
1484
1753
1731
1277
1216
1123
838
906
644
1062
1301
1445
1540
1977
1685
1244
502
337
374
90
285
299
164
1313
1513
733
411
667
639
674
629
299
262
292
367
517
163
127
689
411
390
322
134
284
1266
860
554
771
535
292
217
352
724
1071
932
1007
1011
893
1000
1132
1273
1087
682
899
604
981
821
837
814
1153
1023
688
599
794
764
792
725
854
921
317
899
944
1423
1229
719
329
547
876
472
1013
1850
1528
1428
1205
1236
724
1715
1596
1708
1318
1073
1213
1082
1330
1623
1633
1386
1368
1926
2037
1698
1609
1538
1635
2130
2059
1759
1967
1986
2855
2277
1893
1686
1902
1663
1411
1805
2222
2407
2288
2480
1368
1694
1511
1659
1552
1501
1789
1364
1425
1638
2090
1913
2082
1810
1997
1990
1929
1727
1446
1494
1192
2082
1164
1535
1655
1173
802
1106
1505
1212
1540
1573
1087
1731
1472
2299
1721
1486
2045
2502
1760
1893
2048
1982
1850
1348
956
1084
1483
1438
1203
1131
756
1049
1410
1980
1663
2007
1479
876
1520
1026
1578
2056
1827
1558
1294
1708
933
1086
1082
1479
1515
1948
1956
2141
1904
1561
1970
1629
1069
1151
1184
1453
1307
1453
1381
2031
1535
1613
1915
82
4140
1948
1325
1446
1423
1450
1384
1618
1670
1733
1241
1483
1317
1993
1251
1731
1403
2427
1897
1805
1236
1640
1633
1296
71
4719
1303
1296
1123
1116
1457
2367
1647
1348
1609
2345
1543
1648
854
876
288
3788
861
696
629
584
808
441
599
622
936
871
696
741
794
541
876
951
1993
1659
1963
1520
1041
711
1348
466
4170
1581
1125
1670
1401
1049
802
411
644
90
2546
539
255
862
1685
1368
1086
1058
1963
1389
1550
914
772
1550
1205
1348
1103
1251
1054
1438
1287
1644
1687
1574
1661
29
315
75
637
240
337
382
385
284
225
202
206
187
157
152
112
52
278
919
1028
1025
1264
1925
2055
1984
2015
2015
1540
1996
1791
1535
585
1882
1188
1445
2317
1888
1789
1882
1967
1812
2203
2093
1838
1622
1791
2269
1890
2172
2480
1904
2117
2646
1613
2055
1988
2171
1537
2242
2794
1550
1823
2382
1869
1110
1532
2133
1967
1909
2227
1804
1803
1724
1830
1581
1746
1464
1038
1287
1101
983
1198
1034
1677
1590
743
973
1501
1527
1408
1114
966
477
966
1926
1778
1861
2316
2016
2516
92
2454
3111
2824
2231
2099
1926
1332
1301
1661
1826
1965
1202
1481
1378
1225
1178
1352
1386
951
973
1218
1434
1871
1891
2080
2249
1685
434
982
1691
2324
2221
2573
2475
2328
2372
1903
2173
1718
1642
1314
1301
1251
1171
1217
1694
1574
2101
1639
1807
1989
1964
1844
1418
1244
1236
936
1310
1449
1648
1756
1581
1131
1151
1087
1138
1171
1210
1044
1033
1119
1210
1078
986
1199
1121
1208
1277
1110
1025
1064
973
591
1123
1754
1738
1906
1239
1362
1496
1520
954
1273
1152
1284
1731
2108
2224
1611
1878
1546
2007
1716
1784
2288
2443
1975
2412
2127
1750
2095
2211
2208
1655
1064
789
1577
1690
2108
1677
940
1327
1357
2265
2121
1566
1658
1507
1654
1370
1852
1781
1501
1874
2312
2211
2290
1956
1445
1117
962
1438
1507
2195
1554
1805
2141
1802
2806
2377
1321
1500
2112
2132
2135
1948
1393
1865
1393
1931
2149
1653
1251
1323
1405
1450
1842
1772
2014
2415
2292
2152
2388
1891
2004
1438
1877
1679
1468
1650
2080
1882
2093
1401
1784
1499
1498
1544
1613
1244
1670
1451
1380
1354
1374
1223
1145
993
931
1166
1448
1329
1491
1642
1537
1369
1493
1375
1596
1104
1378
1058
1103
1146
1014
1099
1201
1160
1208
1424
1338
1377
1543
1153
1163
1326
1310
1729
2103
2039
1551
1718
1566
1140
1146
858
659
973
791
758
771
689
1011
1108
1498
1142
1348
1185
1146
893
906
689
494
390
269
277
262
269
240
210
382
426
524
411
349
419
367
426
247
166
202
209
209
269
269
314
240
199
209
172
142
172
90
90
52
60
75
75
75
75
82
82
82
82
82
75
67
60
60
31
127
142
187
217
194
157
120
37
97
67
75
82
7
44
44
22
22
22
52
22
22
29
29
37
29
44
22
14
35
37
44
52
7
44
37
22
7
22
52
29
44
22
29
44
52
44
44
52
60
60
67
67
82
75
75
44
75
60
82
75
67
52
90
350
37
44
29
14
60
44
37
37
37
52
37
29
7
29
307
60
44
97
105
67
52
105
52
75
60
82
90
60
29
37
22
22
29
7
44
19
37
60
67
82
112
60
82
75
82
75
14
52
75
37
90
233
28
82
120
142
134
105
112
105
60
90
149
56
142
142
134
164
172
134
172
98
149
44
689
90
112
22
60
15
75
82
14
44
37
67
44
60
67
82
60
29
90
472
52
22
44
52
12
37
44
44
44
29
37
37
22
22
7
29
44
75
60
75
29
44
60
90
150
29
44
37
29
29
22
90
44
67
142
37
60
67
44
67
75
37
29
22
22
7
7
14
7
7
7
22
29
29
14
22
29
127
52
52
14
116
37
67
52
67
67
67
90
67
82
49
52
44
44
90
90
67
60
44
60
44
44
29
37
52
75
82
105
38
90
67
60
44
7
44
37
14
22
29
22
29
29
7
214
44
67
44
7
44
29
44
32
52
75
67
52
60
55
37
37
44
29
22
104
23
235
1004
963
441
303
340
664
1027
995
1239
1442
1465
1380
906
891
852
1134
1279
956
1140
1045
1675
1649
1419
1529
1538
1613
1512
1416
572
644
337
861
726
754
1663
1490
1143
1166
1278
1306
1357
1438
1153
1279
1332
1453
329
591
1225
1388
1694
1710
1484
1753
1731
1277
1216
1123
838
906
644
1062
1301
1445
1540
1977
1685
1244
502
337
374
90
285
299
164
1313
1513
733
411
667
639
674
629
299
262
292
367
517
163
127
689
411
390
322
134
284
1266
860
554
771
535
292
217
352
724
1071
932
1007
1011
893
1000
1132
1273
1087
682
899
604
981
821
837
814
1153
1023
688
599
794
764
792
725
854
921
317
899
944
1423
1229
719
329
547
876
472
1013
1850
1528
1428
1205
1236
724
1715
1596
1708
1318
1073
1213
1082
1330
1623
1633
1386
1368
1926
2037
1698
1609
1538
1635
2130
2059
1759
1967
1986
2855
2277
1893
1686
1902
1663
1411
1805
2222
2407
2288
2480
1368
1694
1511
1659
1552
1501
1789
1364
1425
1638
2090
1913
2082
1810
1997
1990
1929
1727
1446
1494
1192
2082
1164
1535
1655
1173
802
1106
1505
1212
1540
1573
1087
1731
1472
2299
1721
1486
2045
2502
1760
1893
2048
1982
1850
1348
956
1084
1483
1438
1203
1131
756
1049
1410
1980
1663
2007
1479
876
1520
1026
1578
2056
1827
1558
1294
1708
933
1086
1082
1479
1515
1948
1956
2141
1904
1561
1970
1629
1069
1151
1184
1453
1307
1453
1381
2031
1535
1613
1915
82
4140
1948
1325
1446
1423
1450
1384
1618
1670
1733
1241
1483
1317
1993
1251
1731
1403
2427
1897
1805
1236
1640
1633
1296
71
4719
1303
1296
1123
1116
1457
2367
1647
1348
1609
2345
1543
1648
854
876
288
3788
861
696
629
584
808
441
599
622
936
871
696
741
794
541
876
951
1993
1659
1963
1520
1041
711
1348
466
4170
1581
1125
1670
1401
1049
802
411
644
90
2546
539
255
862
1685
1368
1086
1058
1963
1389
1550
914
772
1550
1205
1348
1103
1251
1054
1438
1287
1644
1687
1574
1661
29
315
75
637
240
337
382
385
284
225
202
206
187
157
152
112
52
278
919
1028
1025
1264
1925
2055
1984
2015
2015
1540
1996
1791
1535
585
1882
1188
1445
2317
1888
1789
1882
1967
1812
2203
2093
1838
1622
1791
2269
1890
2172
2480
1904
2117
2646
1613
2055
1988
2171
1537
2242
2794
1550
1823
2382
1869
1110
1532
2133
1967
1909
2227
1804
1803
1724
1830
1581
1746
1464
1038
1287
1101
983
1198
1034
1677
1590
743
973
1501
1527
1408
1114
966
477
966
1926
1778
1861
2316
2016
2516
92
2454
3111
2824
2231
2099
1926
1332
1301
1661
1826
1965
1202
1481
1378
1225
1178
1352
1386
951
973
1218
1434
1871
1891
2080
2249
1685
434
982
1691
2324
2221
2573
2475
2328
2372
1903
2173
1718
1642
1314
1301
1251
1171
1217
1694
1574
2101
1639
1807
1989
1964
1844
1418
1244
1236
936
1310
1449
1648
1756
1581
1131
1151
1087
1138
1171
1210
1044
1033
1119
1210
1078
986
1199
1121
1208
1277
1110
1025
1064
973
591
1123
1754
1738
1906
1239
1362
1496
1520
954
1273
1152
1284
1731
2108
2224
1611
1878
1546
2007
1716
1784
2288
2443
1975
2412
2127
1750
2095
2211
2208
1655
1064
789
1577
1690
2108
1677
940
1327
1357
2265
2121
1566
1658
1507
1654
1370
1852
1781
1501
1874
2312
2211
2290
1956
1445
1117
962
1438
1507
2195
1554
1805
2141
1802
2806
2377
1321
1500
2112
2132
2135
1948
1393
1865
1393
1931
2149
1653
1251
1323
1405
1450
1842
1772
2014
2415
2292
2152
2388
1891
2004
1438
1877
1679
1468
1650
2080
1882
2093
1401
1784
1499
1498
1544
1613
1244
1670
1451
1380
1354
1374
1223
1145
993
931
1166
1448
1329
1491
1642
1537
1369
1493
1375
1596
1104
1378
1058
1103
1146
1014
1099
1201
1160
1208
1424
1338
1377
1543
1153
1163
1326
1310
1729
2103
2039
1551
1718
1566
1140
1146
858
659
973
791
758
771
689
1011
1108
1498
1142
1348
1185
1146
893
906
689
494
390
269
277
262
269
240
210
382
426
524
411
349
419
367
426
247
166
202
209
209
269
269
314
240
199
209
172
142
172
90
90
52
60
75
75
75
75
82
82
82
82
82
75
67
60
60
31
127
142
187
217
194
157
120
37
97
67
75
82
7
44
44
22
22
22
52
22
22
29
29
37
29
44
22
14
35
37
44
52
7
44
37
22
7
22
52
29
44
22
29
44
52
44
44
52
60
60
67
67
82
75
75
44
75
60
82
75
67
52
90
350
37
44
29
14
60
44
37
37
37
52
37
29
7
29
307
60
44
97
105
67
52
105
52
75
60
82
90
60
29
37
22
22
29
7
44
19
37
60
67
82
112
60
82
75
82
75
14
52
75
37
90
233
28
82
120
142
134
105
112
105
60
90
149
56
142
142
134
164
172
134
172
98
149
44
689
90
112
22
60
15
75
82
14
44
37
67
44
60
67
82
60
29
90
472
52
22
44
52
12
37
44
44
44
29
37
37
22
22
7
29
44
75
60
75
29
44
60
90
150
29
44
37
29
29
22
90
44
67
142
37
60
67
44
67
75
37
29
22
22
7
7
14
7
7
7
22
29
29
14
22
29
127
52
52
14
116
37
67
52
67
67
67
90
67
82
49
52
44
44
90
90
67
60
44
60
44
44
29
37
52
75
82
105
38
90
67
60
44
7
44
37
14
22
29
22
29
29
7
214
44
67
44
7
44
29
44
32
52
75
67
52
60
55
37
37
44
29
22
104
23
235
1004
963
441
303
340
664
1027
995
1239
1442
1465
1380
906
891
852
1134
1279
956
1140
1045
1675
1649
1419
1529
1538
1613
1512
1416
572
644
337
861
726
754
1663
1490
1143
1166
1278
1306
1357
1438
1153
1279
1332
1453
329
591
1225
1388
1694
1710
1484
1753
1731
1277
1216
1123
838
906
644
1062
1301
1445
1540
1977
1685
1244
502
337
374
90
285
299
164
1313
1513
733
411
667
639
674
629
299
262
292
367
517
163
127
689
411
390
322
134
284
1266
860
554
771
535
292
217
352
724
1071
932
1007
1011
893
1000
1132
1273
1087
682
899
604
981
821
837
814
1153
1023
688
599
794
764
792
725
854
921
317
899
944
1423
1229
719
329
547
876
472
1013
1850
1528
1428
1205
1236
724
1715
1596
1708
1318
1073
1213
1082
1330
1623
1633
1386
1368
1926
2037
1698
1609
1538
1635
2130
2059
1759
1967
1986
2855
2277
1893
1686
1902
1663
1411
1805
2222
2407
2288
2480
1368
1694
1511
1659
1552
1501
1789
1364
1425
1638
2090
1913
2082
1810
1997
1990
1929
1727
1446
1494
1192
2082
1164
1535
1655
1173
802
1106
1505
1212
1540
1573
1087
1731
1472
2299
1721
1486
2045
2502
1760
1893
2048
1982
1850
1348
956
1084
1483
1438
1203
1131
756
1049
1410
1980
1663
2007
1479
876
1520
1026
1578
2056
1827
1558
1294
1708
933
1086
1082
1479
1515
1948
1956
2141
1904
1561
1970
1629
1069
1151
1184
1453
1307
1453
1381
2031
1535
1613
1915
82
4140
1948
1325
1446
1423
1450
1384
1618
1670
1733
1241
1483
1317
1993
1251
1731
1403
2427
1897
1805
1236
1640
1633
1296
71
4719
1303
1296
1123
1116
1457
2367
1647
1348
1609
2345
1543
1648
854
876
288
3788
861
696
629
584
808
441
599
622
936
871
696
741
794
541
876
951
1993
1659
1963
1520
1041
711
1348
466
4170
1581
1125
1670
1401
1049
802
411
644
90
2546
539
255
862
1685
1368
1086
1058
1963
1389
1550
914
772
1550
1205
1348
1103
1251
1054
1438
1287
1644
1687
1574
1661
29
