20
15
15
5
5
10
5
5
5
15
20
20
10
15
20
84
35
35
10
78
25
45
35
45
45
45
60
45
55
33
35
30
30
60
60
45
40
30
40
30
30
19
25
35
50
55
70
26
60
45
40
30
5
30
25
9
15
20
15
20
20
5
142
30
45
30
5
30
20
30
21
35
50
45
35
40
37
25
25
30
20
15
69
15
157
669
642
294
202
227
443
685
664
826
961
977
920
604
594
568
756
853
637
760
697
1117
1099
946
1019
1025
1075
1008
944
382
429
225
574
484
502
1108
993
762
778
852
871
905
959
769
852
888
969
220
394
817
925
1129
1140
989
1169
1154
852
810
749
559
604
429
708
867
963
1026
1318
1124
829
335
225
250
60
190
199
110
875
1009
489
274
444
426
449
419
199
175
194
245
345
109
85
459
274
260
214
89
189
844
573
369
514
356
194
145
235
482
714
622
671
674
595
667
754
849
725
455
599
403
654
548
558
543
769
682
459
399
529
509
528
483
569
614
211
599
629
949
820
479
220
365
584
314
675
1234
1019
952
804
824
483
1144
1064
1139
878
716
809
722
887
1082
1088
924
912
1284
1358
1132
1073
1025
1090
1420
1373
1173
1312
1324
1903
1518
1262
1124
1268
1108
941
1203
1481
1605
1526
1653
912
1129
1008
1106
1035
1000
1192
909
950
1092
1393
1276
1388
1207
1331
1327
1286
1151
964
996
795
1388
776
1024
1103
782
534
737
1004
808
1026
1049
725
1154
982
1533
1147
991
1364
1668
1173
1262
1365
1321
1233
899
637
723
989
959
802
754
504
699
940
1320
1109
1338
986
584
1014
684
1052
1370
1218
1039
863
1139
622
724
722
986
1010
1298
1304
1427
1269
1041
1313
1086
713
768
790
969
871
969
920
1354
1023
1075
1277
55
2760
1298
884
964
949
967
923
1078
1113
1155
827
989
878
1328
834
1154
935
1618
1265
1203
824
1093
1088
864
47
3146
869
864
749
744
971
1578
1098
899
1073
1563
1029
1098
569
584
192
2525
574
464
419
389
539
294
399
414
624
581
464
494
529
361
584
634
1328
1106
1308
1014
694
474
899
311
2780
1054
750
1114
934
699
534
274
429
60
1697
359
170
575
1124
912
724
705
1308
926
1034
609
515
1034
804
899
735
834
703
959
858
1096
1124
1049
1108
20
210
50
424
160
225
255
256
189
150
135
137
125
105
101
75
35
185
612
685
684
842
1283
1370
1323
1344
1343
1026
1331
1194
1023
390
1255
792
963
1545
1259
1193
1255
1311
1208
1469
1396
1225
1082
1194
1512
1260
1448
1653
1270
1412
1764
1076
1370
1325
1448
1025
1495
1862
1033
1215
1588
1246
740
1021
1422
1312
1273
1485
1203
1202
1150
1220
1054
1164
976
692
858
734
655
799
689
1118
1060
496
648
1000
1018
939
743
644
318
644
1284
1186
1241
1544
1344
1678
61
1636
2074
1883
1487
1400
1284
888
868
1107
1218
1310
801
987
919
816
785
901
924
634
649
812
956
1247
1261
1387
1500
1124
289
654
1127
1549
1481
1715
1650
1552
1581
1269
1448
1145
1094
876
868
834
781
811
1129
1049
1401
1093
1205
1326
1309
1229
946
830
824
624
873
966
1099
1171
1054
754
767
725
758
780
806
696
689
746
806
719
658
799
747
805
852
740
684
709
649
394
749
1170
1159
1271
826
908
997
1014
636
849
768
856
1154
1406
1483
1074
1252
1030
1338
1144
1189
1525
1629
1317
1608
1418
1167
1396
1474
1472
1103
709
526
1051
1127
1405
1118
627
884
905
1510
1414
1044
1105
1005
1103
913
1235
1187
1001
1250
1542
1474
1527
1304
963
745
642
958
1005
1464
1036
1203
1427
1201
1871
1585
881
1000
1408
1422
1423
1299
929
1244
929
1287
1433
1102
834
882
937
967
1228
1182
1343
1610
1528
1435
1592
1261
1336
959
1251
1119
979
1100
1387
1255
1395
934
1189
999
999
1029
1076
830
1114
967
920
903
916
815
763
662
621
778
965
886
994
1095
1025
913
995
916
1064
736
919
705
736
764
676
733
801
773
805
949
892
918
1029
769
775
884
873
1153
1402
1359
1034
1145
1044
760
764
572
439
649
528
505
514
460
674
739
999
762
899
790
764
596
604
459
329
260
179
184
175
179
160
140
255
284
350
274
233
279
245
284
165
110
135
140
140
179
179
209
160
132
140
115
94
115
60
60
35
40
50
50
50
50
55
55
55
55
55
50
45
40
40
21
85
94
125
145
130
105
80
25
65
45
50
55
5
30
30
15
15
15
35
15
15
20
20
25
20
30
15
10
23
25
30
35
5
30
25
15
5
15
35
20
30
15
20
30
35
30
30
35
40
40
45
45
55
50
50
30
50
40
55
50
45
35
60
233
25
30
20
10
40
30
25
25
25
35
25
20
5
20
204
40
30
65
70
45
35
70
35
50
40
55
60
40
20
25
15
15
20
5
30
13
25
40
45
55
75
40
55
50
55
50
10
35
50
25
60
156
19
55
80
94
89
70
75
70
40
60
99
37
94
94
89
110
115
89
115
65
99
30
459
60
75
15
40
10
50
55
10
30
25
45
30
40
45
55
40
20
60
314
35
15
30
35
8
25
30
30
30
20
25
25
15
15
5
20
30
50
40
50
20
30
40
60
100
20
30
25
20
20
15
60
30
45
94
25
40
45
30
45
50
25
20
15
15
5
5
10
5
5
5
15
20
20
10
15
20
84
35
35
10
78
25
45
35
45
45
45
60
45
55
33
35
30
30
60
60
45
40
30
40
30
30
19
25
35
50
55
70
26
60
45
40
30
5
30
25
9
15
20
15
20
20
5
142
30
45
30
5
30
20
30
21
35
50
45
35
40
37
25
25
30
20
15
69
15
157
669
642
294
202
227
443
685
664
826
961
977
920
604
594
568
756
853
637
760
697
1117
1099
946
1019
1025
1075
1008
944
382
429
225
574
484
502
1108
993
762
778
852
871
905
959
769
852
888
969
220
394
817
925
1129
1140
989
1169
1154
852
810
749
559
604
429
708
867
963
1026
1318
1124
829
335
225
250
60
190
199
110
875
1009
489
274
444
426
449
419
199
175
194
245
345
109
85
459
274
260
214
89
189
844
573
369
514
356
194
145
235
482
714
622
671
674
595
667
754
849
725
455
599
403
654
548
558
543
769
682
459
399
529
509
528
483
569
614
211
599
629
949
820
479
220
365
584
314
675
1234
1019
952
804
824
483
1144
1064
1139
878
716
809
722
887
1082
1088
924
912
1284
1358
1132
1073
1025
1090
1420
1373
1173
1312
1324
1903
1518
1262
1124
1268
1108
941
1203
1481
1605
1526
1653
912
1129
1008
1106
1035
1000
1192
909
950
1092
1393
1276
1388
1207
1331
1327
1286
1151
964
996
795
1388
776
1024
1103
782
534
737
1004
808
1026
1049
725
1154
982
1533
1147
991
1364
1668
1173
1262
1365
1321
1233
899
637
723
989
959
802
754
504
699
940
1320
1109
1338
986
584
1014
684
1052
1370
1218
1039
863
1139
622
724
722
986
1010
1298
1304
1427
1269
1041
1313
1086
713
768
790
969
871
969
920
1354
1023
1075
1277
55
2760
1298
884
964
949
967
923
1078
1113
1155
827
989
878
1328
834
1154
935
1618
1265
1203
824
1093
1088
864
47
3146
869
864
749
744
971
1578
1098
899
1073
1563
1029
1098
569
584
192
2525
574
464
419
389
539
294
399
414
624
581
464
494
529
361
584
634
1328
1106
1308
1014
694
474
899
311
2780
1054
750
1114
934
699
534
274
429
60
1697
359
170
575
1124
912
724
705
1308
926
1034
609
515
1034
804
899
735
834
703
959
858
1096
1124
1049
1108
20
210
50
424
160
225
255
256
189
150
135
137
125
105
101
75
35
185
612
685
684
842
1283
1370
1323
1344
1343
1026
1331
1194
1023
390
1255
792
963
1545
1259
1193
1255
1311
1208
1469
1396
1225
1082
1194
1512
1260
1448
1653
1270
1412
1764
1076
1370
1325
1448
1025
1495
1862
1033
1215
1588
1246
740
1021
1422
1312
1273
1485
1203
1202
1150
1220
1054
1164
976
692
858
734
655
799
689
1118
1060
496
648
1000
1018
939
743
644
318
644
1284
1186
1241
1544
1344
1678
61
1636
2074
1883
1487
1400
1284
888
868
1107
1218
1310
801
987
919
816
785
901
924
634
649
812
956
1247
1261
1387
1500
1124
289
654
1127
1549
1481
1715
1650
1552
1581
1269
1448
1145
1094
876
868
834
781
811
1129
1049
1401
1093
1205
1326
1309
1229
946
830
824
624
873
966
1099
1171
1054
754
767
725
758
780
806
696
689
746
806
719
658
799
747
805
852
740
684
709
649
394
749
1170
1159
1271
826
908
997
1014
636
849
768
856
1154
1406
1483
1074
1252
1030
1338
1144
1189
1525
1629
1317
1608
1418
1167
1396
1474
1472
1103
709
526
1051
1127
1405
1118
627
884
905
1510
1414
1044
1105
1005
1103
913
1235
1187
1001
1250
1542
1474
1527
1304
963
745
642
958
1005
1464
1036
1203
1427
1201
1871
1585
881
1000
1408
1422
1423
1299
929
1244
929
1287
1433
1102
834
882
937
967
1228
1182
1343
1610
1528
1435
1592
1261
1336
959
1251
1119
979
1100
1387
1255
1395
934
1189
999
999
1029
1076
830
1114
967
920
903
916
815
763
662
621
778
965
886
994
1095
1025
913
995
916
1064
736
919
705
736
764
676
733
801
773
805
949
892
918
1029
769
775
884
873
1153
1402
1359
1034
1145
1044
760
764
572
439
649
528
505
514
460
674
739
999
762
899
790
764
596
604
459
329
260
179
184
175
179
160
140
255
284
350
274
233
279
245
284
165
110
135
140
140
179
179
209
160
132
140
115
94
115
60
60
35
40
50
50
50
50
55
55
55
55
55
50
45
40
40
21
85
94
125
145
130
105
80
25
65
45
50
55
5
30
30
15
15
15
35
15
15
20
20
25
20
30
15
10
23
25
30
35
5
30
25
15
5
15
35
20
30
15
20
30
35
30
30
35
40
40
45
45
55
50
50
30
50
40
55
50
45
35
60
233
25
30
20
10
40
30
25
25
25
35
25
20
5
20
204
40
30
65
70
45
35
70
35
50
40
55
60
40
20
25
15
15
20
5
30
13
25
40
45
55
75
40
55
50
55
50
10
35
50
25
60
156
19
55
80
94
89
70
75
70
40
60
99
37
94
94
89
110
115
89
115
65
99
30
459
60
75
15
40
10
50
55
10
30
25
45
30
40
45
55
40
20
60
314
35
15
30
35
8
25
30
30
30
20
25
25
15
15
5
20
30
50
40
50
20
30
40
60
100
20
30
25
20
20
15
60
30
45
94
25
40
45
30
45
50
25
20
15
15
5
5
10
5
5
5
15
20
20
10
15
20
84
35
35
10
78
25
45
35
45
45
45
60
45
55
33
35
30
30
60
60
45
40
30
40
30
30
19
25
35
50
55
70
26
60
45
40
30
5
30
25
9
15
20
15
20
20
5
142
30
45
30
5
30
20
30
21
35
50
45
35
40
37
25
25
30
20
15
69
15
157
669
642
294
202
227
443
685
664
826
961
977
920
604
594
568
756
853
637
760
697
1117
1099
946
1019
1025
1075
1008
944
382
429
225
574
484
502
1108
993
762
778
852
871
905
959
769
852
888
969
220
394
817
925
1129
1140
989
1169
1154
852
810
749
559
604
429
708
867
963
1026
1318
1124
829
335
225
250
60
190
199
110
875
1009
489
274
444
426
449
419
199
175
194
245
345
109
85
459
274
260
214
89
189
844
573
369
514
356
194
145
235
482
714
622
671
674
595
667
754
849
725
455
599
403
654
548
558
543
769
682
459
399
529
509
528
483
569
614
211
599
629
949
820
479
220
365
584
314
675
1234
1019
952
804
824
483
1144
1064
1139
878
716
809
722
887
1082
1088
924
912
1284
1358
1132
1073
1025
1090
1420
1373
1173
1312
1324
1903
1518
1262
1124
1268
1108
941
1203
1481
1605
1526
1653
912
1129
1008
1106
1035
1000
1192
909
950
1092
1393
1276
1388
1207
1331
1327
1286
1151
964
996
795
1388
776
1024
1103
782
534
737
1004
808
1026
1049
725
1154
982
1533
1147
991
1364
1668
1173
1262
1365
1321
1233
899
637
723
989
959
802
754
504
699
940
1320
1109
1338
986
584
1014
684
1052
1370
1218
1039
863
1139
622
724
722
986
1010
1298
1304
1427
1269
1041
1313
1086
713
768
790
969
871
969
920
1354
1023
1075
1277
55
2760
1298
884
964
949
967
923
1078
1113
1155
827
989
878
1328
834
1154
935
1618
1265
1203
824
1093
1088
864
47
3146
869
864
749
744
971
1578
1098
899
1073
1563
1029
1098
569
584
192
2525
574
464
419
389
539
294
399
414
624
581
464
494
529
361
584
634
1328
1106
1308
1014
694
474
899
311
2780
1054
750
1114
934
699
534
274
429
60
1697
359
170
575
1124
912
724
705
1308
926
1034
609
515
1034
804
899
735
834
703
959
858
1096
1124
1049
1108
20
