509
394
256
138
222
287
409
340
493
619
449
477
349
565
351
528
352
541
609
468
588
450
651
467
538
576
666
439
654
607
658
613
325
548
447
572
478
551
439
546
550
405
551
524
606
587
529
593
413
524
444
383
465
405
321
305
519
534
488
410
491
509
510
262
326
358
357
507
448
555
431
530
489
292
298
618
615
565
614
551
616
621
404
468
624
567
384
616
462
461
538
476
662
386
545
511
471
328
287
458
312
551
600
592
646
646
442
537
433
577
491
579
580
476
459
481
553
554
630
556
458
343
346
468
269
374
396
348
384
343
447
328
412
451
354
434
408
409
401
474
405
381
445
420
470
472
666
686
523
715
688
526
529
523
568
525
439
768
558
639
630
554
684
544
690
538
565
508
523
535
519
651
518
567
518
699
688
543
734
612
397
495
508
514
565
538
547
502
613
706
678
634
683
644
576
658
629
483
608
619
324
318
343
474
474
491
677
703
619
526
505
498
572
506
462
222
344
351
338
266
432
512
485
370
419
426
436
373
378
469
457
330
530
532
421
557
301
565
327
402
426
484
460
513
669
558
543
574
589
575
322
443
379
371
538
506
469
552
706
699
661
780
707
658
707
49
1087
366
416
406
389
410
275
240
346
492
376
664
702
663
698
688
511
22
485
452
470
573
525
549
534
559
222
446
479
508
534
612
538
527
492
538
504
538
538
493
486
486
425
413
403
415
443
328
377
279
259
326
243
275
240
150
100
135
15
749
324
366
287
345
374
347
236
135
247
187
125
172
106
145
170
90
71
163
261
358
394
375
326
275
222
121
101
86
55
73
158
123
168
175
135
73
71
78
97
73
84
99
75
51
68
90
38
38
49
44
44
60
66
101
158
146
113
113
108
97
64
42
41
48
60
60
49
71
57
69
71
62
43
75
113
141
22
233
59
64
128
125
119
49
60
51
49
69
48
48
15
18
18
18
16
18
20
18
16
15
15
7
11
86
93
66
53
77
57
27
11
35
59
38
38
49
35
24
22
123
15
26
16
4
102
96
55
40
24
20
26
35
48
36
46
49
31
2
42
53
69
99
73
55
24
68
38
41
46
161
29
62
59
93
57
59
44
67
88
53
64
40
40
216
238
306
259
227
106
35
44
64
51
68
39
59
33
22
33
33
42
51
62
73
64
5
5
4
4
4
4
4
4
4
4
4
5
7
5
5
4
4
2
4
8
245
361
348
292
331
296
423
330
351
396
365
359
333
399
337
256
346
261
298
111
403
256
252
322
341
259
328
419
280
176
71
86
56
33
16
18
18
18
18
20
20
20
18
18
20
20
18
18
18
18
18
18
18
20
18
63
200
209
267
217
319
392
430
485
273
216
473
522
451
301
322
331
227
297
357
277
308
231
265
296
165
49
49
119
112
66
46
5
7
7
11
7
7
7
7
7
7
7
5
11
11
9
5
4
5
4
2
11
15
24
16
20
18
18
18
26
3
16
26
22
24
18
26
24
22
22
18
24
18
26
18
18
27
16
18
22
62
7
4
16
26
24
26
31
22
11
24
16
4
11
13
9
11
2
5
131
291
320
375
356
399
301
305
357
380
355
363
409
282
273
310
384
430
320
344
322
245
205
22
416
244
220
273
250
278
179
161
179
62
115
143
175
165
141
161
172
161
190
179
93
147
236
167
132
40
35
108
68
159
55
82
186
264
187
298
171
181
172
177
179
133
214
230
245
230
185
139
132
53
90
73
44
132
171
139
66
181
156
135
75
36
48
100
101
172
190
84
55
90
97
123
134
44
33
40
16
15
62
135
84
97
33
9
106
126
59
46
38
42
22
16
27
18
20
20
20
18
20
22
18
20
20
20
2
161
250
375
351
363
307
295
254
316
279
474
337
478
622
688
321
489
437
469
564
410
457
292
410
527
427
363
494
525
494
558
442
550
665
680
569
630
585
614
560
615
717
592
516
835
595
750
584
677
696
662
689
631
609
513
530
298
613
582
658
706
732
803
663
726
643
515
523
576
557
774
579
525
597
568
686
674
574
505
679
559
714
119
11
11
49
459
684
593
538
434
365
373
443
326
460
628
522
432
398
511
269
427
304
484
381
503
280
359
235
387
372
379
368
449
644
610
472
652
730
782
685
537
460
497
561
361
551
649
710
545
513
703
767
724
758
770
712
652
704
739
719
664
568
686
612
734
584
774
588
710
526
646
560
760
723
671
765
711
602
773
536
725
698
736
742
693
530
688
586
709
673
762
629
602
766
767
300
593
777
800
758
607
746
655
597
553
523
643
636
564
787
723
667
524
447
639
504
421
684
537
618
620
609
40
1047
378
482
487
633
562
603
705
611
480
456
408
610
724
613
682
440
357
379
468
391
634
577
527
398
392
229
304
324
477
355
23
1045
517
477
632
280
314
331
440
489
302
331
281
350
38
156
196
176
162
247
212
216
271
166
300
295
93
1055
462
479
297
201
234
380
474
338
356
366
260
346
387
344
320
272
302
271
270
211
235
211
298
294
267
247
280
323
361
364
347
360
347
238
163
251
388
436
312
306
235
334
298
357
271
377
438
341
504
360
467
348
262
171
297
275
246
355
245
302
294
363
311
256
130
366
369
271
392
422
418
509
394
256
138
222
287
409
340
493
619
449
477
349
565
351
528
352
541
609
468
588
450
651
467
538
576
666
439
654
607
658
613
325
548
447
572
478
551
439
546
550
405
551
524
606
587
529
593
413
524
444
383
465
405
321
305
519
534
488
410
491
509
510
262
326
358
357
507
448
555
431
530
489
292
298
618
615
565
614
551
616
621
404
468
624
567
384
616
462
461
538
476
662
386
545
511
471
328
287
458
312
551
600
592
646
646
442
537
433
577
491
579
580
476
459
481
553
554
630
556
458
343
346
468
269
374
396
348
384
343
447
328
412
451
354
434
408
409
401
474
405
381
445
420
470
472
666
686
523
715
688
526
529
523
568
525
439
768
558
639
630
554
684
544
690
538
565
508
523
535
519
651
518
567
518
699
688
543
734
612
397
495
508
514
565
538
547
502
613
706
678
634
683
644
576
658
629
483
608
619
324
318
343
474
474
491
677
703
619
526
505
498
572
506
462
222
344
351
338
266
432
512
485
370
419
426
436
373
378
469
457
330
530
532
421
557
301
565
327
402
426
484
460
513
669
558
543
574
589
575
322
443
379
371
538
506
469
552
706
699
661
780
707
658
707
49
1087
366
416
406
389
410
275
240
346
492
376
664
702
663
698
688
511
22
485
452
470
573
525
549
534
559
222
446
479
508
534
612
538
527
492
538
504
538
538
493
486
486
425
413
403
415
443
328
377
279
259
326
243
275
240
150
100
135
15
749
324
366
287
345
374
347
236
135
247
187
125
172
106
145
170
90
71
163
261
358
394
375
326
275
222
121
101
86
55
73
158
123
168
175
135
73
71
78
97
73
84
99
75
51
68
90
38
38
49
44
44
60
66
101
158
146
113
113
108
97
64
42
41
48
60
60
49
71
57
69
71
62
43
75
113
141
22
233
59
64
128
125
119
49
60
51
49
69
48
48
15
18
18
18
16
18
20
18
16
15
15
7
11
86
93
66
53
77
57
27
11
35
59
38
38
49
35
24
22
123
15
26
16
4
102
96
55
40
24
20
26
35
48
36
46
49
31
2
42
53
69
99
73
55
24
68
38
41
46
161
29
62
59
93
57
59
44
67
88
53
64
40
40
216
238
306
259
227
106
35
44
64
51
68
39
59
33
22
33
33
42
51
62
73
64
5
5
4
4
4
4
4
4
4
4
4
5
7
5
5
4
4
2
4
8
245
361
348
292
331
296
423
330
351
396
365
359
333
399
337
256
346
261
298
111
403
256
252
322
341
259
328
419
280
176
71
86
56
33
16
18
18
18
18
20
20
20
18
18
20
20
18
18
18
18
18
18
18
20
18
63
200
209
267
217
319
392
430
485
273
216
473
522
451
301
322
331
227
297
357
277
308
231
265
296
165
49
49
119
112
66
46
5
7
7
11
7
7
7
7
7
7
7
5
11
11
9
5
4
5
4
2
11
15
24
16
20
18
18
18
26
3
16
26
22
24
18
26
24
22
22
18
24
18
26
18
18
27
16
18
22
62
7
4
16
26
24
26
31
22
11
24
16
4
11
13
9
11
2
5
131
291
320
375
356
399
301
305
357
380
355
363
409
282
273
310
384
430
320
344
322
245
205
22
416
244
220
273
250
278
179
161
179
62
115
143
175
165
141
161
172
161
190
179
93
147
236
167
132
40
35
108
68
159
55
82
186
264
187
298
171
181
172
177
179
133
214
230
245
230
185
139
132
53
90
73
44
132
171
139
66
181
156
135
75
36
48
100
101
172
190
84
55
90
97
123
134
44
33
40
16
15
62
135
84
97
33
9
106
126
59
46
38
42
22
16
27
18
20
20
20
18
20
22
18
20
20
20
2
161
250
375
351
363
307
295
254
316
279
474
337
478
622
688
321
489
437
469
564
410
457
292
410
527
427
363
494
525
494
558
442
550
665
680
569
630
585
614
560
615
717
592
516
835
595
750
584
677
696
662
689
631
609
513
530
298
613
582
658
706
732
803
663
726
643
515
523
576
557
774
579
525
597
568
686
674
574
505
679
559
714
119
11
11
49
459
684
593
538
434
365
373
443
326
460
628
522
432
398
511
269
427
304
484
381
503
280
359
235
387
372
379
368
449
644
610
472
652
730
782
685
537
460
497
561
361
551
649
710
545
513
703
767
724
758
770
712
652
704
739
719
664
568
686
612
734
584
774
588
710
526
646
560
760
723
671
765
711
602
773
536
725
698
736
742
693
530
688
586
709
673
762
629
602
766
767
300
593
777
800
758
607
746
655
597
553
523
643
636
564
787
723
667
524
447
639
504
421
684
537
618
620
609
40
1047
378
482
487
633
562
603
705
611
480
456
408
610
724
613
682
440
357
379
468
391
634
577
527
398
392
229
304
324
477
355
23
1045
517
477
632
280
314
331
440
489
302
331
281
350
38
156
196
176
162
247
212
216
271
166
300
295
93
1055
462
479
297
201
234
380
474
338
356
366
260
346
387
344
320
272
302
271
270
211
235
211
298
294
267
247
280
323
361
364
347
360
347
238
163
251
388
436
312
306
235
334
298
357
271
377
438
341
504
360
467
348
262
171
297
275
246
355
245
302
294
363
311
256
130
366
369
271
392
422
418
509
394
256
138
222
287
409
340
493
619
449
477
349
565
351
528
352
541
609
468
588
450
651
467
538
576
666
439
654
607
658
613
325
548
447
572
478
551
439
546
550
405
551
524
606
587
529
593
413
524
444
383
465
405
321
305
519
534
488
410
491
509
510
262
326
358
357
507
448
555
431
530
489
292
298
618
615
565
614
551
616
621
404
468
624
567
384
616
462
461
538
476
662
386
545
511
471
328
287
458
312
551
600
592
646
646
442
537
433
577
491
579
580
476
459
481
553
554
630
556
458
343
346
468
269
374
396
348
384
343
447
328
412
451
354
434
408
409
401
474
405
381
445
420
470
472
666
686
523
715
688
526
529
523
568
525
439
768
558
639
630
554
684
544
690
538
565
508
523
535
519
651
518
567
518
699
688
543
734
612
397
495
508
514
565
538
547
502
613
706
678
634
683
644
576
658
629
483
608
619
324
318
343
474
474
491
677
703
619
526
505
498
572
506
462
222
344
351
338
266
432
512
485
370
419
426
436
373
378
469
457
330
530
532
421
557
301
565
327
402
426
484
460
513
669
558
543
574
589
575
322
443
379
371
538
506
469
552
706
699
661
780
707
658
707
49
1087
366
416
406
389
410
275
240
346
492
376
664
702
663
698
688
511
22
485
452
470
573
525
549
534
559
222
446
479
508
534
612
538
527
492
538
504
538
538
493
486
486
425
413
403
415
443
328
377
279
259
326
243
275
240
150
100
135
15
749
324
366
287
345
374
347
236
135
247
187
125
172
106
145
170
90
71
163
261
358
394
375
326
275
222
121
101
86
55
73
158
123
168
175
135
73
71
78
97
73
84
99
75
51
68
90
38
38
49
44
44
60
66
101
158
146
113
113
108
97
64
42
41
48
60
60
49
71
57
69
71
62
43
75
113
141
22
233
59
64
128
125
119
49
60
51
49
69
48
48
15
18
18
18
16
18
20
18
16
15
15
7
11
86
93
66
53
77
57
27
11
35
59
38
38
49
35
24
22
123
15
26
16
4
102
96
55
40
24
20
26
35
48
36
46
49
31
2
42
53
69
99
73
55
24
68
38
41
46
161
29
62
59
93
57
59
44
67
88
53
64
40
40
216
238
306
259
227
106
35
44
64
51
68
39
59
33
22
33
33
42
51
62
73
64
5
5
4
4
4
4
4
4
4
4
4
5
7
5
5
4
4
2
4
8
245
361
348
292
331
296
423
330
351
396
365
359
333
399
337
256
346
261
298
111
403
256
252
322
341
259
328
419
280
176
71
86
56
33
16
18
18
18
18
20
20
20
18
18
20
20
18
18
18
18
18
18
18
20
18
63
200
209
267
217
319
392
430
485
273
216
473
522
451
301
322
331
227
297
357
277
308
231
265
296
165
49
49
119
112
66
46
5
7
7
11
7
7
7
7
7
7
7
5
11
11
9
5
4
5
4
2
11
15
24
16
20
18
18
18
26
3
16
26
22
24
18
26
24
22
22
18
24
18
26
18
18
27
16
18
22
62
7
4
16
26
24
26
31
22
11
24
16
4
11
13
9
11
2
5
131
291
320
375
356
399
301
305
357
380
355
363
409
282
273
310
384
430
320
344
322
245
205
22
416
244
220
273
250
278
179
161
179
62
115
143
175
165
141
161
172
161
190
179
93
147
236
167
132
40
35
108
68
159
55
82
186
264
187
298
171
181
172
177
179
133
214
230
245
230
185
139
132
53
90
73
44
132
171
139
66
181
156
135
75
36
48
100
101
172
190
84
55
90
97
123
134
44
33
40
16
15
62
135
84
97
33
9
106
126
59
46
38
42
22
16
27
18
20
20
20
18
20
22
18
20
20
20
2
161
250
375
351
363
307
295
254
316
279
474
337
478
622
688
321
489
437
469
564
410
457
292
410
527
427
363
494
525
494
558
442
550
665
680
569
630
585
614
560
615
717
592
516
835
595
750
584
677
696
662
689
631
609
513
530
298
613
582
658
706
732
803
663
726
643
515
523
576
557
774
579
525
597
568
686
674
574
505
679
559
714
119
11
11
49
459
684
593
538
434
365
373
443
326
460
628
522
432
398
511
269
427
304
484
381
503
280
359
235
387
372
379
368
449
644
610
472
652
730
782
685
537
460
497
561
361
551
649
710
545
513
703
767
724
758
770
712
652
704
739
719
664
568
686
612
734
584
774
588
710
526
646
560
760
723
671
765
711
602
773
536
725
698
736
742
693
530
688
586
709
673
762
629
602
766
767
300
593
777
800
758
607
746
655
597
553
523
643
636
564
787
723
667
524
447
639
504
421
684
537
618
620
609
40
1047
378
482
487
633
562
603
705
611
480
456
408
610
724
613
682
440
357
379
468
391
634
577
527
398
392
229
304
324
477
355
23
1045
517
477
632
280
314
331
440
489
302
331
281
350
38
156
196
176
162
247
212
216
271
166
300
295
93
1055
462
479
297
201
234
380
474
338
356
366
260
346
387
344
320
272
302
271
270
211
235
211
298
294
267
247
280
323
361
364
347
360
347
238
163
251
388
436
312
306
235
334
298
357
271
377
438
341
504
360
467
348
262
171
297
275
246
355
245
302
294
363
311
256
130
366
369
271
392
422
418
