1228
1241
1187
1173
1293
1196
1169
1128
1056
1165
1119
1313
1275
1191
1241
1142
1246
1196
1083
1160
1259
1239
1259
1214
1025
768
856
763
1061
1259
1280
1200
1178
1088
1142
1065
1142
1081
588
613
520
793
493
536
423
403
689
862
1077
885
696
1018
948
948
926
852
718
770
597
955
948
853
946
817
682
1041
867
853
946
808
822
942
808
948
1005
939
975
915
890
1016
1020
1118
989
912
1016
1018
917
836
1086
971
989
930
1068
1056
980
1002
1072
890
817
635
446
444
523
520
599
577
565
730
651
730
655
847
754
628
640
541
254
162
198
320
54
799
595
502
365
383
437
398
460
297
324
376
599
610
617
511
640
617
551
694
633
703
642
820
628
581
371
649
570
653
572
547
622
520
563
550
574
671
533
703
570
649
416
329
166
140
108
112
103
85
68
68
63
110
284
419
311
270
177
230
203
158
117
103
94
112
144
155
189
184
189
198
149
153
146
126
140
117
77
94
103
117
144
117
117
121
92
90
68
77
63
45
54
45
31
45
72
58
36
27
22
45
49
63
54
18
36
54
36
27
27
27
27
27
27
27
22
18
33
121
112
203
288
360
385
423
365
288
259
239
279
360
376
374
275
293
351
488
441
525
617
360
349
617
509
407
649
306
344
252
166
140
121
58
40
68
72
31
331
1113
1074
908
822
955
962
635
592
780
376
414
622
511
784
808
903
1106
1127
1061
903
953
1037
1020
804
892
754
948
1140
709
799
1050
903
1038
1047
960
966
1056
203
1263
948
1086
1079
876
1079
1212
1178
1124
1128
1119
957
951
908
1110
991
696
867
1178
1207
1016
917
1142
1142
901
655
1115
748
993
1047
1259
1298
1034
1007
804
874
682
942
849
1079
1065
1160
1194
1043
1128
1101
930
1100
1070
1029
980
978
696
644
466
212
356
550
403
221
18
18
18
18
18
18
18
18
18
18
18
18
13
13
18
18
18
18
18
18
13
13
13
13
13
13
13
13
13
13
13
13
13
13
13
13
13
13
13
13
13
13
13
13
13
13
13
13
11
18
27
18
18
18
18
18
18
18
13
18
18
18
18
18
22
27
230
792
332
725
516
500
545
394
500
212
72
31
63
245
707
570
658
577
493
500
470
595
545
434
595
570
662
608
597
680
579
572
439
676
664
721
511
671
660
824
673
915
858
790
861
606
374
4
613
520
852
664
284
1106
876
919
750
1002
1037
808
953
1009
817
808
761
619
550
428
367
464
356
356
245
388
414
270
200
270
261
184
216
149
49
108
101
158
140
180
135
112
81
81
108
90
112
101
63
58
257
189
212
171
85
131
153
83
297
257
68
131
68
54
1040
703
550
707
533
662
723
532
279
168
166
243
166
198
184
175
146
234
171
194
351
385
523
401
422
332
518
432
259
153
94
140
94
171
392
461
906
899
971
883
614
545
511
721
732
617
333
240
158
342
628
987
817
1029
1158
732
669
721
741
780
457
306
207
54
962
320
293
437
335
419
934
1128
1118
962
840
924
845
706
733
912
567
614
1167
696
635
651
581
268
342
374
556
410
158
356
651
887
745
789
673
727
743
736
843
763
887
808
817
680
488
721
642
685
374
259
423
414
360
430
685
574
419
365
371
595
351
347
732
745
527
388
362
460
378
460
412
608
488
626
550
272
414
532
479
590
655
685
507
667
732
703
664
473
419
542
703
606
658
243
203
263
365
351
479
847
700
766
642
509
514
286
671
432
439
550
439
586
604
403
469
532
673
1065
1016
960
718
613
619
739
511
734
817
748
926
709
613
405
511
802
790
798
444
667
642
829
939
1052
953
806
799
1092
770
597
388
586
714
998
1005
939
1047
1070
1257
930
1025
817
1109
1331
1182
799
975
942
1322
1570
1430
1482
1629
1710
1840
1567
1334
1282
1437
1426
1268
1354
1302
1133
1065
1173
1205
1182
1029
1090
1300
1471
1381
845
374
335
567
717
817
953
1038
1140
1056
1115
1124
926
1280
1160
808
500
655
1119
1161
850
921
930
897
614
1191
1320
1016
1083
1142
1286
1038
1100
962
727
887
831
885
1399
1336
1173
1199
1056
1219
1309
1182
1223
1295
1160
1160
955
876
880
1037
1228
1214
1079
1534
871
707
614
834
421
698
455
466
1029
1282
784
876
982
597
808
1367
1336
1394
1345
1309
1167
1029
998
1647
1592
1327
1088
890
843
912
1020
1354
1038
1282
1349
1349
1358
1190
1205
1025
1160
1110
942
1047
1228
1485
1561
1367
1513
1349
1358
1271
1056
899
867
978
799
867
1059
993
817
1018
614
743
736
871
1023
880
700
937
741
933
565
761
583
867
942
853
903
1149
804
867
1153
989
966
1056
1106
1135
813
754
991
646
1053
887
862
953
1090
962
853
1118
763
727
586
646
653
523
516
725
560
834
646
631
430
599
759
937
876
689
682
732
793
642
775
763
734
664
946
836
781
964
908
943
1005
696
750
761
718
1122
926
813
1034
906
845
980
1054
808
804
883
817
962
1135
579
984
991
939
768
928
912
858
964
880
880
1018
993
908
1018
880
853
1228
1241
1187
1173
1293
1196
1169
1128
1056
1165
1119
1313
1275
1191
1241
1142
1246
1196
1083
1160
1259
1239
1259
1214
1025
768
856
763
1061
1259
1280
1200
1178
1088
1142
1065
1142
1081
588
613
520
793
493
536
423
403
689
862
1077
885
696
1018
948
948
926
852
718
770
597
955
948
853
946
817
682
1041
867
853
946
808
822
942
808
948
1005
939
975
915
890
1016
1020
1118
989
912
1016
1018
917
836
1086
971
989
930
1068
1056
980
1002
1072
890
817
635
446
444
523
520
599
577
565
730
651
730
655
847
754
628
640
541
254
162
198
320
54
799
595
502
365
383
437
398
460
297
324
376
599
610
617
511
640
617
551
694
633
703
642
820
628
581
371
649
570
653
572
547
622
520
563
550
574
671
533
703
570
649
416
329
166
140
108
112
103
85
68
68
63
110
284
419
311
270
177
230
203
158
117
103
94
112
144
155
189
184
189
198
149
153
146
126
140
117
77
94
103
117
144
117
117
121
92
90
68
77
63
45
54
45
31
45
72
58
36
27
22
45
49
63
54
18
36
54
36
27
27
27
27
27
27
27
22
18
33
121
112
203
288
360
385
423
365
288
259
239
279
360
376
374
275
293
351
488
441
525
617
360
349
617
509
407
649
306
344
252
166
140
121
58
40
68
72
31
331
1113
1074
908
822
955
962
635
592
780
376
414
622
511
784
808
903
1106
1127
1061
903
953
1037
1020
804
892
754
948
1140
709
799
1050
903
1038
1047
960
966
1056
203
1263
948
1086
1079
876
1079
1212
1178
1124
1128
1119
957
951
908
1110
991
696
867
1178
1207
1016
917
1142
1142
901
655
1115
748
993
1047
1259
1298
1034
1007
804
874
682
942
849
1079
1065
1160
1194
1043
1128
1101
930
1100
1070
1029
980
978
696
644
466
212
356
550
403
221
18
18
18
18
18
18
18
18
18
18
18
18
13
13
18
18
18
18
18
18
13
13
13
13
13
13
13
13
13
13
13
13
13
13
13
13
13
13
13
13
13
13
13
13
13
13
13
13
11
18
27
18
18
18
18
18
18
18
13
18
18
18
18
18
22
27
230
792
332
725
516
500
545
394
500
212
72
31
63
245
707
570
658
577
493
500
470
595
545
434
595
570
662
608
597
680
579
572
439
676
664
721
511
671
660
824
673
915
858
790
861
606
374
4
613
520
852
664
284
1106
876
919
750
1002
1037
808
953
1009
817
808
761
619
550
428
367
464
356
356
245
388
414
270
200
270
261
184
216
149
49
108
101
158
140
180
135
112
81
81
108
90
112
101
63
58
257
189
212
171
85
131
153
83
297
257
68
131
68
54
1040
703
550
707
533
662
723
532
279
168
166
243
166
198
184
175
146
234
171
194
351
385
523
401
422
332
518
432
259
153
94
140
94
171
392
461
906
899
971
883
614
545
511
721
732
617
333
240
158
342
628
987
817
1029
1158
732
669
721
741
780
457
306
207
54
962
320
293
437
335
419
934
1128
1118
962
840
924
845
706
733
912
567
614
1167
696
635
651
581
268
342
374
556
410
158
356
651
887
745
789
673
727
743
736
843
763
887
808
817
680
488
721
642
685
374
259
423
414
360
430
685
574
419
365
371
595
351
347
732
745
527
388
362
460
378
460
412
608
488
626
550
272
414
532
479
590
655
685
507
667
732
703
664
473
419
542
703
606
658
243
203
263
365
351
479
847
700
766
642
509
514
286
671
432
439
550
439
586
604
403
469
532
673
1065
1016
960
718
613
619
739
511
734
817
748
926
709
613
405
511
802
790
798
444
667
642
829
939
1052
953
806
799
1092
770
597
388
586
714
998
1005
939
1047
1070
1257
930
1025
817
1109
1331
1182
799
975
942
1322
1570
1430
1482
1629
1710
1840
1567
1334
1282
1437
1426
1268
1354
1302
1133
1065
1173
1205
1182
1029
1090
1300
1471
1381
845
374
335
567
717
817
953
1038
1140
1056
1115
1124
926
1280
1160
808
500
655
1119
1161
850
921
930
897
614
1191
1320
1016
1083
1142
1286
1038
1100
962
727
887
831
885
1399
1336
1173
1199
1056
1219
1309
1182
1223
1295
1160
1160
955
876
880
1037
1228
1214
1079
1534
871
707
614
834
421
698
455
466
1029
1282
784
876
982
597
808
1367
1336
1394
1345
1309
1167
1029
998
1647
1592
1327
1088
890
843
912
1020
1354
1038
1282
1349
1349
1358
1190
1205
1025
1160
1110
942
1047
1228
1485
1561
1367
1513
1349
1358
1271
1056
899
867
978
799
867
1059
993
817
1018
614
743
736
871
1023
880
700
937
741
933
565
761
583
867
942
853
903
1149
804
867
1153
989
966
1056
1106
1135
813
754
991
646
1053
887
862
953
1090
962
853
1118
763
727
586
646
653
523
516
725
560
834
646
631
430
599
759
937
876
689
682
732
793
642
775
763
734
664
946
836
781
964
908
943
1005
696
750
761
718
1122
926
813
1034
906
845
980
1054
808
804
883
817
962
1135
579
984
991
939
768
928
912
858
964
880
880
1018
993
908
1018
880
853
1228
1241
1187
1173
1293
1196
1169
1128
1056
1165
1119
1313
1275
1191
1241
1142
1246
1196
1083
1160
1259
1239
1259
1214
1025
768
856
763
1061
1259
1280
1200
1178
1088
1142
1065
1142
1081
588
613
520
793
493
536
423
403
689
862
1077
885
696
1018
948
948
926
852
718
770
597
955
948
853
946
817
682
1041
867
853
946
808
822
942
808
948
1005
939
975
915
890
1016
1020
1118
989
912
1016
1018
917
836
1086
971
989
930
1068
1056
980
1002
1072
890
817
635
446
444
523
520
599
577
565
730
651
730
655
847
754
628
640
541
254
162
198
320
54
799
595
502
365
383
437
398
460
297
324
376
599
610
617
511
640
617
551
694
633
703
642
820
628
581
371
649
570
653
572
547
622
520
563
550
574
671
533
703
570
649
416
329
166
140
108
112
103
85
68
68
63
110
284
419
311
270
177
230
203
158
117
103
94
112
144
155
189
184
189
198
149
153
146
126
140
117
77
94
103
117
144
117
117
121
92
90
68
77
63
45
54
45
31
45
72
58
36
27
22
45
49
63
54
18
36
54
36
27
27
27
27
27
27
27
22
18
33
121
112
203
288
360
385
423
365
288
259
239
279
360
376
374
275
293
351
488
441
525
617
360
349
617
509
407
649
306
344
252
166
140
121
58
40
68
72
31
331
1113
1074
908
822
955
962
635
592
780
376
414
622
511
784
808
903
1106
1127
1061
903
953
1037
1020
804
892
754
948
1140
709
799
1050
903
1038
1047
960
966
1056
203
1263
948
1086
1079
876
1079
1212
1178
1124
1128
1119
957
951
908
1110
991
696
867
1178
1207
1016
917
1142
1142
901
655
1115
748
993
1047
1259
1298
1034
1007
804
874
682
942
849
1079
1065
1160
1194
1043
1128
1101
930
1100
1070
1029
980
978
696
644
466
212
356
550
403
221
18
18
18
18
18
18
18
18
18
18
18
18
13
13
18
18
18
18
18
18
13
13
13
13
13
13
13
13
13
13
13
13
13
13
13
13
13
13
13
13
13
13
13
13
13
13
13
13
11
18
27
18
18
18
18
18
18
18
13
18
18
18
18
18
22
27
230
792
332
725
516
500
545
394
500
212
72
31
63
245
707
570
658
577
493
500
470
595
545
434
595
570
662
608
597
680
579
572
439
676
664
721
511
671
660
824
673
915
858
790
861
606
374
4
613
520
852
664
284
1106
876
919
750
1002
1037
808
953
1009
817
808
761
619
550
428
367
464
356
356
245
388
414
270
200
270
261
184
216
149
49
108
101
158
140
180
135
112
81
81
108
90
112
101
63
58
257
189
212
171
85
131
153
83
297
257
68
131
68
54
1040
703
550
707
533
662
723
532
279
168
166
243
166
198
184
175
146
234
171
194
351
385
523
401
422
332
518
432
259
153
94
140
94
171
392
461
906
899
971
883
614
545
511
721
732
617
333
240
158
342
628
987
817
1029
1158
732
669
721
741
780
457
306
207
54
962
320
293
437
335
419
934
1128
1118
962
840
924
845
706
733
912
567
614
1167
696
635
651
581
268
342
374
556
410
158
356
651
887
745
789
673
727
743
736
843
763
887
808
817
680
488
721
642
685
374
259
423
414
360
430
685
574
419
365
371
595
351
347
732
745
527
388
362
460
378
460
412
608
488
626
550
272
414
532
479
590
655
685
507
667
732
703
664
473
419
542
703
606
658
243
203
263
365
351
479
847
700
766
642
509
514
286
671
432
439
550
439
586
604
403
469
532
673
1065
1016
960
718
613
619
739
511
734
817
748
926
709
613
405
511
802
790
798
444
667
642
829
939
1052
953
806
799
1092
770
597
388
586
714
998
1005
939
1047
1070
1257
930
1025
817
1109
1331
1182
799
975
942
1322
1570
1430
1482
1629
1710
1840
1567
1334
1282
1437
1426
1268
1354
1302
1133
1065
1173
1205
1182
1029
1090
1300
1471
1381
845
374
335
567
717
817
953
1038
1140
1056
1115
1124
926
1280
1160
808
500
655
1119
1161
850
921
930
897
614
1191
1320
1016
1083
1142
1286
1038
1100
962
727
887
831
885
1399
1336
1173
1199
1056
1219
1309
1182
1223
1295
1160
1160
955
876
880
1037
1228
1214
1079
1534
871
707
614
834
421
698
455
466
1029
1282
784
876
982
597
808
1367
1336
1394
1345
1309
1167
1029
998
1647
1592
1327
1088
890
843
912
1020
1354
1038
1282
1349
1349
1358
1190
1205
1025
1160
1110
942
1047
1228
1485
1561
1367
1513
1349
1358
1271
1056
899
867
978
799
867
1059
993
817
1018
614
743
736
871
1023
880
700
937
741
933
565
761
583
867
942
853
903
1149
804
867
1153
989
966
1056
1106
1135
813
754
991
646
1053
887
862
953
1090
962
853
1118
763
727
586
646
653
523
516
725
560
834
646
631
430
599
759
937
876
689
682
732
793
642
775
763
734
664
946
836
781
964
908
943
1005
696
750
761
718
1122
926
813
1034
906
845
980
1054
808
804
883
817
962
1135
579
984
991
939
768
928
912
858
964
880
880
1018
993
908
1018
880
853
