483
443
497
547
512
456
498
458
532
368
459
353
368
382
338
366
400
387
403
475
446
459
514
384
388
442
437
576
701
680
517
573
522
380
382
286
220
324
264
253
257
230
337
369
499
381
449
395
382
298
302
230
165
130
90
92
87
90
80
70
127
142
175
137
116
140
122
142
82
55
67
70
70
90
90
105
80
66
70
57
47
57
30
30
17
20
25
25
25
25
27
27
27
27
27
25
22
20
20
10
42
47
62
72
65
52
40
12
32
22
25
27
2
15
15
7
7
7
17
7
7
10
10
12
10
15
7
5
12
12
15
17
2
15
12
7
2
7
17
10
15
7
10
15
17
15
15
17
20
20
22
22
27
25
25
15
25
20
27
25
22
17
30
117
12
15
10
5
20
15
12
12
12
17
12
10
2
10
102
20
15
32
35
22
17
35
17
25
20
27
30
20
10
12
7
7
10
2
15
6
12
20
22
27
37
20
27
25
27
25
5
17
25
12
30
78
9
27
40
47
45
35
37
35
20
30
50
19
47
47
45
55
57
45
57
33
50
15
230
30
37
7
20
5
25
27
5
15
12
22
15
20
22
27
20
10
30
157
17
7
15
17
4
12
15
15
15
10
12
12
7
7
2
10
15
25
20
25
10
15
20
30
50
10
15
12
10
10
7
30
15
22
47
12
20
22
15
22
25
12
10
7
7
2
2
5
2
2
2
7
10
10
5
7
10
42
17
17
5
39
12
22
17
22
22
22
30
22
27
16
17
15
15
30
30
22
20
15
20
15
15
10
12
17
25
27
35
13
30
22
20
15
2
15
12
5
7
10
7
10
10
2
71
15
22
15
2
15
10
15
11
17
25
22
17
20
18
12
12
15
10
7
35
8
78
335
321
147
101
113
221
342
332
413
481
488
460
302
297
284
378
426
319
380
348
558
550
473
510
513
538
504
472
191
215
112
287
242
251
554
497
381
389
426
435
452
479
384
426
444
484
110
197
408
463
565
570
495
584
577
426
405
374
279
302
215
354
434
482
513
659
562
415
167
112
125
30
95
100
55
438
504
244
137
222
213
225
210
100
87
97
122
172
54
42
230
137
130
107
45
95
422
287
185
257
178
97
72
117
241
357
311
336
337
298
333
377
424
362
227
300
201
327
274
279
271
384
341
229
200
265
255
264
242
285
307
106
300
315
474
410
240
110
182
292
157
338
617
509
476
402
412
241
572
532
569
439
358
404
361
443
541
544
462
456
642
679
566
536
513
545
710
686
586
656
662
952
759
631
562
634
554
470
602
741
802
763
827
456
565
504
553
517
500
596
455
475
546
697
638
694
603
666
663
643
576
482
498
397
694
388
512
552
391
267
369
502
404
513
524
362
577
491
766
574
495
682
834
587
631
683
661
617
449
319
361
494
479
401
377
252
350
470
660
554
669
493
292
507
342
526
685
609
519
431
569
311
362
361
493
505
649
652
714
635
520
657
543
356
384
395
484
436
484
460
677
512
538
638
27
1380
649
442
482
474
483
461
539
557
578
414
494
439
664
417
577
468
809
632
602
412
547
544
432
24
1573
434
432
374
372
486
789
549
449
536
782
514
549
285
292
96
1263
287
232
210
195
269
147
200
207
312
290
232
247
265
180
292
317
664
553
654
507
347
237
449
155
1390
527
375
557
467
350
267
137
215
30
849
180
85
287
562
456
362
353
654
463
517
305
257
517
402
449
368
417
351
479
429
548
562
525
554
10
105
25
212
80
112
127
128
95
75
67
69
62
52
51
37
17
93
306
343
342
421
642
685
661
672
672
513
665
597
512
195
627
396
482
772
629
596
627
656
604
734
698
613
541
597
756
630
724
827
635
706
882
538
685
663
724
512
747
931
517
608
794
623
370
511
711
656
636
742
601
601
575
610
527
582
488
346
429
367
328
399
345
559
530
248
324
500
509
469
371
322
159
322
642
593
620
772
672
839
31
818
1037
941
744
700
642
444
434
554
609
655
401
494
459
408
393
451
462
317
324
406
478
624
630
693
750
562
145
327
564
775
740
858
825
776
791
634
724
573
547
438
434
417
390
406
565
525
700
546
602
663
655
615
473
415
412
312
437
483
549
585
527
377
384
362
379
390
403
348
344
373
403
359
329
400
374
403
426
370
342
355
324
197
374
585
579
635
413
454
499
507
318
424
384
428
577
703
741
537
626
515
669
572
595
763
814
658
804
709
583
698
737
736
552
355
263
526
563
703
559
313
442
452
755
707
522
553
502
551
457
617
594
500
625
771
737
763
652
482
372
321
479
502
732
518
602
714
601
935
792
440
500
704
711
712
649
464
622
464
644
716
551
417
441
468
483
614
591
671
805
764
717
796
630
668
479
626
560
489
550
693
627
698
467
595
500
499
515
538
415
557
484
460
451
458
408
382
331
310
389
483
443
497
547
512
456
498
458
532
368
459
353
368
382
338
366
400
387
403
475
446
459
514
384
388
442
437
576
701
680
517
573
522
380
382
286
220
324
264
253
257
230
337
369
499
381
449
395
382
298
302
230
165
130
90
92
87
90
80
70
127
142
175
137
116
140
122
142
82
55
67
70
70
90
90
105
80
66
70
57
47
57
30
30
17
20
25
25
25
25
27
27
27
27
27
25
22
20
20
10
42
47
62
72
65
52
40
12
32
22
25
27
2
15
15
7
7
7
17
7
7
10
10
12
10
15
7
5
12
12
15
17
2
15
12
7
2
7
17
10
15
7
10
15
17
15
15
17
20
20
22
22
27
25
25
15
25
20
27
25
22
17
30
117
12
15
10
5
20
15
12
12
12
17
12
10
2
10
102
20
15
32
35
22
17
35
17
25
20
27
30
20
10
12
7
7
10
2
15
6
12
20
22
27
37
20
27
25
27
25
5
17
25
12
30
78
9
27
40
47
45
35
37
35
20
30
50
19
47
47
45
55
57
45
57
33
50
15
230
30
37
7
20
5
25
27
5
15
12
22
15
20
22
27
20
10
30
157
17
7
15
17
4
12
15
15
15
10
12
12
7
7
2
10
15
25
20
25
10
15
20
30
50
10
15
12
10
10
7
30
15
22
47
12
20
22
15
22
25
12
10
7
7
2
2
5
2
2
2
7
10
10
5
7
10
42
17
17
5
39
12
22
17
22
22
22
30
22
27
16
17
15
15
30
30
22
20
15
20
15
15
10
12
17
25
27
35
13
30
22
20
15
2
15
12
5
7
10
7
10
10
2
71
15
22
15
2
15
10
15
11
17
25
22
17
20
18
12
12
15
10
7
35
8
78
335
321
147
101
113
221
342
332
413
481
488
460
302
297
284
378
426
319
380
348
558
550
473
510
513
538
504
472
191
215
112
287
242
251
554
497
381
389
426
435
452
479
384
426
444
484
110
197
408
463
565
570
495
584
577
426
405
374
279
302
215
354
434
482
513
659
562
415
167
112
125
30
95
100
55
438
504
244
137
222
213
225
210
100
87
97
122
172
54
42
230
137
130
107
45
95
422
287
185
257
178
97
72
117
241
357
311
336
337
298
333
377
424
362
227
300
201
327
274
279
271
384
341
229
200
265
255
264
242
285
307
106
300
315
474
410
240
110
182
292
157
338
617
509
476
402
412
241
572
532
569
439
358
404
361
443
541
544
462
456
642
679
566
536
513
545
710
686
586
656
662
952
759
631
562
634
554
470
602
741
802
763
827
456
565
504
553
517
500
596
455
475
546
697
638
694
603
666
663
643
576
482
498
397
694
388
512
552
391
267
369
502
404
513
524
362
577
491
766
574
495
682
834
587
631
683
661
617
449
319
361
494
479
401
377
252
350
470
660
554
669
493
292
507
342
526
685
609
519
431
569
311
362
361
493
505
649
652
714
635
520
657
543
356
384
395
484
436
484
460
677
512
538
638
27
1380
649
442
482
474
483
461
539
557
578
414
494
439
664
417
577
468
809
632
602
412
547
544
432
24
1573
434
432
374
372
486
789
549
449
536
782
514
549
285
292
96
1263
287
232
210
195
269
147
200
207
312
290
232
247
265
180
292
317
664
553
654
507
347
237
449
155
1390
527
375
557
467
350
267
137
215
30
849
180
85
287
562
456
362
353
654
463
517
305
257
517
402
449
368
417
351
479
429
548
562
525
554
10
105
25
212
80
112
127
128
95
75
67
69
62
52
51
37
17
93
306
343
342
421
642
685
661
672
672
513
665
597
512
195
627
396
482
772
629
596
627
656
604
734
698
613
541
597
756
630
724
827
635
706
882
538
685
663
724
512
747
931
517
608
794
623
370
511
711
656
636
742
601
601
575
610
527
582
488
346
429
367
328
399
345
559
530
248
324
500
509
469
371
322
159
322
642
593
620
772
672
839
31
818
1037
941
744
700
642
444
434
554
609
655
401
494
459
408
393
451
462
317
324
406
478
624
630
693
750
562
145
327
564
775
740
858
825
776
791
634
724
573
547
438
434
417
390
406
565
525
700
546
602
663
655
615
473
415
412
312
437
483
549
585
527
377
384
362
379
390
403
348
344
373
403
359
329
400
374
403
426
370
342
355
324
197
374
585
579
635
413
454
499
507
318
424
384
428
577
703
741
537
626
515
669
572
595
763
814
658
804
709
583
698
737
736
552
355
263
526
563
703
559
313
442
452
755
707
522
553
502
551
457
617
594
500
625
771
737
763
652
482
372
321
479
502
732
518
602
714
601
935
792
440
500
704
711
712
649
464
622
464
644
716
551
417
441
468
483
614
591
671
805
764
717
796
630
668
479
626
560
489
550
693
627
698
467
595
500
499
515
538
415
557
484
460
451
458
408
382
331
310
389
483
443
497
547
512
456
498
458
532
368
459
353
368
382
338
366
400
387
403
475
446
459
514
384
388
442
437
576
701
680
517
573
522
380
382
286
220
324
264
253
257
230
337
369
499
381
449
395
382
298
302
230
165
130
90
92
87
90
80
70
127
142
175
137
116
140
122
142
82
55
67
70
70
90
90
105
80
66
70
57
47
57
30
30
17
20
25
25
25
25
27
27
27
27
27
25
22
20
20
10
42
47
62
72
65
52
40
12
32
22
25
27
2
15
15
7
7
7
17
7
7
10
10
12
10
15
7
5
12
12
15
17
2
15
12
7
2
7
17
10
15
7
10
15
17
15
15
17
20
20
22
22
27
25
25
15
25
20
27
25
22
17
30
117
12
15
10
5
20
15
12
12
12
17
12
10
2
10
102
20
15
32
35
22
17
35
17
25
20
27
30
20
10
12
7
7
10
2
15
6
12
20
22
27
37
20
27
25
27
25
5
17
25
12
30
78
9
27
40
47
45
35
37
35
20
30
50
19
47
47
45
55
57
45
57
33
50
15
230
30
37
7
20
5
25
27
5
15
12
22
15
20
22
27
20
10
30
157
17
7
15
17
4
12
15
15
15
10
12
12
7
7
2
10
15
25
20
25
10
15
20
30
50
10
15
12
10
10
7
30
15
22
47
12
20
22
15
22
25
12
10
7
7
2
2
5
2
2
2
7
10
10
5
7
10
42
17
17
5
39
12
22
17
22
22
22
30
22
27
16
17
15
15
30
30
22
20
15
20
15
15
10
12
17
25
27
35
13
30
22
20
15
2
15
12
5
7
10
7
10
10
2
71
15
22
15
2
15
10
15
11
17
25
22
17
20
18
12
12
15
10
7
35
8
78
335
321
147
101
113
221
342
332
413
481
488
460
302
297
284
378
426
319
380
348
558
550
473
510
513
538
504
472
191
215
112
287
242
251
554
497
381
389
426
435
452
479
384
426
444
484
110
197
408
463
565
570
495
584
577
426
405
374
279
302
215
354
434
482
513
659
562
415
167
112
125
30
95
100
55
438
504
244
137
222
213
225
210
100
87
97
122
172
54
42
230
137
130
107
45
95
422
287
185
257
178
97
72
117
241
357
311
336
337
298
333
377
424
362
227
300
201
327
274
279
271
384
341
229
200
265
255
264
242
285
307
106
300
315
474
410
240
110
182
292
157
338
617
509
476
402
412
241
572
532
569
439
358
404
361
443
541
544
462
456
642
679
566
536
513
545
710
686
586
656
662
952
759
631
562
634
554
470
602
741
802
763
827
456
565
504
553
517
500
596
455
475
546
697
638
694
603
666
663
643
576
482
498
397
694
388
512
552
391
267
369
502
404
513
524
362
577
491
766
574
495
682
834
587
631
683
661
617
449
319
361
494
479
401
377
252
350
470
660
554
669
493
292
507
342
526
685
609
519
431
569
311
362
361
493
505
649
652
714
635
520
657
543
356
384
395
484
436
484
460
677
512
538
638
27
1380
649
442
482
474
483
461
539
557
578
414
494
439
664
417
577
468
809
632
602
412
547
544
432
24
1573
434
432
374
372
486
789
549
449
536
782
514
549
285
292
96
1263
287
232
210
195
269
147
200
207
312
290
232
247
265
180
292
317
664
553
654
507
347
237
449
155
1390
527
375
557
467
350
267
137
215
30
849
180
85
287
562
456
362
353
654
463
517
305
257
517
402
449
368
417
351
479
429
548
562
525
554
10
