309
167
120
79
171
314
493
409
515
579
366
334
361
370
390
228
153
104
27
481
160
146
218
168
209
467
564
559
481
420
462
422
353
367
456
284
307
584
348
318
325
291
134
171
187
278
205
79
178
325
444
373
394
337
364
372
368
421
382
444
404
409
340
244
361
321
342
187
129
212
207
180
215
342
287
209
182
186
297
176
173
366
373
264
194
181
230
189
230
206
304
244
313
275
136
207
266
240
295
328
342
253
333
366
351
332
237
209
271
351
303
329
121
101
132
182
176
240
424
350
383
321
254
257
143
336
216
219
275
219
293
302
201
234
266
337
533
508
480
359
306
309
369
256
367
409
374
463
355
306
203
256
401
395
399
222
333
321
414
469
526
476
403
400
546
385
298
194
293
357
499
502
469
524
535
629
465
512
409
554
666
591
400
488
471
661
785
715
741
814
855
920
784
667
641
718
713
634
677
651
566
533
587
602
591
515
545
650
735
690
422
187
168
284
358
409
476
519
570
528
557
562
463
640
580
404
250
328
560
580
425
461
465
448
307
596
660
508
542
571
643
519
550
481
364
444
416
442
699
668
587
599
528
609
654
591
612
648
580
580
478
438
440
518
614
607
539
767
436
354
307
417
210
349
228
233
515
641
392
438
491
298
404
684
668
697
672
654
584
515
499
823
796
663
544
445
421
456
510
677
519
641
675
675
679
595
602
512
580
555
471
524
614
742
781
684
757
675
679
635
528
449
433
489
400
433
529
497
409
509
307
372
368
436
511
440
350
469
370
466
283
381
292
433
471
427
452
574
402
433
577
494
483
528
553
568
406
377
496
323
526
443
431
476
545
481
427
559
382
364
293
323
327
261
258
363
280
417
323
315
215
300
379
469
438
345
341
366
397
321
388
382
367
332
473
418
391
482
454
472
502
348
375
381
359
561
463
406
517
453
422
490
527
404
402
442
409
481
568
289
492
496
469
384
464
456
429
482
440
440
509
497
454
509
440
427
614
621
593
587
647
598
585
564
528
582
560
657
638
596
621
571
623
598
542
580
629
620
629
607
512
384
428
382
530
629
640
600
589
544
571
533
571
541
294
306
260
397
246
268
212
201
345
431
538
442
348
509
474
474
463
426
359
385
298
478
474
427
473
409
341
521
433
427
473
404
411
471
404
474
502
469
488
457
445
508
510
559
494
456
508
509
458
418
543
485
494
465
534
528
490
501
536
445
409
318
223
222
261
260
300
288
283
365
325
365
328
424
377
314
320
270
127
81
99
160
27
400
297
251
182
191
218
199
230
149
162
188
300
305
309
256
320
309
276
347
316
351
321
410
314
291
186
324
285
327
286
273
311
260
282
275
287
336
267
351
285
324
208
164
83
70
54
56
52
43
34
34
32
55
142
209
155
135
89
115
101
79
58
52
47
56
72
77
95
92
95
99
74
77
73
63
70
58
38
47
52
58
72
58
58
61
46
45
34
38
32
22
27
22
16
22
36
29
18
13
11
22
25
32
27
9
18
27
18
13
13
13
13
13
13
13
11
9
17
61
56
101
144
180
192
212
182
144
129
119
140
180
188
187
137
146
176
244
221
262
309
180
174
309
254
204
324
153
172
126
83
70
61
29
20
34
36
16
165
557
537
454
411
478
481
318
296
390
188
207
311
256
392
404
452
553
563
530
452
476
518
510
402
446
377
474
570
355
400
525
452
519
524
480
483
528
101
632
474
543
539
438
539
606
589
562
564
560
479
475
454
555
496
348
433
589
604
508
458
571
571
451
328
557
374
497
524
629
649
517
503
402
437
341
471
425
539
533
580
597
521
564
551
465
550
535
515
490
489
348
322
233
106
178
275
201
110
9
9
9
9
9
9
9
9
9
9
9
9
7
7
9
9
9
9
9
9
7
7
7
7
7
7
7
7
7
7
7
7
7
7
7
7
7
7
7
7
7
7
7
7
7
7
7
7
5
9
13
9
9
9
9
9
9
9
7
9
9
9
9
9
11
13
115
396
166
363
258
250
273
197
250
106
36
16
32
123
354
285
329
288
246
250
235
297
273
217
297
285
331
304
298
340
289
286
219
338
332
361
256
336
330
412
337
457
429
395
430
303
187
2
306
260
426
332
142
553
438
460
375
501
518
404
476
505
409
404
381
309
275
214
183
232
178
178
123
194
207
135
100
135
131
92
108
74
25
54
50
79
70
90
68
56
40
40
54
45
56
50
32
29
128
95
106
85
43
65
77
41
149
128
34
65
34
27
520
351
275
354
267
331
361
266
140
84
83
121
83
99
92
88
73
117
85
97
176
192
261
201
211
166
259
216
129
77
47
70
47
85
196
231
453
449
485
442
307
273
256
361
366
309
167
120
79
171
314
493
409
515
579
366
334
361
370
390
228
153
104
27
481
160
146
218
168
209
467
564
559
481
420
462
422
353
367
456
284
307
584
348
318
325
291
134
171
187
278
205
79
178
325
444
373
394
337
364
372
368
421
382
444
404
409
340
244
361
321
342
187
129
212
207
180
215
342
287
209
182
186
297
176
173
366
373
264
194
181
230
189
230
206
304
244
313
275
136
207
266
240
295
328
342
253
333
366
351
332
237
209
271
351
303
329
121
101
132
182
176
240
424
350
383
321
254
257
143
336
216
219
275
219
293
302
201
234
266
337
533
508
480
359
306
309
369
256
367
409
374
463
355
306
203
256
401
395
399
222
333
321
414
469
526
476
403
400
546
385
298
194
293
357
499
502
469
524
535
629
465
512
409
554
666
591
400
488
471
661
785
715
741
814
855
920
784
667
641
718
713
634
677
651
566
533
587
602
591
515
545
650
735
690
422
187
168
284
358
409
476
519
570
528
557
562
463
640
580
404
250
328
560
580
425
461
465
448
307
596
660
508
542
571
643
519
550
481
364
444
416
442
699
668
587
599
528
609
654
591
612
648
580
580
478
438
440
518
614
607
539
767
436
354
307
417
210
349
228
233
515
641
392
438
491
298
404
684
668
697
672
654
584
515
499
823
796
663
544
445
421
456
510
677
519
641
675
675
679
595
602
512
580
555
471
524
614
742
781
684
757
675
679
635
528
449
433
489
400
433
529
497
409
509
307
372
368
436
511
440
350
469
370
466
283
381
292
433
471
427
452
574
402
433
577
494
483
528
553
568
406
377
496
323
526
443
431
476
545
481
427
559
382
364
293
323
327
261
258
363
280
417
323
315
215
300
379
469
438
345
341
366
397
321
388
382
367
332
473
418
391
482
454
472
502
348
375
381
359
561
463
406
517
453
422
490
527
404
402
442
409
481
568
289
492
496
469
384
464
456
429
482
440
440
509
497
454
509
440
427
614
621
593
587
647
598
585
564
528
582
560
657
638
596
621
571
623
598
542
580
629
620
629
607
512
384
428
382
530
629
640
600
589
544
571
533
571
541
294
306
260
397
246
268
212
201
345
431
538
442
348
509
474
474
463
426
359
385
298
478
474
427
473
409
341
521
433
427
473
404
411
471
404
474
502
469
488
457
445
508
510
559
494
456
508
509
458
418
543
485
494
465
534
528
490
501
536
445
409
318
223
222
261
260
300
288
283
365
325
365
328
424
377
314
320
270
127
81
99
160
27
400
297
251
182
191
218
199
230
149
162
188
300
305
309
256
320
309
276
347
316
351
321
410
314
291
186
324
285
327
286
273
311
260
282
275
287
336
267
351
285
324
208
164
83
70
54
56
52
43
34
34
32
55
142
209
155
135
89
115
101
79
58
52
47
56
72
77
95
92
95
99
74
77
73
63
70
58
38
47
52
58
72
58
58
61
46
45
34
38
32
22
27
22
16
22
36
29
18
13
11
22
25
32
27
9
18
27
18
13
13
13
13
13
13
13
11
9
17
61
56
101
144
180
192
212
182
144
129
119
140
180
188
187
137
146
176
244
221
262
309
180
174
309
254
204
324
153
172
126
83
70
61
29
20
34
36
16
165
557
537
454
411
478
481
318
296
390
188
207
311
256
392
404
452
553
563
530
452
476
518
510
402
446
377
474
570
355
400
525
452
519
524
480
483
528
101
632
474
543
539
438
539
606
589
562
564
560
479
475
454
555
496
348
433
589
604
508
458
571
571
451
328
557
374
497
524
629
649
517
503
402
437
341
471
425
539
533
580
597
521
564
551
465
550
535
515
490
489
348
322
233
106
178
275
201
110
9
9
9
9
9
9
9
9
9
9
9
9
7
7
9
9
9
9
9
9
7
7
7
7
7
7
7
7
7
7
7
7
7
7
7
7
7
7
7
7
7
7
7
7
7
7
7
7
5
9
13
9
9
9
9
9
9
9
7
9
9
9
9
9
11
13
115
396
166
363
258
250
273
197
250
106
36
16
32
123
354
285
329
288
246
250
235
297
273
217
297
285
331
304
298
340
289
286
219
338
332
361
256
336
330
412
337
457
429
395
430
303
187
2
306
260
426
332
142
553
438
460
375
501
518
404
476
505
409
404
381
309
275
214
183
232
178
178
123
194
207
135
100
135
131
92
108
74
25
54
50
79
70
90
68
56
40
40
54
45
56
50
32
29
128
95
106
85
43
65
77
41
149
128
34
65
34
27
520
351
275
354
267
331
361
266
140
84
83
121
83
99
92
88
73
117
85
97
176
192
261
201
211
166
259
216
129
77
47
70
47
85
196
231
453
449
485
442
307
273
256
361
366
309
167
120
79
171
314
493
409
515
579
366
334
361
370
390
228
153
104
27
481
160
146
218
168
209
467
564
559
481
420
462
422
353
367
456
284
307
584
348
318
325
291
134
171
187
278
205
79
178
325
444
373
394
337
364
372
368
421
382
444
404
409
340
244
361
321
342
187
129
212
207
180
215
342
287
209
182
186
297
176
173
366
373
264
194
181
230
189
230
206
304
244
313
275
136
207
266
240
295
328
342
253
333
366
351
332
237
209
271
351
303
329
121
101
132
182
176
240
424
350
383
321
254
257
143
336
216
219
275
219
293
302
201
234
266
337
533
508
480
359
306
309
369
256
367
409
374
463
355
306
203
256
401
395
399
222
333
321
414
469
526
476
403
400
546
385
298
194
293
357
499
502
469
524
535
629
465
512
409
554
666
591
400
488
471
661
785
715
741
814
855
920
784
667
641
718
713
634
677
651
566
533
587
602
591
515
545
650
735
690
422
187
168
284
358
409
476
519
570
528
557
562
463
640
580
404
250
328
560
580
425
461
465
448
307
596
660
508
542
571
643
519
550
481
364
444
416
442
699
668
587
599
528
609
654
591
612
648
580
580
478
438
440
518
614
607
539
767
436
354
307
417
210
349
228
233
515
641
392
438
491
298
404
684
668
697
672
654
584
515
499
823
796
663
544
445
421
456
510
677
519
641
675
675
679
595
602
512
580
555
471
524
614
742
781
684
757
675
679
635
528
449
433
489
400
433
529
497
409
509
307
372
368
436
511
440
350
469
370
466
283
381
292
433
471
427
452
574
402
433
577
494
483
528
553
568
406
377
496
323
526
443
431
476
545
481
427
559
382
364
293
323
327
261
258
363
280
417
323
315
215
300
379
469
438
345
341
366
397
321
388
382
367
332
473
418
391
482
454
472
502
348
375
381
359
561
463
406
517
453
422
490
527
404
402
442
409
481
568
289
492
496
469
384
464
456
429
482
440
440
509
497
454
509
440
427
