255
197
128
69
111
143
204
170
247
310
225
239
175
283
176
264
176
270
305
234
294
225
325
234
269
288
333
219
327
303
329
307
163
274
223
286
239
275
219
273
275
203
276
262
303
294
264
297
207
262
222
191
232
202
161
152
259
267
244
205
245
255
255
131
163
179
178
254
224
278
216
265
245
146
149
309
307
282
307
276
308
311
202
234
312
283
192
308
231
230
269
238
331
193
273
256
235
164
144
229
156
275
300
296
323
323
221
268
216
289
246
290
290
238
230
241
276
277
315
278
229
171
173
234
135
187
198
174
192
171
224
164
206
226
177
217
204
205
201
237
202
191
223
210
235
236
333
343
261
357
344
263
264
262
284
262
219
384
279
320
315
277
342
272
345
269
283
254
261
268
260
325
259
284
259
349
344
272
367
306
198
247
254
257
282
269
273
251
306
353
339
317
341
322
288
329
314
241
304
310
162
159
171
237
237
245
338
352
310
263
253
249
286
253
231
111
172
176
169
133
216
256
242
185
209
213
218
187
189
234
228
165
265
266
211
278
151
283
164
201
213
242
230
256
334
279
272
287
294
287
161
221
189
186
269
253
234
276
353
350
330
390
354
329
353
25
543
183
208
203
194
205
137
120
173
246
188
332
351
331
349
344
255
11
242
226
235
287
263
275
267
280
111
223
240
254
267
306
269
264
246
269
252
269
269
246
243
243
213
206
201
207
222
164
189
139
129
163
121
137
120
75
50
68
7
374
162
183
143
172
187
174
118
67
124
94
62
86
53
72
85
45
36
82
130
179
197
188
163
137
111
60
51
43
27
37
79
62
84
87
68
37
36
39
49
37
42
49
37
26
34
45
19
19
25
22
22
30
33
50
79
73
57
57
54
49
32
21
20
24
30
30
25
36
28
35
36
31
22
37
57
70
11
117
29
32
64
62
60
24
30
26
25
35
24
24
7
9
9
9
8
9
10
9
8
7
7
4
5
43
47
33
27
38
28
14
5
17
29
19
19
25
17
12
11
61
7
13
8
2
51
48
27
20
12
10
13
17
24
18
23
25
16
1
21
27
35
49
37
27
12
34
19
20
23
81
15
31
29
47
28
29
22
33
44
27
32
20
20
108
119
153
130
114
53
17
22
32
26
34
19
29
16
11
16
16
21
26
31
37
32
3
3
2
2
2
2
2
2
2
2
2
3
4
3
3
2
2
1
2
4
123
180
174
146
166
148
212
165
175
198
183
180
167
200
169
128
173
130
149
56
201
128
126
161
170
130
164
210
140
88
36
43
28
16
8
9
9
9
9
10
10
10
9
9
10
10
9
9
9
9
9
9
9
10
9
31
100
104
134
108
159
196
215
243
136
108
237
261
225
150
161
166
114
149
179
138
154
115
133
148
82
25
25
60
56
33
23
3
4
4
5
4
4
4
4
4
4
4
3
5
5
5
3
2
3
2
1
5
7
12
8
10
9
9
9
13
1
8
13
11
12
9
13
12
11
11
9
12
9
13
9
9
14
8
9
11
31
4
2
8
13
12
13
16
11
5
12
8
2
5
6
5
5
1
3
65
146
160
188
178
200
151
153
179
190
178
181
204
141
137
155
192
215
160
172
161
123
103
11
208
122
110
136
125
139
89
81
89
31
58
71
88
82
70
81
86
81
95
90
47
73
118
83
66
20
17
54
34
80
27
41
93
132
94
149
85
91
86
88
90
67
107
115
123
115
92
70
66
27
45
37
22
66
85
70
33
91
78
68
37
18
24
50
50
86
95
42
27
45
49
61
67
22
16
20
8
7
31
68
42
49
16
5
53
63
29
23
19
21
11
8
14
9
10
10
10
9
10
11
9
10
10
10
1
81
125
187
175
182
153
148
127
158
139
237
169
239
311
344
161
245
218
234
282
205
229
146
205
263
213
181
247
262
247
279
221
275
332
340
284
315
293
307
280
308
358
296
258
418
297
375
292
339
348
331
345
315
305
257
265
149
307
291
329
353
366
401
331
363
321
257
262
288
279
387
289
262
298
284
343
337
287
253
339
280
357
60
5
5
24
229
342
297
269
217
182
187
222
163
230
314
261
216
199
256
135
213
152
242
191
252
140
180
118
193
186
190
184
225
322
305
236
326
365
391
343
269
230
249
281
181
276
324
355
273
256
351
383
362
379
385
356
326
352
370
359
332
284
343
306
367
292
387
294
355
263
323
280
380
362
335
382
356
301
387
268
363
349
368
371
346
265
344
293
355
337
381
315
301
383
384
150
297
388
400
379
304
373
327
298
277
261
321
318
282
393
362
334
262
224
320
252
211
342
269
309
310
305
20
524
189
241
244
316
281
301
352
305
240
228
204
305
362
306
341
220
178
190
234
195
317
289
264
199
196
114
152
162
239
178
12
522
258
238
316
140
157
165
220
245
151
166
141
175
19
78
98
88
81
124
106
108
136
83
150
147
47
528
231
240
148
101
117
190
237
169
178
183
130
173
193
172
160
136
151
135
135
105
118
106
149
147
134
124
140
162
180
182
174
180
174
119
81
125
194
218
156
153
118
167
149
179
136
189
219
170
252
180
234
174
131
85
148
138
123
178
123
151
147
182
156
128
65
183
184
136
196
211
209
255
197
128
69
111
143
204
170
247
310
225
239
175
283
176
264
176
270
305
234
294
225
325
234
269
288
333
219
327
303
329
307
163
274
223
286
239
275
219
273
275
203
276
262
303
294
264
297
207
262
222
191
232
202
161
152
259
267
244
205
245
255
255
131
163
179
178
254
224
278
216
265
245
146
149
309
307
282
307
276
308
311
202
234
312
283
192
308
231
230
269
238
331
193
273
256
235
164
144
229
156
275
300
296
323
323
221
268
216
289
246
290
290
238
230
241
276
277
315
278
229
171
173
234
135
187
198
174
192
171
224
164
206
226
177
217
204
205
201
237
202
191
223
210
235
236
333
343
261
357
344
263
264
262
284
262
219
384
279
320
315
277
342
272
345
269
283
254
261
268
260
325
259
284
259
349
344
272
367
306
198
247
254
257
282
269
273
251
306
353
339
317
341
322
288
329
314
241
304
310
162
159
171
237
237
245
338
352
310
263
253
249
286
253
231
111
172
176
169
133
216
256
242
185
209
213
218
187
189
234
228
165
265
266
211
278
151
283
164
201
213
242
230
256
334
279
272
287
294
287
161
221
189
186
269
253
234
276
353
350
330
390
354
329
353
25
543
183
208
203
194
205
137
120
173
246
188
332
351
331
349
344
255
11
242
226
235
287
263
275
267
280
111
223
240
254
267
306
269
264
246
269
252
269
269
246
243
243
213
206
201
207
222
164
189
139
129
163
121
137
120
75
50
68
7
374
162
183
143
172
187
174
118
67
124
94
62
86
53
72
85
45
36
82
130
179
197
188
163
137
111
60
51
43
27
37
79
62
84
87
68
37
36
39
49
37
42
49
37
26
34
45
19
19
25
22
22
30
33
50
79
73
57
57
54
49
32
21
20
24
30
30
25
36
28
35
36
31
22
37
57
70
11
117
29
32
64
62
60
24
30
26
25
35
24
24
7
9
9
9
8
9
10
9
8
7
7
4
5
43
47
33
27
38
28
14
5
17
29
19
19
25
17
12
11
61
7
13
8
2
51
48
27
20
12
10
13
17
24
18
23
25
16
1
21
27
35
49
37
27
12
34
19
20
23
81
15
31
29
47
28
29
22
33
44
27
32
20
20
108
119
153
130
114
53
17
22
32
26
34
19
29
16
11
16
16
21
26
31
37
32
3
3
2
2
2
2
2
2
2
2
2
3
4
3
3
2
2
1
2
4
123
180
174
146
166
148
212
165
175
198
183
180
167
200
169
128
173
130
149
56
201
128
126
161
170
130
164
210
140
88
36
43
28
16
8
9
9
9
9
10
10
10
9
9
10
10
9
9
9
9
9
9
9
10
9
31
100
104
134
108
159
196
215
243
136
108
237
261
225
150
161
166
114
149
179
138
154
115
133
148
82
25
25
60
56
33
23
3
4
4
5
4
4
4
4
4
4
4
3
5
5
5
3
2
3
2
1
5
7
12
8
10
9
9
9
13
1
8
13
11
12
9
13
12
11
11
9
12
9
13
9
9
14
8
9
11
31
4
2
8
13
12
13
16
11
5
12
8
2
5
6
5
5
1
3
65
146
160
188
178
200
151
153
179
190
178
181
204
141
137
155
192
215
160
172
161
123
103
11
208
122
110
136
125
139
89
81
89
31
58
71
88
82
70
81
86
81
95
90
47
73
118
83
66
20
17
54
34
80
27
41
93
132
94
149
85
91
86
88
90
67
107
115
123
115
92
70
66
27
45
37
22
66
85
70
33
91
78
68
37
18
24
50
50
86
95
42
27
45
49
61
67
22
16
20
8
7
31
68
42
49
16
5
53
63
29
23
19
21
11
8
14
9
10
10
10
9
10
11
9
10
10
10
1
81
125
187
175
182
153
148
127
158
139
237
169
239
311
344
161
245
218
234
282
205
229
146
205
263
213
181
247
262
247
279
221
275
332
340
284
315
293
307
280
308
358
296
258
418
297
375
292
339
348
331
345
315
305
257
265
149
307
291
329
353
366
401
331
363
321
257
262
288
279
387
289
262
298
284
343
337
287
253
339
280
357
60
5
5
24
229
342
297
269
217
182
187
222
163
230
314
261
216
199
256
135
213
152
242
191
252
140
180
118
193
186
190
184
225
322
305
236
326
365
391
343
269
230
249
281
181
276
324
355
273
256
351
383
362
379
385
356
326
352
370
359
332
284
343
306
367
292
387
294
355
263
323
280
380
362
335
382
356
301
387
268
363
349
368
371
346
265
344
293
355
337
381
315
301
383
384
150
297
388
400
379
304
373
327
298
277
261
321
318
282
393
362
334
262
224
320
252
211
342
269
309
310
305
20
524
189
241
244
316
281
301
352
305
240
228
204
305
362
306
341
220
178
190
234
195
317
289
264
199
196
114
152
162
239
178
12
522
258
238
316
140
157
165
220
245
151
166
141
175
19
78
98
88
81
124
106
108
136
83
150
147
47
528
231
240
148
101
117
190
237
169
178
183
130
173
193
172
160
136
151
135
135
105
118
106
149
147
134
124
140
162
180
182
174
180
174
119
81
125
194
218
156
153
118
167
149
179
136
189
219
170
252
180
234
174
131
85
148
138
123
178
123
151
147
182
156
128
65
183
184
136
196
211
209
255
197
128
69
111
143
204
170
247
310
225
239
175
283
176
264
176
270
305
234
294
225
325
234
269
288
333
219
327
303
329
307
163
274
223
286
239
275
219
273
275
203
276
262
303
294
264
297
207
262
222
191
232
202
161
152
259
267
244
205
245
255
255
131
163
179
178
254
224
278
216
265
245
146
149
309
307
282
307
276
308
311
202
234
312
283
192
308
231
230
269
238
331
193
273
256
235
164
144
229
156
275
300
296
323
323
221
268
216
289
246
290
290
238
230
241
276
277
315
278
229
171
173
234
135
187
198
174
192
171
224
164
206
226
177
217
204
205
201
237
202
191
223
210
235
236
333
343
261
357
344
263
264
262
284
262
219
384
279
320
315
277
342
272
345
269
283
254
261
268
260
325
259
284
259
349
344
272
367
306
198
247
254
257
282
269
273
251
306
353
339
317
341
322
288
329
314
241
304
310
162
159
171
237
237
245
338
352
310
263
253
249
286
253
231
111
172
176
169
133
216
256
242
185
209
213
218
187
189
234
228
165
265
266
211
278
151
283
164
201
213
242
230
256
334
279
272
287
294
287
161
221
189
186
269
253
234
276
353
350
330
390
354
329
353
25
543
183
208
203
194
205
137
120
173
246
188
332
351
331
349
344
255
11
242
226
235
287
263
275
267
280
111
223
240
254
267
306
269
264
246
269
252
269
269
246
243
243
213
206
201
207
222
164
189
139
129
163
121
137
120
75
50
68
7
374
162
183
143
172
187
174
118
67
124
94
62
86
53
72
85
45
36
82
130
179
197
188
163
137
111
60
51
43
27
37
79
62
84
87
68
37
36
39
49
37
42
49
37
26
34
45
19
19
25
22
22
30
33
50
79
73
57
57
54
49
32
21
20
24
30
30
25
36
28
35
36
31
22
37
57
70
11
117
29
32
64
62
60
24
30
26
25
35
24
24
7
9
9
9
8
9
10
9
8
7
7
4
5
43
47
33
27
38
28
14
5
17
29
19
19
25
17
12
11
61
7
13
8
2
51
48
27
20
12
10
13
17
24
18
23
25
16
1
21
27
35
49
37
27
12
34
19
20
23
81
15
31
29
47
28
29
22
33
44
27
32
20
20
108
119
153
130
114
53
17
22
32
26
34
19
29
16
11
16
16
21
26
31
37
32
3
3
2
2
2
2
2
2
2
2
2
3
4
3
3
2
2
1
2
4
123
180
174
146
166
148
212
165
175
198
183
180
167
200
169
128
173
130
149
56
201
128
126
161
170
130
164
210
140
88
36
43
28
16
8
9
9
9
9
10
10
10
9
9
10
10
9
9
9
9
9
9
9
10
9
31
100
104
134
108
159
196
215
243
136
108
237
261
225
150
161
166
114
149
179
138
154
115
133
148
82
25
25
60
56
33
23
3
4
4
5
4
4
4
4
4
4
4
3
5
5
5
3
2
3
2
1
5
7
12
8
10
9
9
9
13
1
8
13
11
12
9
13
12
11
11
9
12
9
13
9
9
14
8
9
11
31
4
2
8
13
12
13
16
11
5
12
8
2
5
6
5
5
1
3
65
146
160
188
178
200
151
153
179
190
178
181
204
141
137
155
192
215
160
172
161
123
103
11
208
122
110
136
125
139
89
81
89
31
58
71
88
82
70
81
86
81
95
90
47
73
118
83
66
20
17
54
34
80
27
41
93
132
94
149
85
91
86
88
90
67
107
115
123
115
92
70
66
27
45
37
22
66
85
70
33
91
78
68
37
18
24
50
50
86
95
42
27
45
49
61
67
22
16
20
8
7
31
68
42
49
16
5
53
63
29
23
19
21
11
8
14
9
10
10
10
9
10
11
9
10
10
10
1
81
125
187
175
182
153
148
127
158
139
237
169
239
311
344
161
245
218
234
282
205
229
146
205
263
213
181
247
262
247
279
221
275
332
340
284
315
293
307
280
308
358
296
258
418
297
375
292
339
348
331
345
315
305
257
265
149
307
291
329
353
366
401
331
363
321
257
262
288
279
387
289
262
298
284
343
337
287
253
339
280
357
60
5
5
24
229
342
297
269
217
182
187
222
163
230
314
261
216
199
256
135
213
152
242
191
252
140
180
118
193
186
190
184
225
322
305
236
326
365
391
343
269
230
249
281
181
276
324
355
273
256
351
383
362
379
385
356
326
352
370
359
332
284
343
306
367
292
387
294
355
263
323
280
380
362
335
382
356
301
387
268
363
349
368
371
346
265
344
293
355
337
381
315
301
383
384
150
297
388
400
379
304
373
327
298
277
261
321
318
282
393
362
334
262
224
320
252
211
342
269
309
310
305
20
524
189
241
244
316
281
301
352
305
240
228
204
305
362
306
341
220
178
190
234
195
317
289
264
199
196
114
152
162
239
178
12
522
258
238
316
140
157
165
220
245
151
166
141
175
19
78
98
88
81
124
106
108
136
83
150
147
47
528
231
240
148
101
117
190
237
169
178
183
130
173
193
172
160
136
151
135
135
105
118
106
149
147
134
124
140
162
180
182
174
180
174
119
81
125
194
218
156
153
118
167
149
179
136
189
219
170
252
180
234
174
131
85
148
138
123
178
123
151
147
182
156
128
65
183
184
136
196
211
209
