1841
1862
1780
1760
1940
1794
1754
1693
1584
1747
1679
1970
1913
1787
1862
1713
1869
1794
1625
1740
1888
1859
1888
1821
1537
1152
1284
1145
1591
1888
1920
1801
1767
1632
1713
1598
1713
1622
881
919
780
1190
739
804
635
604
1034
1293
1615
1327
1043
1528
1422
1422
1389
1277
1077
1156
895
1433
1422
1280
1420
1226
1024
1562
1300
1280
1420
1213
1233
1413
1213
1422
1507
1408
1463
1372
1334
1523
1530
1676
1483
1368
1523
1528
1375
1253
1629
1456
1483
1395
1602
1584
1470
1504
1609
1334
1226
953
669
665
784
780
899
865
848
1095
976
1095
983
1271
1132
942
960
811
381
243
297
480
81
1199
892
753
547
574
655
597
689
446
486
563
899
915
926
767
960
926
827
1041
949
1054
962
1230
942
872
557
973
854
980
858
820
933
780
845
825
861
1007
800
1054
854
973
625
493
250
209
162
169
155
128
101
101
95
165
426
628
466
405
266
345
304
237
175
155
141
169
216
232
284
277
284
297
223
230
219
189
209
175
115
141
155
175
216
175
175
182
138
135
101
115
95
67
81
67
47
67
108
88
54
40
33
67
74
95
81
27
54
81
54
40
40
40
40
40
40
40
33
27
50
182
169
304
432
541
577
635
547
432
388
358
419
541
563
561
412
439
527
733
662
787
926
541
523
926
763
611
973
460
516
378
250
209
182
88
61
101
108
47
496
1670
1612
1361
1233
1433
1442
953
888
1169
563
621
933
767
1176
1213
1355
1659
1690
1591
1355
1429
1555
1530
1206
1338
1132
1422
1710
1064
1199
1575
1355
1557
1571
1440
1449
1584
304
1895
1422
1629
1618
1314
1618
1818
1767
1686
1693
1679
1436
1426
1361
1665
1487
1043
1300
1767
1811
1523
1375
1713
1713
1352
983
1672
1122
1490
1571
1888
1946
1550
1510
1206
1311
1024
1413
1274
1618
1598
1740
1791
1564
1693
1652
1395
1649
1605
1544
1470
1466
1043
966
699
318
534
825
604
331
27
27
27
27
27
27
27
27
27
27
27
27
20
20
27
27
27
27
27
27
20
20
20
20
20
20
20
20
20
20
20
20
20
20
20
20
20
20
20
20
20
20
20
20
20
20
20
20
16
27
40
27
27
27
27
27
27
27
20
27
27
27
27
27
33
40
345
1187
498
1088
773
750
818
591
750
318
108
47
95
368
1061
854
986
865
739
750
705
892
818
652
892
854
993
912
895
1020
868
858
658
1014
996
1082
767
1007
990
1237
1010
1372
1287
1185
1291
909
561
6
919
780
1277
996
426
1659
1314
1379
1125
1504
1555
1213
1429
1514
1226
1213
1142
928
825
642
550
696
534
534
368
581
621
405
300
405
392
277
324
223
74
162
151
237
209
270
203
169
121
121
162
135
169
151
95
88
385
284
318
256
128
196
230
124
446
385
101
196
101
81
1560
1054
825
1061
800
993
1084
797
419
253
250
364
250
297
277
263
219
351
256
290
527
577
784
602
633
498
777
649
388
230
141
209
141
256
588
692
1358
1348
1456
1325
922
818
767
1082
1098
926
500
361
237
513
942
1480
1226
1544
1737
1098
1003
1082
1111
1169
685
460
311
81
1442
480
439
655
503
628
1402
1693
1676
1442
1260
1386
1267
1059
1100
1368
851
922
1751
1043
953
976
872
402
513
561
834
615
237
534
976
1331
1118
1183
1010
1091
1115
1104
1264
1145
1331
1213
1226
1020
733
1082
962
1027
561
388
635
621
541
645
1027
861
628
547
557
892
527
520
1098
1118
791
581
544
689
568
689
618
912
733
940
825
408
621
797
719
885
983
1027
760
1000
1098
1054
996
710
628
814
1054
909
986
364
304
395
547
527
719
1271
1050
1149
962
763
770
429
1007
649
658
825
658
878
906
604
703
797
1010
1598
1523
1440
1077
919
928
1108
767
1101
1226
1122
1389
1064
919
608
767
1203
1185
1197
665
1000
962
1243
1408
1578
1429
1209
1199
1638
1156
895
581
878
1071
1497
1507
1408
1571
1605
1886
1395
1537
1226
1663
1997
1773
1199
1463
1413
1983
2355
2145
2223
2443
2565
2761
2351
2001
1922
2155
2139
1902
2030
1953
1699
1598
1760
1807
1773
1544
1636
1950
2206
2071
1267
561
503
851
1075
1226
1429
1557
1710
1584
1672
1686
1389
1920
1740
1213
750
983
1679
1741
1276
1382
1395
1345
922
1787
1980
1523
1625
1713
1929
1557
1649
1442
1091
1331
1247
1327
2098
2003
1760
1798
1584
1828
1963
1773
1835
1943
1740
1740
1433
1314
1321
1555
1841
1821
1618
2301
1307
1061
922
1250
631
1048
683
699
1544
1922
1176
1314
1473
895
1213
2051
2003
2092
2017
1963
1751
1544
1497
2470
2389
1990
1632
1334
1264
1368
1530
2030
1557
1922
2024
2024
2037
1785
1807
1537
1740
1665
1413
1571
1841
2227
2342
2051
2270
2024
2037
1906
1584
1348
1300
1466
1199
1300
1588
1490
1226
1528
922
1115
1104
1307
1534
1321
1051
1406
1111
1399
848
1142
875
1300
1413
1280
1355
1723
1206
1300
1730
1483
1449
1584
1659
1703
1219
1132
1487
969
1579
1330
1293
1429
1636
1442
1280
1676
1145
1091
878
969
980
784
773
1088
841
1250
969
946
645
899
1138
1406
1314
1034
1024
1098
1190
962
1163
1145
1101
996
1420
1253
1172
1447
1361
1415
1507
1043
1125
1142
1077
1683
1389
1219
1550
1358
1267
1470
1581
1213
1206
1325
1226
1442
1703
868
1476
1487
1408
1152
1392
1368
1287
1447
1321
1321
1528
1490
1361
1528
1321
1280
1841
1862
1780
1760
1940
1794
1754
1693
1584
1747
1679
1970
1913
1787
1862
1713
1869
1794
1625
1740
1888
1859
1888
1821
1537
1152
1284
1145
1591
1888
1920
1801
1767
1632
1713
1598
1713
1622
881
919
780
1190
739
804
635
604
1034
1293
1615
1327
1043
1528
1422
1422
1389
1277
1077
1156
895
1433
1422
1280
1420
1226
1024
1562
1300
1280
1420
1213
1233
1413
1213
1422
1507
1408
1463
1372
1334
1523
1530
1676
1483
1368
1523
1528
1375
1253
1629
1456
1483
1395
1602
1584
1470
1504
1609
1334
1226
953
669
665
784
780
899
865
848
1095
976
1095
983
1271
1132
942
960
811
381
243
297
480
81
1199
892
753
547
574
655
597
689
446
486
563
899
915
926
767
960
926
827
1041
949
1054
962
1230
942
872
557
973
854
980
858
820
933
780
845
825
861
1007
800
1054
854
973
625
493
250
209
162
169
155
128
101
101
95
165
426
628
466
405
266
345
304
237
175
155
141
169
216
232
284
277
284
297
223
230
219
189
209
175
115
141
155
175
216
175
175
182
138
135
101
115
95
67
81
67
47
67
108
88
54
40
33
67
74
95
81
27
54
81
54
40
40
40
40
40
40
40
33
27
50
182
169
304
432
541
577
635
547
432
388
358
419
541
563
561
412
439
527
733
662
787
926
541
523
926
763
611
973
460
516
378
250
209
182
88
61
101
108
47
496
1670
1612
1361
1233
1433
1442
953
888
1169
563
621
933
767
1176
1213
1355
1659
1690
1591
1355
1429
1555
1530
1206
1338
1132
1422
1710
1064
1199
1575
1355
1557
1571
1440
1449
1584
304
1895
1422
1629
1618
1314
1618
1818
1767
1686
1693
1679
1436
1426
1361
1665
1487
1043
1300
1767
1811
1523
1375
1713
1713
1352
983
1672
1122
1490
1571
1888
1946
1550
1510
1206
1311
1024
1413
1274
1618
1598
1740
1791
1564
1693
1652
1395
1649
1605
1544
1470
1466
1043
966
699
318
534
825
604
331
27
27
27
27
27
27
27
27
27
27
27
27
20
20
27
27
27
27
27
27
20
20
20
20
20
20
20
20
20
20
20
20
20
20
20
20
20
20
20
20
20
20
20
20
20
20
20
20
16
27
40
27
27
27
27
27
27
27
20
27
27
27
27
27
33
40
345
1187
498
1088
773
750
818
591
750
318
108
47
95
368
1061
854
986
865
739
750
705
892
818
652
892
854
993
912
895
1020
868
858
658
1014
996
1082
767
1007
990
1237
1010
1372
1287
1185
1291
909
561
6
919
780
1277
996
426
1659
1314
1379
1125
1504
1555
1213
1429
1514
1226
1213
1142
928
825
642
550
696
534
534
368
581
621
405
300
405
392
277
324
223
74
162
151
237
209
270
203
169
121
121
162
135
169
151
95
88
385
284
318
256
128
196
230
124
446
385
101
196
101
81
1560
1054
825
1061
800
993
1084
797
419
253
250
364
250
297
277
263
219
351
256
290
527
577
784
602
633
498
777
649
388
230
141
209
141
256
588
692
1358
1348
1456
1325
922
818
767
1082
1098
926
500
361
237
513
942
1480
1226
1544
1737
1098
1003
1082
1111
1169
685
460
311
81
1442
480
439
655
503
628
1402
1693
1676
1442
1260
1386
1267
1059
1100
1368
851
922
1751
1043
953
976
872
402
513
561
834
615
237
534
976
1331
1118
1183
1010
1091
1115
1104
1264
1145
1331
1213
1226
1020
733
1082
962
1027
561
388
635
621
541
645
1027
861
628
547
557
892
527
520
1098
1118
791
581
544
689
568
689
618
912
733
940
825
408
621
797
719
885
983
1027
760
1000
1098
1054
996
710
628
814
1054
909
986
364
304
395
547
527
719
1271
1050
1149
962
763
770
429
1007
649
658
825
658
878
906
604
703
797
1010
1598
1523
1440
1077
919
928
1108
767
1101
1226
1122
1389
1064
919
608
767
1203
1185
1197
665
1000
962
1243
1408
1578
1429
1209
1199
1638
1156
895
581
878
1071
1497
1507
1408
1571
1605
1886
1395
1537
1226
1663
1997
1773
1199
1463
1413
1983
2355
2145
2223
2443
2565
2761
2351
2001
1922
2155
2139
1902
2030
1953
1699
1598
1760
1807
1773
1544
1636
1950
2206
2071
1267
561
503
851
1075
1226
1429
1557
1710
1584
1672
1686
1389
1920
1740
1213
750
983
1679
1741
1276
1382
1395
1345
922
1787
1980
1523
1625
1713
1929
1557
1649
1442
1091
1331
1247
1327
2098
2003
1760
1798
1584
1828
1963
1773
1835
1943
1740
1740
1433
1314
1321
1555
1841
1821
1618
2301
1307
1061
922
1250
631
1048
683
699
1544
1922
1176
1314
1473
895
1213
2051
2003
2092
2017
1963
1751
1544
1497
2470
2389
1990
1632
1334
1264
1368
1530
2030
1557
1922
2024
2024
2037
1785
1807
1537
1740
1665
1413
1571
1841
2227
2342
2051
2270
2024
2037
1906
1584
1348
1300
1466
1199
1300
1588
1490
1226
1528
922
1115
1104
1307
1534
1321
1051
1406
1111
1399
848
1142
875
1300
1413
1280
1355
1723
1206
1300
1730
1483
1449
1584
1659
1703
1219
1132
1487
969
1579
1330
1293
1429
1636
1442
1280
1676
1145
1091
878
969
980
784
773
1088
841
1250
969
946
645
899
1138
1406
1314
1034
1024
1098
1190
962
1163
1145
1101
996
1420
1253
1172
1447
1361
1415
1507
1043
1125
1142
1077
1683
1389
1219
1550
1358
1267
1470
1581
1213
1206
1325
1226
1442
1703
868
1476
1487
1408
1152
1392
1368
1287
1447
1321
1321
1528
1490
1361
1528
1321
1280
1841
1862
1780
1760
1940
1794
1754
1693
1584
1747
1679
1970
1913
1787
1862
1713
1869
1794
1625
1740
1888
1859
1888
1821
1537
1152
1284
1145
1591
1888
1920
1801
1767
1632
1713
1598
1713
1622
881
919
780
1190
739
804
635
604
1034
1293
1615
1327
1043
1528
1422
1422
1389
1277
1077
1156
895
1433
1422
1280
1420
1226
1024
1562
1300
1280
1420
1213
1233
1413
1213
1422
1507
1408
1463
1372
1334
1523
1530
1676
1483
1368
1523
1528
1375
1253
1629
1456
1483
1395
1602
1584
1470
1504
1609
1334
1226
953
669
665
784
780
899
865
848
1095
976
1095
983
1271
1132
942
960
811
381
243
297
480
81
1199
892
753
547
574
655
597
689
446
486
563
899
915
926
767
960
926
827
1041
949
1054
962
1230
942
872
557
973
854
980
858
820
933
780
845
825
861
1007
800
1054
854
973
625
493
250
209
162
169
155
128
101
101
95
165
426
628
466
405
266
345
304
237
175
155
141
169
216
232
284
277
284
297
223
230
219
189
209
175
115
141
155
175
216
175
175
182
138
135
101
115
95
67
81
67
47
67
108
88
54
40
33
67
74
95
81
27
54
81
54
40
40
40
40
40
40
40
33
27
50
182
169
304
432
541
577
635
547
432
388
358
419
541
563
561
412
439
527
733
662
787
926
541
523
926
763
611
973
460
516
378
250
209
182
88
61
101
108
47
496
1670
1612
1361
1233
1433
1442
953
888
1169
563
621
933
767
1176
1213
1355
1659
1690
1591
1355
1429
1555
1530
1206
1338
1132
1422
1710
1064
1199
1575
1355
1557
1571
1440
1449
1584
304
1895
1422
1629
1618
1314
1618
1818
1767
1686
1693
1679
1436
1426
1361
1665
1487
1043
1300
1767
1811
1523
1375
1713
1713
1352
983
1672
1122
1490
1571
1888
1946
1550
1510
1206
1311
1024
1413
1274
1618
1598
1740
1791
1564
1693
1652
1395
1649
1605
1544
1470
1466
1043
966
699
318
534
825
604
331
27
27
27
27
27
27
27
27
27
27
27
27
20
20
27
27
27
27
27
27
20
20
20
20
20
20
20
20
20
20
20
20
20
20
20
20
20
20
20
20
20
20
20
20
20
20
20
20
16
27
40
27
27
27
27
27
27
27
20
27
27
27
27
27
33
40
345
1187
498
1088
773
750
818
591
750
318
108
47
95
368
1061
854
986
865
739
750
705
892
818
652
892
854
993
912
895
1020
868
858
658
1014
996
1082
767
1007
990
1237
1010
1372
1287
1185
1291
909
561
6
919
780
1277
996
426
1659
1314
1379
1125
1504
1555
1213
1429
1514
1226
1213
1142
928
825
642
550
696
534
534
368
581
621
405
300
405
392
277
324
223
74
162
151
237
209
270
203
169
121
121
162
135
169
151
95
88
385
284
318
256
128
196
230
124
446
385
101
196
101
81
1560
1054
825
1061
800
993
1084
797
419
253
250
364
250
297
277
263
219
351
256
290
527
577
784
602
633
498
777
649
388
230
141
209
141
256
588
692
1358
1348
1456
1325
922
818
767
1082
1098
926
500
361
237
513
942
1480
1226
1544
1737
1098
1003
1082
1111
1169
685
460
311
81
1442
480
439
655
503
628
1402
1693
1676
1442
1260
1386
1267
1059
1100
1368
851
922
1751
1043
953
976
872
402
513
561
834
615
237
534
976
1331
1118
1183
1010
1091
1115
1104
1264
1145
1331
1213
1226
1020
733
1082
962
1027
561
388
635
621
541
645
1027
861
628
547
557
892
527
520
1098
1118
791
581
544
689
568
689
618
912
733
940
825
408
621
797
719
885
983
1027
760
1000
1098
1054
996
710
628
814
1054
909
986
364
304
395
547
527
719
1271
1050
1149
962
763
770
429
1007
649
658
825
658
878
906
604
703
797
1010
1598
1523
1440
1077
919
928
1108
767
1101
1226
1122
1389
1064
919
608
767
1203
1185
1197
665
1000
962
1243
1408
1578
1429
1209
1199
1638
1156
895
581
878
1071
1497
1507
1408
1571
1605
1886
1395
1537
1226
1663
1997
1773
1199
1463
1413
1983
2355
2145
2223
2443
2565
2761
2351
2001
1922
2155
2139
1902
2030
1953
1699
1598
1760
1807
1773
1544
1636
1950
2206
2071
1267
561
503
851
1075
1226
1429
1557
1710
1584
1672
1686
1389
1920
1740
1213
750
983
1679
1741
1276
1382
1395
1345
922
1787
1980
1523
1625
1713
1929
1557
1649
1442
1091
1331
1247
1327
2098
2003
1760
1798
1584
1828
1963
1773
1835
1943
1740
1740
1433
1314
1321
1555
1841
1821
1618
2301
1307
1061
922
1250
631
1048
683
699
1544
1922
1176
1314
1473
895
1213
2051
2003
2092
2017
1963
1751
1544
1497
2470
2389
1990
1632
1334
1264
1368
1530
2030
1557
1922
2024
2024
2037
1785
1807
1537
1740
1665
1413
1571
1841
2227
2342
2051
2270
2024
2037
1906
1584
1348
1300
1466
1199
1300
1588
1490
1226
1528
922
1115
1104
1307
1534
1321
1051
1406
1111
1399
848
1142
875
1300
1413
1280
1355
1723
1206
1300
1730
1483
1449
1584
1659
1703
1219
1132
1487
969
1579
1330
1293
1429
1636
1442
1280
1676
1145
1091
878
969
980
784
773
1088
841
1250
969
946
645
899
1138
1406
1314
1034
1024
1098
1190
962
1163
1145
1101
996
1420
1253
1172
1447
1361
1415
1507
1043
1125
1142
1077
1683
1389
1219
1550
1358
1267
1470
1581
1213
1206
1325
1226
1442
1703
868
1476
1487
1408
1152
1392
1368
1287
1447
1321
1321
1528
1490
1361
1528
1321
1280
