985
1075
1008
1075
1076
986
972
973
850
826
806
829
886
657
755
558
517
652
486
549
480
300
200
271
29
1497
648
732
573
690
747
695
472
269
494
374
249
344
212
289
341
179
143
326
521
716
788
750
651
549
444
242
202
172
110
146
315
246
337
349
271
146
143
155
194
146
168
198
150
102
135
179
77
77
99
88
88
121
132
201
315
293
227
227
216
194
128
84
81
95
121
121
99
143
113
139
143
125
87
150
227
282
44
467
117
128
256
249
238
97
121
102
99
139
95
95
29
36
36
36
33
36
40
36
33
29
29
14
22
172
187
132
106
154
113
55
22
69
117
77
77
99
69
48
44
245
29
51
33
7
205
193
110
80
48
40
51
69
95
73
91
99
62
3
84
106
139
198
146
110
48
135
77
82
91
322
59
125
117
187
113
117
88
134
176
106
128
80
80
432
476
612
519
454
212
69
88
128
102
135
77
117
66
44
66
66
84
102
125
146
128
11
11
7
7
7
7
7
7
7
7
7
11
14
11
11
7
7
3
7
17
491
721
696
584
663
593
846
660
702
791
731
719
667
798
674
511
692
521
597
223
806
512
504
644
681
519
655
839
560
352
143
173
113
66
33
36
36
36
36
40
40
40
36
36
40
40
36
36
36
36
36
36
36
40
36
126
399
417
535
433
637
784
860
971
545
432
947
1043
901
602
643
663
455
595
714
554
615
462
531
592
329
99
99
238
223
132
91
11
14
14
22
14
14
14
14
14
14
14
11
22
22
18
11
7
11
7
3
22
29
48
33
40
36
36
36
51
5
33
51
44
48
36
51
48
44
44
36
48
36
51
36
36
55
33
36
44
125
14
8
33
51
48
51
62
44
22
48
33
7
22
25
18
22
3
11
261
583
640
751
712
798
603
610
714
760
711
726
817
564
547
619
769
861
640
689
644
491
410
44
832
487
439
546
499
557
357
322
358
125
231
286
351
329
282
322
344
322
379
359
187
293
472
333
263
80
69
216
135
319
110
165
373
527
375
597
342
363
344
353
359
267
429
461
491
460
370
278
263
107
179
146
88
263
341
278
132
363
311
271
150
73
95
200
201
344
381
168
110
180
194
245
267
88
66
80
33
29
125
271
168
194
66
18
212
253
117
93
77
84
44
33
55
36
40
40
40
36
40
44
36
40
40
40
3
323
500
749
702
727
613
590
509
633
557
948
674
956
1244
1375
642
978
874
937
1128
821
915
585
820
1054
853
726
989
1050
988
1115
883
1099
1329
1361
1138
1260
1170
1227
1120
1231
1434
1185
1031
1670
1189
1500
1168
1355
1392
1324
1379
1262
1218
1026
1061
595
1227
1165
1317
1412
1465
1606
1325
1453
1286
1029
1046
1153
1114
1548
1157
1050
1194
1137
1371
1348
1149
1010
1358
1119
1428
238
22
22
97
918
1369
1186
1075
868
730
747
886
653
920
1255
1045
864
796
1022
539
853
608
967
763
1007
560
718
470
773
744
759
736
899
1288
1220
943
1304
1460
1564
1371
1074
919
995
1122
723
1102
1297
1419
1090
1025
1405
1533
1448
1517
1540
1424
1304
1409
1478
1438
1328
1137
1372
1224
1468
1168
1548
1176
1419
1053
1293
1120
1521
1447
1341
1529
1422
1205
1546
1072
1451
1396
1471
1484
1385
1060
1377
1172
1419
1347
1523
1258
1204
1533
1535
600
1187
1554
1600
1517
1215
1493
1309
1193
1106
1046
1286
1271
1129
1573
1446
1334
1047
895
1279
1007
843
1369
1075
1235
1240
1218
80
2094
757
963
975
1265
1123
1205
1409
1222
959
912
817
1221
1448
1225
1363
879
714
758
936
781
1267
1154
1055
795
784
457
608
648
954
711
47
2089
1033
954
1264
561
627
662
880
978
604
663
562
700
77
311
392
352
324
494
425
432
542
332
601
590
186
2110
924
959
593
403
467
760
949
676
711
732
520
691
773
688
640
544
603
541
539
421
470
423
597
589
535
494
559
647
722
727
694
721
695
476
325
502
776
872
623
612
470
668
597
714
542
755
875
682
1007
720
934
697
523
341
593
550
493
711
490
604
589
726
622
512
260
733
738
542
784
844
835
1019
789
511
275
444
573
818
681
987
1238
899
954
698
1130
702
1056
703
1082
1219
935
1176
901
1302
934
1075
1152
1331
878
1308
1214
1315
1227
650
1095
894
1145
957
1102
877
1092
1099
811
1102
1049
1213
1174
1058
1186
827
1047
888
765
929
809
642
610
1037
1068
977
821
982
1018
1019
525
651
715
714
1014
896
1110
862
1060
979
583
597
1235
1229
1130
1228
1102
1232
1242
808
937
1249
1133
767
1231
924
921
1077
951
1324
772
1090
1022
941
656
574
916
623
1101
1200
1185
1293
1292
883
1074
865
1155
983
1158
1160
952
919
962
1105
1107
1261
1111
916
685
692
936
539
749
791
696
768
685
895
655
824
903
708
868
817
819
803
948
809
763
890
841
940
944
1332
1372
1045
1429
1375
1052
1058
1047
1137
1050
877
1536
1116
1279
1260
1108
1367
1088
1380
1077
1131
1016
1046
1071
1038
1301
1037
1134
1035
1397
1377
1087
1468
1224
794
990
1015
1027
1129
1077
1093
1003
1226
1412
1356
1267
1365
1288
1152
1315
1258
965
1215
1239
648
636
686
948
947
981
1354
1407
1239
1052
1011
997
1144
1013
924
443
688
702
676
533
864
1024
970
739
837
853
872
746
755
937
914
660
1061
1064
843
1114
603
1131
655
805
853
967
921
1025
1337
1115
1086
1149
1178
1150
645
886
758
742
1077
1011
937
1103
1412
1398
1321
1560
1415
1315
1413
99
2174
732
831
811
778
821
549
480
692
984
752
1327
1403
1325
1396
1376
1021
44
970
905
940
1146
1051
1099
1068
1119
445
892
959
1016
1068
1223
1075
1055
985
1075
1008
1075
1076
986
972
973
850
826
806
829
886
657
755
558
517
652
486
549
480
300
200
271
29
1497
648
732
573
690
747
695
472
269
494
374
249
344
212
289
341
179
143
326
521
716
788
750
651
549
444
242
202
172
110
146
315
246
337
349
271
146
143
155
194
146
168
198
150
102
135
179
77
77
99
88
88
121
132
201
315
293
227
227
216
194
128
84
81
95
121
121
99
143
113
139
143
125
87
150
227
282
44
467
117
128
256
249
238
97
121
102
99
139
95
95
29
36
36
36
33
36
40
36
33
29
29
14
22
172
187
132
106
154
113
55
22
69
117
77
77
99
69
48
44
245
29
51
33
7
205
193
110
80
48
40
51
69
95
73
91
99
62
3
84
106
139
198
146
110
48
135
77
82
91
322
59
125
117
187
113
117
88
134
176
106
128
80
80
432
476
612
519
454
212
69
88
128
102
135
77
117
66
44
66
66
84
102
125
146
128
11
11
7
7
7
7
7
7
7
7
7
11
14
11
11
7
7
3
7
17
491
721
696
584
663
593
846
660
702
791
731
719
667
798
674
511
692
521
597
223
806
512
504
644
681
519
655
839
560
352
143
173
113
66
33
36
36
36
36
40
40
40
36
36
40
40
36
36
36
36
36
36
36
40
36
126
399
417
535
433
637
784
860
971
545
432
947
1043
901
602
643
663
455
595
714
554
615
462
531
592
329
99
99
238
223
132
91
11
14
14
22
14
14
14
14
14
14
14
11
22
22
18
11
7
11
7
3
22
29
48
33
40
36
36
36
51
5
33
51
44
48
36
51
48
44
44
36
48
36
51
36
36
55
33
36
44
125
14
8
33
51
48
51
62
44
22
48
33
7
22
25
18
22
3
11
261
583
640
751
712
798
603
610
714
760
711
726
817
564
547
619
769
861
640
689
644
491
410
44
832
487
439
546
499
557
357
322
358
125
231
286
351
329
282
322
344
322
379
359
187
293
472
333
263
80
69
216
135
319
110
165
373
527
375
597
342
363
344
353
359
267
429
461
491
460
370
278
263
107
179
146
88
263
341
278
132
363
311
271
150
73
95
200
201
344
381
168
110
180
194
245
267
88
66
80
33
29
125
271
168
194
66
18
212
253
117
93
77
84
44
33
55
36
40
40
40
36
40
44
36
40
40
40
3
323
500
749
702
727
613
590
509
633
557
948
674
956
1244
1375
642
978
874
937
1128
821
915
585
820
1054
853
726
989
1050
988
1115
883
1099
1329
1361
1138
1260
1170
1227
1120
1231
1434
1185
1031
1670
1189
1500
1168
1355
1392
1324
1379
1262
1218
1026
1061
595
1227
1165
1317
1412
1465
1606
1325
1453
1286
1029
1046
1153
1114
1548
1157
1050
1194
1137
1371
1348
1149
1010
1358
1119
1428
238
22
22
97
918
1369
1186
1075
868
730
747
886
653
920
1255
1045
864
796
1022
539
853
608
967
763
1007
560
718
470
773
744
759
736
899
1288
1220
943
1304
1460
1564
1371
1074
919
995
1122
723
1102
1297
1419
1090
1025
1405
1533
1448
1517
1540
1424
1304
1409
1478
1438
1328
1137
1372
1224
1468
1168
1548
1176
1419
1053
1293
1120
1521
1447
1341
1529
1422
1205
1546
1072
1451
1396
1471
1484
1385
1060
1377
1172
1419
1347
1523
1258
1204
1533
1535
600
1187
1554
1600
1517
1215
1493
1309
1193
1106
1046
1286
1271
1129
1573
1446
1334
1047
895
1279
1007
843
1369
1075
1235
1240
1218
80
2094
757
963
975
1265
1123
1205
1409
1222
959
912
817
1221
1448
1225
1363
879
714
758
936
781
1267
1154
1055
795
784
457
608
648
954
711
47
2089
1033
954
1264
561
627
662
880
978
604
663
562
700
77
311
392
352
324
494
425
432
542
332
601
590
186
2110
924
959
593
403
467
760
949
676
711
732
520
691
773
688
640
544
603
541
539
421
470
423
597
589
535
494
559
647
722
727
694
721
695
476
325
502
776
872
623
612
470
668
597
714
542
755
875
682
1007
720
934
697
523
341
593
550
493
711
490
604
589
726
622
512
260
733
738
542
784
844
835
1019
789
511
275
444
573
818
681
987
1238
899
954
698
1130
702
1056
703
1082
1219
935
1176
901
1302
934
1075
1152
1331
878
1308
1214
1315
1227
650
1095
894
1145
957
1102
877
1092
1099
811
1102
1049
1213
1174
1058
1186
827
1047
888
765
929
809
642
610
1037
1068
977
821
982
1018
1019
525
651
715
714
1014
896
1110
862
1060
979
583
597
1235
1229
1130
1228
1102
1232
1242
808
937
1249
1133
767
1231
924
921
1077
951
1324
772
1090
1022
941
656
574
916
623
1101
1200
1185
1293
1292
883
1074
865
1155
983
1158
1160
952
919
962
1105
1107
1261
1111
916
685
692
936
539
749
791
696
768
685
895
655
824
903
708
868
817
819
803
948
809
763
890
841
940
944
1332
1372
1045
1429
1375
1052
1058
1047
1137
1050
877
1536
1116
1279
1260
1108
1367
1088
1380
1077
1131
1016
1046
1071
1038
1301
1037
1134
1035
1397
1377
1087
1468
1224
794
990
1015
1027
1129
1077
1093
1003
1226
1412
1356
1267
1365
1288
1152
1315
1258
965
1215
1239
648
636
686
948
947
981
1354
1407
1239
1052
1011
997
1144
1013
924
443
688
702
676
533
864
1024
970
739
837
853
872
746
755
937
914
660
1061
1064
843
1114
603
1131
655
805
853
967
921
1025
1337
1115
1086
1149
1178
1150
645
886
758
742
1077
1011
937
1103
1412
1398
1321
1560
1415
1315
1413
99
2174
732
831
811
778
821
549
480
692
984
752
1327
1403
1325
1396
1376
1021
44
970
905
940
1146
1051
1099
1068
1119
445
892
959
1016
1068
1223
1075
1055
985
1075
1008
1075
1076
986
972
973
850
826
806
829
886
657
755
558
517
652
486
549
480
300
200
271
29
1497
648
732
573
690
747
695
472
269
494
374
249
344
212
289
341
179
143
326
521
716
788
750
651
549
444
242
202
172
110
146
315
246
337
349
271
146
143
155
194
146
168
198
150
102
135
179
77
77
99
88
88
121
132
201
315
293
227
227
216
194
128
84
81
95
121
121
99
143
113
139
143
125
87
150
227
282
44
467
117
128
256
249
238
97
121
102
99
139
95
95
29
36
36
36
33
36
40
36
33
29
29
14
22
172
187
132
106
154
113
55
22
69
117
77
77
99
69
48
44
245
29
51
33
7
205
193
110
80
48
40
51
69
95
73
91
99
62
3
84
106
139
198
146
110
48
135
77
82
91
322
59
125
117
187
113
117
88
134
176
106
128
80
80
432
476
612
519
454
212
69
88
128
102
135
77
117
66
44
66
66
84
102
125
146
128
11
11
7
7
7
7
7
7
7
7
7
11
14
11
11
7
7
3
7
17
491
721
696
584
663
593
846
660
702
791
731
719
667
798
674
511
692
521
597
223
806
512
504
644
681
519
655
839
560
352
143
173
113
66
33
36
36
36
36
40
40
40
36
36
40
40
36
36
36
36
36
36
36
40
36
126
399
417
535
433
637
784
860
971
545
432
947
1043
901
602
643
663
455
595
714
554
615
462
531
592
329
99
99
238
223
132
91
11
14
14
22
14
14
14
14
14
14
14
11
22
22
18
11
7
11
7
3
22
29
48
33
40
36
36
36
51
5
33
51
44
48
36
51
48
44
44
36
48
36
51
36
36
55
33
36
44
125
14
8
33
51
48
51
62
44
22
48
33
7
22
25
18
22
3
11
261
583
640
751
712
798
603
610
714
760
711
726
817
564
547
619
769
861
640
689
644
491
410
44
832
487
439
546
499
557
357
322
358
125
231
286
351
329
282
322
344
322
379
359
187
293
472
333
263
80
69
216
135
319
110
165
373
527
375
597
342
363
344
353
359
267
429
461
491
460
370
278
263
107
179
146
88
263
341
278
132
363
311
271
150
73
95
200
201
344
381
168
110
180
194
245
267
88
66
80
33
29
125
271
168
194
66
18
212
253
117
93
77
84
44
33
55
36
40
40
40
36
40
44
36
40
40
40
3
323
500
749
702
727
613
590
509
633
557
948
674
956
1244
1375
642
978
874
937
1128
821
915
585
820
1054
853
726
989
1050
988
1115
883
1099
1329
1361
1138
1260
1170
1227
1120
1231
1434
1185
1031
1670
1189
1500
1168
1355
1392
1324
1379
1262
1218
1026
1061
595
1227
1165
1317
1412
1465
1606
1325
1453
1286
1029
1046
1153
1114
1548
1157
1050
1194
1137
1371
1348
1149
1010
1358
1119
1428
238
22
22
97
918
1369
1186
1075
868
730
747
886
653
920
1255
1045
864
796
1022
539
853
608
967
763
1007
560
718
470
773
744
759
736
899
1288
1220
943
1304
1460
1564
1371
1074
919
995
1122
723
1102
1297
1419
1090
1025
1405
1533
1448
1517
1540
1424
1304
1409
1478
1438
1328
1137
1372
1224
1468
1168
1548
1176
1419
1053
1293
1120
1521
1447
1341
1529
1422
1205
1546
1072
1451
1396
1471
1484
1385
1060
1377
1172
1419
1347
1523
1258
1204
1533
1535
600
1187
1554
1600
1517
1215
1493
1309
1193
1106
1046
1286
1271
1129
1573
1446
1334
1047
895
1279
1007
843
1369
1075
1235
1240
1218
80
2094
757
963
975
1265
1123
1205
1409
1222
959
912
817
1221
1448
1225
1363
879
714
758
936
781
1267
1154
1055
795
784
457
608
648
954
711
47
2089
1033
954
1264
561
627
662
880
978
604
663
562
700
77
311
392
352
324
494
425
432
542
332
601
590
186
2110
924
959
593
403
467
760
949
676
711
732
520
691
773
688
640
544
603
541
539
421
470
423
597
589
535
494
559
647
722
727
694
721
695
476
325
502
776
872
623
612
470
668
597
714
542
755
875
682
1007
720
934
697
523
341
593
550
493
711
490
604
589
726
622
512
260
733
738
542
784
844
835
