236
389
236
286
262
270
324
289
313
315
269
213
308
224
324
327
141
296
245
279
330
280
274
290
294
324
289
327
345
260
376
306
365
272
260
249
355
338
352
161
303
265
302
267
312
366
324
194
244
319
281
221
308
241
334
383
263
267
348
329
303
344
268
284
313
283
309
257
243
204
294
225
134
43
168
145
147
171
205
222
199
180
155
153
202
262
207
254
295
296
264
255
267
275
204
255
244
218
229
246
218
225
223
25
68
68
94
105
175
298
223
285
287
242
286
275
271
250
253
219
255
299
330
242
266
253
278
268
281
216
252
250
281
295
346
243
210
209
206
187
233
209
179
184
206
223
235
269
140
224
198
263
209
317
253
192
233
232
252
278
232
277
217
214
262
213
188
211
138
95
76
172
217
172
134
194
127
166
121
74
214
42
107
173
190
219
215
201
223
170
214
313
339
294
131
70
98
113
139
60
95
201
241
234
228
226
259
275
286
270
217
150
240
259
267
285
209
226
215
201
183
226
260
219
270
256
165
107
110
149
146
144
90
94
121
159
138
92
21
90
98
90
210
177
196
213
231
187
140
112
100
128
147
167
198
159
137
25
90
36
3
117
59
29
199
197
246
232
190
156
176
162
136
100
61
81
98
77
81
145
170
217
184
191
184
198
162
172
143
186
137
210
302
232
316
250
336
295
310
308
316
300
294
174
299
258
339
309
306
266
309
342
210
225
294
288
290
334
370
388
317
183
190
183
200
237
268
319
263
379
273
320
319
338
303
273
294
303
305
293
323
215
302
261
292
185
191
142
147
131
187
207
195
174
194
156
205
166
194
173
196
223
199
203
179
170
196
232
235
262
307
296
259
329
296
260
299
290
240
308
260
285
360
337
253
183
211
216
259
309
305
253
228
229
199
172
178
213
149
171
185
223
134
132
87
65
53
37
32
36
51
89
80
87
64
72
54
59
53
45
53
48
97
37
38
32
74
80
112
34
55
97
114
130
132
91
93
120
136
147
152
130
155
129
164
138
102
150
154
132
122
155
118
122
97
57
68
72
59
88
123
198
164
154
115
146
120
100
75
74
30
42
38
38
53
40
61
31
164
80
25
92
95
83
96
144
127
110
101
127
99
118
136
113
107
85
106
100
128
123
97
122
160
154
203
190
182
164
132
167
160
173
209
179
161
205
162
170
165
214
202
174
174
172
192
199
232
139
339
258
334
147
207
140
214
207
128
149
104
144
134
127
111
126
126
128
134
198
314
230
326
267
215
138
107
189
164
163
176
155
211
191
184
226
197
172
201
208
183
161
172
200
207
194
174
180
137
237
220
227
139
162
269
223
220
230
221
171
243
215
153
190
222
195
211
193
199
257
183
153
168
150
41
63
74
60
46
24
86
32
48
42
63
36
30
10
10
21
70
43
36
44
47
68
62
76
95
110
112
70
143
191
155
145
144
72
81
119
71
83
89
74
28
63
29
55
120
134
118
143
119
172
146
146
156
138
87
52
110
118
59
57
59
51
172
174
197
269
182
236
190
149
202
228
256
194
206
205
136
183
191
152
129
215
188
267
226
201
192
134
159
204
208
191
122
140
146
177
193
197
232
191
133
211
214
185
101
129
165
154
203
181
156
170
138
181
191
165
194
158
240
160
138
110
124
156
169
150
128
110
105
92
104
100
129
122
74
150
114
114
144
154
141
143
155
220
112
84
96
129
115
103
120
110
91
113
145
202
209
167
95
162
177
136
93
108
147
159
167
139
157
145
132
92
110
140
132
175
198
131
157
150
210
211
203
196
160
180
128
167
170
159
167
97
122
98
144
92
83
128
132
176
135
136
138
100
142
143
132
98
74
109
114
119
120
117
141
120
101
135
137
162
162
97
81
161
134
163
131
120
162
125
112
87
69
90
96
80
107
106
106
115
102
108
76
118
92
76
54
65
65
59
53
91
107
125
134
89
57
73
70
52
100
110
127
118
77
78
95
78
46
42
46
59
72
65
47
30
38
25
103
61
61
53
55
20
21
36
30
33
36
32
30
40
38
44
29
48
38
19
25
24
44
30
53
97
71
79
61
34
40
21
23
17
10
7
13
27
19
17
13
8
7
13
10
10
17
10
15
21
35
32
27
16
27
21
8
51
19
17
6
90
48
18
13
8
10
10
15
17
22
113
126
224
174
111
113
92
59
62
107
83
89
87
99
98
86
65
100
118
130
175
150
192
219
219
191
156
209
229
184
174
176
175
161
161
138
71
93
157
231
163
133
158
150
61
101
83
106
54
72
104
194
127
172
123
151
135
173
255
242
216
199
161
230
204
111
38
52
51
43
46
35
150
179
169
147
117
134
154
139
134
119
180
212
221
142
178
208
255
228
293
212
323
272
255
244
174
207
229
245
243
237
231
227
247
222
191
221
177
205
188
212
214
118
173
209
147
159
189
153
167
129
128
112
91
63
99
75
103
94
197
172
166
164
187
266
134
78
71
101
47
57
41
40
53
49
38
32
23
10
74
129
78
107
82
72
34
88
191
181
188
193
214
213
217
233
259
203
254
218
170
175
94
101
203
199
196
187
166
139
166
164
190
173
155
138
260
190
207
225
242
199
274
222
292
124
181
162
254
239
197
285
199
205
183
196
208
224
267
244
228
234
220
185
222
256
203
177
223
215
199
194
211
304
205
131
185
230
139
143
160
115
229
282
226
97
163
102
130
68
144
103
168
112
179
130
191
165
152
176
163
180
171
154
69
108
108
79
171
177
184
230
221
225
220
184
221
211
197
181
192
193
197
191
179
200
206
186
206
207
187
201
192
191
214
225
157
215
218
162
235
149
237
245
205
213
207
226
141
244
235
212
118
175
182
220
221
222
156
104
191
42
55
83
98
119
123
132
139
155
169
30
236
389
236
286
262
270
324
289
313
315
269
213
308
224
324
327
141
296
245
279
330
280
274
290
294
324
289
327
345
260
376
306
365
272
260
249
355
338
352
161
303
265
302
267
312
366
324
194
244
319
281
221
308
241
334
383
263
267
348
329
303
344
268
284
313
283
309
257
243
204
294
225
134
43
168
145
147
171
205
222
199
180
155
153
202
262
207
254
295
296
264
255
267
275
204
255
244
218
229
246
218
225
223
25
68
68
94
105
175
298
223
285
287
242
286
275
271
250
253
219
255
299
330
242
266
253
278
268
281
216
252
250
281
295
346
243
210
209
206
187
233
209
179
184
206
223
235
269
140
224
198
263
209
317
253
192
233
232
252
278
232
277
217
214
262
213
188
211
138
95
76
172
217
172
134
194
127
166
121
74
214
42
107
173
190
219
215
201
223
170
214
313
339
294
131
70
98
113
139
60
95
201
241
234
228
226
259
275
286
270
217
150
240
259
267
285
209
226
215
201
183
226
260
219
270
256
165
107
110
149
146
144
90
94
121
159
138
92
21
90
98
90
210
177
196
213
231
187
140
112
100
128
147
167
198
159
137
25
90
36
3
117
59
29
199
197
246
232
190
156
176
162
136
100
61
81
98
77
81
145
170
217
184
191
184
198
162
172
143
186
137
210
302
232
316
250
336
295
310
308
316
300
294
174
299
258
339
309
306
266
309
342
210
225
294
288
290
334
370
388
317
183
190
183
200
237
268
319
263
379
273
320
319
338
303
273
294
303
305
293
323
215
302
261
292
185
191
142
147
131
187
207
195
174
194
156
205
166
194
173
196
223
199
203
179
170
196
232
235
262
307
296
259
329
296
260
299
290
240
308
260
285
360
337
253
183
211
216
259
309
305
253
228
229
199
172
178
213
149
171
185
223
134
132
87
65
53
37
32
36
51
89
80
87
64
72
54
59
53
45
53
48
97
37
38
32
74
80
112
34
55
97
114
130
132
91
93
120
136
147
152
130
155
129
164
138
102
150
154
132
122
155
118
122
97
57
68
72
59
88
123
198
164
154
115
146
120
100
75
74
30
42
38
38
53
40
61
31
164
80
25
92
95
83
96
144
127
110
101
127
99
118
136
113
107
85
106
100
128
123
97
122
160
154
203
190
182
164
132
167
160
173
209
179
161
205
162
170
165
214
202
174
174
172
192
199
232
139
339
258
334
147
207
140
214
207
128
149
104
144
134
127
111
126
126
128
134
198
314
230
326
267
215
138
107
189
164
163
176
155
211
191
184
226
197
172
201
208
183
161
172
200
207
194
174
180
137
237
220
227
139
162
269
223
220
230
221
171
243
215
153
190
222
195
211
193
199
257
183
153
168
150
41
63
74
60
46
24
86
32
48
42
63
36
30
10
10
21
70
43
36
44
47
68
62
76
95
110
112
70
143
191
155
145
144
72
81
119
71
83
89
74
28
63
29
55
120
134
118
143
119
172
146
146
156
138
87
52
110
118
59
57
59
51
172
174
197
269
182
236
190
149
202
228
256
194
206
205
136
183
191
152
129
215
188
267
226
201
192
134
159
204
208
191
122
140
146
177
193
197
232
191
133
211
214
185
101
129
165
154
203
181
156
170
138
181
191
165
194
158
240
160
138
110
124
156
169
150
128
110
105
92
104
100
129
122
74
150
114
114
144
154
141
143
155
220
112
84
96
129
115
103
120
110
91
113
145
202
209
167
95
162
177
136
93
108
147
159
167
139
157
145
132
92
110
140
132
175
198
131
157
150
210
211
203
196
160
180
128
167
170
159
167
97
122
98
144
92
83
128
132
176
135
136
138
100
142
143
132
98
74
109
114
119
120
117
141
120
101
135
137
162
162
97
81
161
134
163
131
120
162
125
112
87
69
90
96
80
107
106
106
115
102
108
76
118
92
76
54
65
65
59
53
91
107
125
134
89
57
73
70
52
100
110
127
118
77
78
95
78
46
42
46
59
72
65
47
30
38
25
103
61
61
53
55
20
21
36
30
33
36
32
30
40
38
44
29
48
38
19
25
24
44
30
53
97
71
79
61
34
40
21
23
17
10
7
13
27
19
17
13
8
7
13
10
10
17
10
15
21
35
32
27
16
27
21
8
51
19
17
6
90
48
18
13
8
10
10
15
17
22
113
126
224
174
111
113
92
59
62
107
83
89
87
99
98
86
65
100
118
130
175
150
192
219
219
191
156
209
229
184
174
176
175
161
161
138
71
93
157
231
163
133
158
150
61
101
83
106
54
72
104
194
127
172
123
151
135
173
255
242
216
199
161
230
204
111
38
52
51
43
46
35
150
179
169
147
117
134
154
139
134
119
180
212
221
142
178
208
255
228
293
212
323
272
255
244
174
207
229
245
243
237
231
227
247
222
191
221
177
205
188
212
214
118
173
209
147
159
189
153
167
129
128
112
91
63
99
75
103
94
197
172
166
164
187
266
134
78
71
101
47
57
41
40
53
49
38
32
23
10
74
129
78
107
82
72
34
88
191
181
188
193
214
213
217
233
259
203
254
218
170
175
94
101
203
199
196
187
166
139
166
164
190
173
155
138
260
190
207
225
242
199
274
222
292
124
181
162
254
239
197
285
199
205
183
196
208
224
267
244
228
234
220
185
222
256
203
177
223
215
199
194
211
304
205
131
185
230
139
143
160
115
229
282
226
97
163
102
130
68
144
103
168
112
179
130
191
165
152
176
163
180
171
154
69
108
108
79
171
177
184
230
221
225
220
184
221
211
197
181
192
193
197
191
179
200
206
186
206
207
187
201
192
191
214
225
157
215
218
162
235
149
237
245
205
213
207
226
141
244
235
212
118
175
182
220
221
222
156
104
191
42
55
83
98
119
123
132
139
155
169
30
236
389
236
286
262
270
324
289
313
315
269
213
308
224
324
327
141
296
245
279
330
280
274
290
294
324
289
327
345
260
376
306
365
272
260
249
355
338
352
161
303
265
302
267
312
366
324
194
244
319
281
221
308
241
334
383
263
267
348
329
303
344
268
284
313
283
309
257
243
204
294
225
134
43
168
145
147
171
205
222
199
180
155
153
202
262
207
254
295
296
264
255
267
275
204
255
244
218
229
246
218
225
223
25
68
68
94
105
175
298
223
285
287
242
286
275
271
250
253
219
255
299
330
242
266
253
278
268
281
216
252
250
281
295
346
243
210
209
206
187
233
209
179
184
206
223
235
269
140
224
198
263
209
317
253
192
233
232
252
278
232
277
217
214
262
213
188
211
138
95
76
172
217
172
134
194
127
166
121
74
214
42
107
173
190
219
215
201
223
170
214
313
339
294
131
70
98
113
139
60
95
201
241
234
228
226
259
275
286
270
217
150
240
259
267
285
209
226
215
201
183
226
260
219
270
256
165
107
110
149
146
144
90
94
121
159
138
92
21
90
98
90
210
177
196
213
231
187
140
112
100
128
147
167
198
159
137
25
90
36
3
117
59
29
199
197
246
232
190
156
176
162
136
100
61
81
98
77
81
145
170
217
184
191
184
198
162
172
143
186
137
210
302
232
316
250
336
295
310
308
316
300
294
174
299
258
339
309
306
266
309
342
210
225
294
288
290
334
370
388
317
183
190
183
200
237
268
319
263
379
273
320
319
338
303
273
294
303
305
293
323
215
302
261
292
185
191
142
147
131
187
207
195
174
194
156
205
166
194
173
196
223
199
203
179
170
196
232
235
262
307
296
259
329
296
260
299
290
240
308
260
285
360
337
253
183
211
216
259
309
305
253
228
229
199
172
178
213
149
171
185
223
134
132
87
65
53
37
32
36
51
89
80
87
64
72
54
59
53
45
53
48
97
37
38
32
74
80
112
34
55
97
114
130
132
91
93
120
136
147
152
130
155
129
164
138
102
150
154
132
122
155
118
122
97
57
68
72
59
88
123
198
164
154
115
146
120
100
75
74
30
42
38
38
53
40
61
31
164
80
25
92
95
83
96
144
127
110
101
127
99
118
136
113
107
85
106
100
128
123
97
122
160
154
203
190
182
164
132
167
160
173
209
179
161
205
162
170
165
214
202
174
174
172
192
199
232
139
339
258
334
147
207
140
214
207
128
149
104
144
134
127
111
126
126
128
134
198
314
230
326
267
215
138
107
189
164
163
176
155
211
191
184
226
197
172
201
208
183
161
172
200
207
194
174
180
137
237
220
227
139
162
269
223
220
230
221
171
243
215
153
190
222
195
211
193
199
257
183
153
168
150
41
63
74
60
46
24
86
32
48
42
63
36
30
10
10
21
70
43
36
44
47
68
62
76
95
110
112
70
143
191
155
145
144
72
81
119
71
83
89
74
28
63
29
55
120
134
118
143
119
172
146
146
156
138
87
52
110
118
59
57
59
51
172
174
197
269
182
236
190
149
202
228
256
194
206
205
136
183
191
152
129
215
188
267
226
201
192
134
159
204
208
191
122
140
146
177
193
197
232
191
133
211
214
185
101
129
165
154
203
181
156
170
138
181
191
165
194
158
240
160
138
110
124
156
169
150
128
110
105
92
104
100
129
122
74
150
114
114
144
154
141
143
155
220
112
84
96
129
115
103
120
110
91
113
145
202
209
167
95
162
177
136
93
108
147
159
167
139
157
145
132
92
110
140
132
175
198
131
157
150
210
211
203
196
160
180
128
167
170
159
167
97
122
98
144
92
83
128
132
176
135
136
138
100
142
143
132
98
74
109
114
119
120
117
141
120
101
135
137
162
162
97
81
161
134
163
131
120
162
125
112
87
69
90
96
80
107
106
106
115
102
108
76
118
92
76
54
65
65
59
53
91
107
125
134
89
57
73
70
52
100
110
127
118
77
78
95
78
46
42
46
59
72
65
47
30
38
25
103
61
61
53
55
20
21
36
30
33
36
32
30
40
38
44
29
48
38
19
25
24
44
30
53
97
71
79
61
34
40
21
23
17
10
7
13
27
19
17
13
8
7
13
10
10
17
10
15
21
35
32
27
16
27
21
8
51
19
17
6
90
48
18
13
8
10
10
15
17
22
113
126
224
174
111
113
92
59
62
107
83
89
87
99
98
86
65
100
118
130
175
150
192
219
219
191
156
209
229
184
174
176
175
161
161
138
71
93
157
231
163
133
158
150
61
101
83
106
54
72
104
194
127
172
123
151
135
173
255
242
216
199
161
230
204
111
38
52
51
43
46
35
150
179
169
147
117
134
154
139
134
119
180
212
221
142
178
208
255
228
293
212
323
272
255
244
174
207
229
245
243
237
231
227
247
222
191
221
177
205
188
212
214
118
173
209
147
159
189
153
167
129
128
112
91
63
99
75
103
94
197
172
166
164
187
266
134
78
71
101
47
57
41
40
53
49
38
32
23
10
74
129
78
107
82
72
34
88
191
181
188
193
214
213
217
233
259
203
254
218
170
175
94
101
203
199
196
187
166
139
166
164
190
173
155
138
260
190
207
225
242
199
274
222
292
124
181
162
254
239
197
285
199
205
183
196
208
224
267
244
228
234
220
185
222
256
203
177
223
215
199
194
211
304
205
131
185
230
139
143
160
115
229
282
226
97
163
102
130
68
144
103
168
112
179
130
191
165
152
176
163
180
171
154
69
108
108
79
171
177
184
230
221
225
220
184
221
211
197
181
192
193
197
191
179
200
206
186
206
207
187
201
192
191
214
225
157
215
218
162
235
149
237
245
205
213
207
226
141
244
235
212
118
175
182
220
221
222
156
104
191
42
55
83
98
119
123
132
139
155
169
30
