11
1188
2160
1832
269
391
679
768
1237
1136
1646
1475
1466
1689
1757
1818
1264
957
1030
907
503
310
552
280
269
319
589
690
552
448
363
679
1040
666
241
188
175
121
439
472
862
1136
820
687
478
468
633
765
607
605
559
402
747
610
389
527
525
585
526
296
296
516
812
750
306
564
950
1112
1016
966
956
1008
814
876
849
903
1005
801
404
186
915
1234
931
956
1153
977
628
1035
1345
1046
1503
1321
660
1072
1461
1156
1231
1241
1487
1322
1577
1933
1586
979
941
885
1319
1385
1034
702
517
970
818
771
557
1296
1521
1271
1331
1342
1025
978
1561
1172
1345
1167
1345
871
862
1015
1071
717
775
700
552
878
1000
957
1029
683
1031
1045
1064
1252
1253
1111
786
476
377
1052
1154
1157
1213
1213
1407
1355
984
1083
813
1015
743
546
1047
1199
1072
712
830
565
354
418
683
856
923
979
793
1005
1119
1135
1225
1100
1128
1128
1068
658
1077
1088
1127
1083
1095
766
1237
1207
1074
1253
1308
1386
1372
1483
1446
1418
1302
1087
728
466
675
647
513
734
559
436
611
330
1059
958
838
484
357
998
1398
1337
1083
1432
1783
1365
1773
1315
1418
1297
1018
970
1301
1238
1103
1351
1913
1432
1301
1295
1324
1231
1273
1469
1045
1125
904
966
786
492
1364
1303
1216
1228
1108
871
1117
1355
1212
881
431
161
117
1199
1469
1366
1157
1685
1700
1351
1100
1098
1066
807
723
632
623
792
1227
880
1087
1253
912
1487
1209
1436
1310
1271
1209
976
782
395
457
615
472
26
726
676
671
641
1560
1668
1692
1600
1805
1735
1451
2109
1568
1151
924
67
107
782
585
750
536
966
1339
1606
1801
1912
1554
2007
1663
1485
1369
1614
1461
1658
1433
1571
1701
1597
1355
1435
882
408
269
938
1492
1692
1781
1375
1119
1029
1031
833
668
617
691
724
694
761
484
346
399
498
646
687
461
458
156
1455
1610
1400
1335
1350
979
1137
1408
1476
707
979
1095
984
648
515
604
296
296
251
715
570
384
477
511
356
341
336
221
282
277
418
282
282
225
296
218
326
134
134
148
99
363
227
161
107
94
53
107
86
94
39
39
350
87
282
216
180
269
229
128
148
26
445
80
94
144
538
363
262
391
373
431
227
175
188
121
155
202
255
187
350
277
615
909
739
663
761
606
322
455
792
889
418
259
282
181
255
285
533
664
806
775
1465
1181
949
1152
1306
1827
1895
1948
1496
1407
1270
1089
1317
1084
1409
1242
1461
1839
1939
1663
1804
1586
1416
1521
1476
1374
1193
1278
1350
1326
1407
1253
1908
1613
1381
1566
1838
1832
1570
1741
1602
1659
1541
1385
1722
1427
1092
1226
1391
1377
1169
1196
1217
1274
1411
1263
1653
1407
1594
1005
1637
1057
1269
1496
1542
1767
1658
1753
1637
2001
1802
1590
671
407
350
474
1282
1651
1594
1434
1508
1260
1289
1409
1305
1404
1578
1554
982
1356
1202
1259
1710
1884
1438
1432
1345
1188
1254
908
1451
1253
1268
735
565
444
307
255
241
423
843
1276
1361
1015
1505
1242
978
1042
1460
1565
1494
997
1358
1036
1316
1185
1284
557
697
536
899
926
1027
849
639
498
121
350
536
678
1195
1377
1340
1392
1324
1785
1772
1473
1116
1121
1186
1302
1119
1642
1173
1460
1141
917
1236
1156
1034
1172
1084
1037
1218
1279
1011
668
867
793
548
729
1112
1085
722
829
744
944
509
536
255
404
404
290
702
880
1178
1164
1281
1120
1080
1448
1376
1317
1308
1313
1321
1334
1524
1307
1541
1514
1509
1661
1624
1131
1602
1555
1632
1555
1765
1866
1238
1772
1606
1263
1595
1624
1740
1884
1717
1555
1684
1404
1705
1542
1701
1619
1666
1631
1561
1252
1735
1698
1172
1422
801
1449
1446
1340
1021
1273
1250
947
1266
897
1249
1078
1005
1194
1281
1354
1401
1404
1650
1583
1573
1696
1100
1648
1725
1594
1241
1542
1602
1503
1631
1470
1326
1227
1391
1514
1106
1350
1228
1317
1131
930
1024
1332
1310
1237
1159
1183
1574
1400
797
1440
1545
1423
1535
1278
1257
839
1232
1254
1069
1173
1443
1379
1687
1476
1361
1671
1510
1266
1215
1513
1540
1480
1614
1491
1456
1647
1354
1322
1513
1684
1438
1228
1508
1620
2195
1477
1577
1613
1257
1459
1355
1334
1449
1440
1526
1476
1351
1153
1138
1331
1732
1131
1266
1255
1350
1505
1290
1244
978
1015
1526
1485
887
1400
1010
354
957
977
865
958
659
474
509
659
740
345
982
585
503
770
984
377
593
297
255
309
418
256
674
366
876
647
418
278
350
309
253
525
184
391
340
620
434
400
445
445
319
421
538
291
336
391
170
404
292
296
309
176
323
336
196
323
202
187
498
227
296
212
323
216
121
175
643
766
784
864
940
1238
1505
818
1023
827
944
785
637
665
691
733
317
351
255
161
1015
307
67
121
686
472
648
803
718
71
1232
880
442
521
660
516
458
508
260
323
309
375
700
970
723
679
458
360
581
809
600
531
377
309
297
956
928
782
849
670
584
578
840
595
437
349
498
537
657
415
352
350
257
323
228
377
340
377
224
363
301
336
282
195
148
175
134
218
600
255
134
282
147
296
241
207
216
468
350
691
458
214
1087
942
1007
516
255
614
175
175
241
442
1080
1093
1092
543
532
814
610
633
537
423
542
472
293
511
464
370
551
724
1173
926
1142
1335
1186
1412
1353
1455
1514
1514
1582
1413
600
1051
1424
1664
1332
1470
1715
1853
1280
1167
1179
1318
1250
1329
1381
1661
1459
775
802
671
885
703
713
755
748
1047
1204
734
899
637
834
967
769
726
1078
1016
776
538
611
777
840
719
878
904
906
924
724
1000
1072
1095
899
1121
999
1181
1225
967
1292
1228
1263
1392
1061
1103
1259
1409
1440
1605
1639
1518
961
928
1135
1307
1343
1117
1420
1586
1441
1064
1143
1482
1412
1363
1356
1250
1106
981
999
1608
1294
1487
1042
1311
1390
1390
1461
1837
1133
1259
1581
1326
1388
1455
1675
1423
1125
1103
474
1432
1168
1290
1295
1109
1228
1417
1067
1154
1133
886
578
511
404
892
1279
1285
1471
1048
1417
1424
1073
1730
1059
1101
1104
1380
1679
1339
1578
1403
1417
1466
1481
1367
802
1322
1529
1109
1512
1094
1526
1574
1483
1598
1366
1556
1448
1619
1620
1438
1287
11
1188
2160
1832
269
391
679
768
1237
1136
1646
1475
1466
1689
1757
1818
1264
957
1030
907
503
310
552
280
269
319
589
690
552
448
363
679
1040
666
241
188
175
121
439
472
862
1136
820
687
478
468
633
765
607
605
559
402
747
610
389
527
525
585
526
296
296
516
812
750
306
564
950
1112
1016
966
956
1008
814
876
849
903
1005
801
404
186
915
1234
931
956
1153
977
628
1035
1345
1046
1503
1321
660
1072
1461
1156
1231
1241
1487
1322
1577
1933
1586
979
941
885
1319
1385
1034
702
517
970
818
771
557
1296
1521
1271
1331
1342
1025
978
1561
1172
1345
1167
1345
871
862
1015
1071
717
775
700
552
878
1000
957
1029
683
1031
1045
1064
1252
1253
1111
786
476
377
1052
1154
1157
1213
1213
1407
1355
984
1083
813
1015
743
546
1047
1199
1072
712
830
565
354
418
683
856
923
979
793
1005
1119
1135
1225
1100
1128
1128
1068
658
1077
1088
1127
1083
1095
766
1237
1207
1074
1253
1308
1386
1372
1483
1446
1418
1302
1087
728
466
675
647
513
734
559
436
611
330
1059
958
838
484
357
998
1398
1337
1083
1432
1783
1365
1773
1315
1418
1297
1018
970
1301
1238
1103
1351
1913
1432
1301
1295
1324
1231
1273
1469
1045
1125
904
966
786
492
1364
1303
1216
1228
1108
871
1117
1355
1212
881
431
161
117
1199
1469
1366
1157
1685
1700
1351
1100
1098
1066
807
723
632
623
792
1227
880
1087
1253
912
1487
1209
1436
1310
1271
1209
976
782
395
457
615
472
26
726
676
671
641
1560
1668
1692
1600
1805
1735
1451
2109
1568
1151
924
67
107
782
585
750
536
966
1339
1606
1801
1912
1554
2007
1663
1485
1369
1614
1461
1658
1433
1571
1701
1597
1355
1435
882
408
269
938
1492
1692
1781
1375
1119
1029
1031
833
668
617
691
724
694
761
484
346
399
498
646
687
461
458
156
1455
1610
1400
1335
1350
979
1137
1408
1476
707
979
1095
984
648
515
604
296
296
251
715
570
384
477
511
356
341
336
221
282
277
418
282
282
225
296
218
326
134
134
148
99
363
227
161
107
94
53
107
86
94
39
39
350
87
282
216
180
269
229
128
148
26
445
80
94
144
538
363
262
391
373
431
227
175
188
121
155
202
255
187
350
277
615
909
739
663
761
606
322
455
792
889
418
259
282
181
255
285
533
664
806
775
1465
1181
949
1152
1306
1827
1895
1948
1496
1407
1270
1089
1317
1084
1409
1242
1461
1839
1939
1663
1804
1586
1416
1521
1476
1374
1193
1278
1350
1326
1407
1253
1908
1613
1381
1566
1838
1832
1570
1741
1602
1659
1541
1385
1722
1427
1092
1226
1391
1377
1169
1196
1217
1274
1411
1263
1653
1407
1594
1005
1637
1057
1269
1496
1542
1767
1658
1753
1637
2001
1802
1590
671
407
350
474
1282
1651
1594
1434
1508
1260
1289
1409
1305
1404
1578
1554
982
1356
1202
1259
1710
1884
1438
1432
1345
1188
1254
908
1451
1253
1268
735
565
444
307
255
241
423
843
1276
1361
1015
1505
1242
978
1042
1460
1565
1494
997
1358
1036
1316
1185
1284
557
697
536
899
926
1027
849
639
498
121
350
536
678
1195
1377
1340
1392
1324
1785
1772
1473
1116
1121
1186
1302
1119
1642
1173
1460
1141
917
1236
1156
1034
1172
1084
1037
1218
1279
1011
668
867
793
548
729
1112
1085
722
829
744
944
509
536
255
404
404
290
702
880
1178
1164
1281
1120
1080
1448
1376
1317
1308
1313
1321
1334
1524
1307
1541
1514
1509
1661
1624
1131
1602
1555
1632
1555
1765
1866
1238
1772
1606
1263
1595
1624
1740
1884
1717
1555
1684
1404
1705
1542
1701
1619
1666
1631
1561
1252
1735
1698
1172
1422
801
1449
1446
1340
1021
1273
1250
947
1266
897
1249
1078
1005
1194
1281
1354
1401
1404
1650
1583
1573
1696
1100
1648
1725
1594
1241
1542
1602
1503
1631
1470
1326
1227
1391
1514
1106
1350
1228
1317
1131
930
1024
1332
1310
1237
1159
1183
1574
1400
797
1440
1545
1423
1535
1278
1257
839
1232
1254
1069
1173
1443
1379
1687
1476
1361
1671
1510
1266
1215
1513
1540
1480
1614
1491
1456
1647
1354
1322
1513
1684
1438
1228
1508
1620
2195
1477
1577
1613
1257
1459
1355
1334
1449
1440
1526
1476
1351
1153
1138
1331
1732
1131
1266
1255
1350
1505
1290
1244
978
1015
1526
1485
887
1400
1010
354
957
977
865
958
659
474
509
659
740
345
982
585
503
770
984
377
593
297
255
309
418
256
674
366
876
647
418
278
350
309
253
525
184
391
340
620
434
400
445
445
319
421
538
291
336
391
170
404
292
296
309
176
323
336
196
323
202
187
498
227
296
212
323
216
121
175
643
766
784
864
940
1238
1505
818
1023
827
944
785
637
665
691
733
317
351
255
161
1015
307
67
121
686
472
648
803
718
71
1232
880
442
521
660
516
458
508
260
323
309
375
700
970
723
679
458
360
581
809
600
531
377
309
297
956
928
782
849
670
584
578
840
595
437
349
498
537
657
415
352
350
257
323
228
377
340
377
224
363
301
336
282
195
148
175
134
218
600
255
134
282
147
296
241
207
216
468
350
691
458
214
1087
942
1007
516
255
614
175
175
241
442
1080
1093
1092
543
532
814
610
633
537
423
542
472
293
511
464
370
551
724
1173
926
1142
1335
1186
1412
1353
1455
1514
1514
1582
1413
600
1051
1424
1664
1332
1470
1715
1853
1280
1167
1179
1318
1250
1329
1381
1661
1459
775
802
671
885
703
713
755
748
1047
1204
734
899
637
834
967
769
726
1078
1016
776
538
611
777
840
719
878
904
906
924
724
1000
1072
1095
899
1121
999
1181
1225
967
1292
1228
1263
1392
1061
1103
1259
1409
1440
1605
1639
1518
961
928
1135
1307
1343
1117
1420
1586
1441
1064
1143
1482
1412
1363
1356
1250
1106
981
999
1608
1294
1487
1042
1311
1390
1390
1461
1837
1133
1259
1581
1326
1388
1455
1675
1423
1125
1103
474
1432
1168
1290
1295
1109
1228
1417
1067
1154
1133
886
578
511
404
892
1279
1285
1471
1048
1417
1424
1073
1730
1059
1101
1104
1380
1679
1339
1578
1403
1417
1466
1481
1367
802
1322
1529
1109
1512
1094
1526
1574
1483
1598
1366
1556
1448
1619
1620
1438
1287
11
1188
2160
1832
269
391
679
768
1237
1136
1646
1475
1466
1689
1757
1818
1264
957
1030
907
503
310
552
280
269
319
589
690
552
448
363
679
1040
666
241
188
175
121
439
472
862
1136
820
687
478
468
633
765
607
605
559
402
747
610
389
527
525
585
526
296
296
516
812
750
306
564
950
1112
1016
966
956
1008
814
876
849
903
1005
801
404
186
915
1234
931
956
1153
977
628
1035
1345
1046
1503
1321
660
1072
1461
1156
1231
1241
1487
1322
1577
1933
1586
979
941
885
1319
1385
1034
702
517
970
818
771
557
1296
1521
1271
1331
1342
1025
978
1561
1172
1345
1167
1345
871
862
1015
1071
717
775
700
552
878
1000
957
1029
683
1031
1045
1064
1252
1253
1111
786
476
377
1052
1154
1157
1213
1213
1407
1355
984
1083
813
1015
743
546
1047
1199
1072
712
830
565
354
418
683
856
923
979
793
1005
1119
1135
1225
1100
1128
1128
1068
658
1077
1088
1127
1083
1095
766
1237
1207
1074
1253
1308
1386
1372
1483
1446
1418
1302
1087
728
466
675
647
513
734
559
436
611
330
1059
958
838
484
357
998
1398
1337
1083
1432
1783
1365
1773
1315
1418
1297
1018
970
1301
1238
1103
1351
1913
1432
1301
1295
1324
1231
1273
1469
1045
1125
904
966
786
492
1364
1303
1216
1228
1108
871
1117
1355
1212
881
431
161
117
1199
1469
1366
1157
1685
1700
1351
1100
1098
1066
807
723
632
623
792
1227
880
1087
1253
912
1487
1209
1436
1310
1271
1209
976
782
395
457
615
472
26
726
676
671
641
1560
1668
1692
1600
1805
1735
1451
2109
1568
1151
924
67
107
782
585
750
536
966
1339
1606
1801
1912
1554
2007
1663
1485
1369
1614
1461
1658
1433
1571
1701
1597
1355
1435
882
408
269
938
1492
1692
1781
1375
1119
1029
1031
833
668
617
691
724
694
761
484
346
399
498
646
687
461
458
156
1455
1610
1400
1335
1350
979
1137
1408
1476
707
979
1095
984
648
515
604
296
296
251
715
570
384
477
511
356
341
336
221
282
277
418
282
282
225
296
218
326
134
134
148
99
363
227
161
107
94
53
107
86
94
39
39
350
87
282
216
180
269
229
128
148
26
445
80
94
144
538
363
262
391
373
431
227
175
188
121
155
202
255
187
350
277
615
909
739
663
761
606
322
455
792
889
418
259
282
181
255
285
533
664
806
775
1465
1181
949
1152
1306
1827
1895
1948
1496
1407
1270
1089
1317
1084
1409
1242
1461
1839
1939
1663
1804
1586
1416
1521
1476
1374
1193
1278
1350
1326
1407
1253
1908
1613
1381
1566
1838
1832
1570
1741
1602
1659
1541
1385
1722
1427
1092
1226
1391
1377
1169
1196
1217
1274
1411
1263
1653
1407
1594
1005
1637
1057
1269
1496
1542
1767
1658
1753
1637
2001
1802
1590
671
407
350
474
1282
1651
1594
1434
1508
1260
1289
1409
1305
1404
1578
1554
982
1356
1202
1259
1710
1884
1438
1432
1345
1188
1254
908
1451
1253
1268
735
565
444
307
255
241
423
843
1276
1361
1015
1505
1242
978
1042
1460
1565
1494
997
1358
1036
1316
1185
1284
557
697
536
899
926
1027
849
639
498
121
350
536
678
1195
1377
1340
1392
1324
1785
1772
1473
1116
1121
1186
1302
1119
1642
1173
1460
1141
917
1236
1156
1034
1172
1084
1037
1218
1279
1011
668
867
793
548
729
1112
1085
722
829
744
944
509
536
255
404
404
290
702
880
1178
1164
1281
1120
1080
1448
1376
1317
1308
1313
1321
1334
1524
1307
1541
1514
1509
1661
1624
1131
1602
1555
1632
1555
1765
1866
1238
1772
1606
1263
1595
1624
1740
1884
1717
1555
1684
1404
1705
1542
1701
1619
1666
1631
1561
1252
1735
1698
1172
1422
801
1449
1446
1340
1021
1273
1250
947
1266
897
1249
1078
1005
1194
1281
1354
1401
1404
1650
1583
1573
1696
1100
1648
1725
1594
1241
1542
1602
1503
1631
1470
1326
1227
1391
1514
1106
1350
1228
1317
1131
930
1024
1332
1310
1237
1159
1183
1574
1400
797
1440
1545
1423
1535
1278
1257
839
1232
1254
1069
1173
1443
1379
1687
1476
1361
1671
1510
1266
1215
1513
1540
1480
1614
1491
1456
1647
1354
1322
1513
1684
1438
1228
1508
1620
2195
1477
1577
1613
1257
1459
1355
1334
1449
1440
1526
1476
1351
1153
1138
1331
1732
1131
1266
1255
1350
1505
1290
1244
978
1015
1526
1485
887
1400
1010
354
957
977
865
958
659
474
509
659
740
345
982
585
503
770
984
377
593
297
255
309
418
256
674
366
876
647
418
278
350
309
253
525
184
391
340
620
434
400
445
445
319
421
538
291
336
391
170
404
292
296
309
176
323
336
196
323
202
187
498
227
296
212
323
216
121
175
643
766
784
864
940
1238
1505
818
1023
827
944
785
637
665
691
733
317
351
255
161
1015
307
67
121
686
472
648
803
718
71
1232
880
442
521
660
516
458
508
260
323
309
375
700
970
723
679
458
360
581
809
600
531
377
309
297
956
928
782
849
670
584
578
840
595
437
349
498
537
657
415
352
350
257
323
228
377
340
377
224
363
301
336
282
195
148
175
134
218
600
255
134
282
147
296
241
207
216
468
350
691
458
214
1087
942
1007
516
255
614
175
175
241
442
1080
1093
1092
543
532
814
610
633
537
423
542
472
293
511
464
370
551
724
1173
926
1142
1335
1186
1412
1353
1455
1514
1514
1582
1413
600
1051
1424
1664
1332
1470
1715
1853
1280
1167
1179
1318
1250
1329
1381
1661
1459
775
802
671
885
703
713
755
748
1047
1204
734
899
637
834
967
769
726
1078
1016
776
538
611
777
840
719
878
904
906
924
724
1000
1072
1095
899
1121
999
1181
1225
967
1292
1228
1263
1392
1061
1103
1259
1409
1440
1605
1639
1518
961
928
1135
1307
1343
1117
1420
1586
1441
1064
1143
1482
1412
1363
1356
1250
1106
981
999
1608
1294
1487
1042
1311
1390
1390
1461
1837
1133
1259
1581
1326
1388
1455
1675
1423
1125
1103
474
1432
1168
1290
1295
1109
1228
1417
1067
1154
1133
886
578
511
404
892
1279
1285
1471
1048
1417
1424
1073
1730
1059
1101
1104
1380
1679
1339
1578
1403
1417
1466
1481
1367
802
1322
1529
1109
1512
1094
1526
1574
1483
1598
1366
1556
1448
1619
1620
1438
1287
