473
778
472
571
525
540
648
578
627
631
538
426
615
448
649
654
283
591
490
558
660
561
548
580
589
647
578
654
691
520
752
612
729
543
520
497
710
676
705
323
606
531
604
534
625
733
648
388
487
638
563
441
615
482
669
766
526
534
695
658
605
688
535
568
625
567
618
514
486
408
589
449
267
87
335
290
295
342
410
445
399
359
309
306
403
524
414
508
591
592
529
510
535
550
407
510
488
435
459
492
436
449
446
51
136
135
187
210
350
595
446
570
574
484
572
550
541
500
506
438
510
598
659
484
532
506
556
536
563
431
504
501
563
590
692
487
421
419
412
373
466
417
359
367
412
447
469
538
281
448
395
527
417
634
505
384
466
464
504
557
464
554
435
429
525
426
375
423
275
190
153
343
433
345
268
388
253
332
242
148
428
84
213
346
380
438
429
401
446
341
429
625
678
588
262
139
196
225
279
120
190
402
481
468
455
451
519
550
572
539
434
300
479
518
534
570
417
453
430
403
365
451
519
438
539
513
330
215
221
297
292
288
179
189
241
318
275
185
42
179
196
180
421
355
392
426
463
374
279
224
200
256
294
335
395
318
274
51
180
72
7
234
118
58
397
394
492
464
379
311
353
325
271
199
122
162
196
154
163
290
340
434
369
382
367
396
324
345
286
371
273
421
604
465
632
500
673
589
621
616
631
599
587
349
597
515
678
617
612
532
618
683
420
450
588
576
580
669
739
775
634
367
381
367
401
473
536
638
526
759
547
641
638
676
605
546
588
607
610
586
647
430
604
522
584
371
382
285
293
262
374
414
389
349
388
313
411
331
389
346
392
447
398
406
357
340
392
465
469
524
614
592
518
658
593
520
598
580
481
617
520
571
720
674
506
366
423
433
519
618
610
505
455
459
397
343
357
425
298
343
369
446
268
265
174
130
105
74
63
72
101
177
160
174
129
144
108
118
105
90
105
97
194
74
76
63
148
160
224
68
111
193
228
260
264
181
185
239
272
293
303
260
310
259
328
275
205
299
307
264
245
309
237
245
194
114
137
144
118
177
245
397
327
308
230
292
240
200
150
148
60
84
76
76
105
80
122
62
328
161
51
184
191
166
191
287
255
221
202
254
199
237
273
227
214
171
212
200
257
246
194
244
320
308
406
380
364
328
264
335
319
346
418
359
323
410
323
340
330
428
403
347
348
343
384
397
465
277
677
516
668
294
414
279
428
413
256
298
208
288
267
254
222
251
251
255
267
395
629
459
653
534
431
276
215
377
327
326
351
309
422
381
367
453
395
345
401
416
365
321
344
401
414
389
347
361
273
473
439
455
277
324
539
447
441
459
441
342
486
430
305
380
444
390
423
385
397
514
367
306
336
300
83
127
147
119
93
48
173
65
97
84
127
72
59
21
21
43
139
86
72
88
94
135
125
152
189
220
224
140
286
382
311
291
289
144
162
239
142
167
177
147
56
127
59
110
241
267
237
286
238
345
292
291
313
275
174
105
220
236
118
114
118
101
345
348
393
537
364
472
381
298
405
457
513
388
412
411
272
367
382
304
259
429
377
533
452
401
384
269
318
407
416
382
245
279
293
354
385
394
463
381
265
422
428
369
202
257
329
309
406
363
312
340
275
361
381
330
389
316
481
320
275
220
248
312
338
301
257
219
209
185
209
200
258
245
148
301
227
228
288
308
283
286
310
440
225
167
193
259
231
205
239
220
182
226
290
404
417
334
190
325
353
272
187
215
294
318
335
278
314
290
263
183
220
280
265
351
396
263
314
300
421
422
406
392
320
360
256
334
340
318
334
194
243
196
287
185
166
257
264
352
270
273
275
199
284
286
263
196
149
217
228
238
239
233
283
240
201
270
273
324
324
194
161
323
269
326
261
239
323
250
225
173
138
179
192
160
214
211
211
231
204
217
152
237
184
152
107
129
131
118
105
183
213
250
267
177
115
145
139
103
200
220
254
236
154
155
190
156
92
84
93
117
144
131
95
59
76
51
206
122
122
105
110
40
42
72
59
66
72
63
60
80
76
88
59
97
76
38
51
48
88
59
106
194
143
159
122
67
80
42
46
34
21
14
25
55
38
34
25
17
13
25
21
21
34
21
29
42
69
63
55
31
55
42
17
102
38
34
12
180
97
36
25
17
21
21
29
34
43
226
252
447
348
223
227
184
119
125
214
165
177
174
198
196
173
129
200
235
259
349
300
383
438
438
383
312
418
458
368
347
353
350
322
323
275
142
186
313
462
327
265
316
300
122
203
165
211
108
144
208
389
253
344
247
303
270
346
511
483
433
398
322
461
408
222
76
103
101
86
93
70
299
357
339
294
234
267
308
278
268
237
359
425
442
283
356
416
511
456
585
424
647
545
509
487
348
413
457
490
485
474
463
454
494
444
383
442
355
411
376
425
429
235
346
417
295
318
379
307
333
258
257
224
182
126
198
150
207
188
394
345
331
328
374
532
269
156
142
203
94
114
83
80
105
98
76
63
46
20
148
258
156
215
164
144
68
176
382
362
375
386
428
427
435
465
519
406
509
436
341
349
188
203
406
398
392
374
332
278
332
328
380
346
309
275
519
381
414
450
483
398
547
444
585
247
361
324
509
478
393
570
399
411
367
392
416
448
533
488
456
467
439
370
445
512
407
355
446
429
397
387
422
607
411
262
370
461
279
286
319
230
458
564
451
194
326
204
260
136
287
206
335
223
358
259
382
329
303
352
326
359
341
309
139
217
215
158
341
354
369
460
442
450
441
368
442
421
395
362
384
387
394
383
358
401
412
372
412
415
375
402
385
381
428
450
314
430
436
325
470
297
474
490
409
426
413
452
283
488
470
425
236
350
363
439
442
444
313
208
382
85
110
167
196
238
247
264
277
310
337
60
473
778
472
571
525
540
648
578
627
631
538
426
615
448
649
654
283
591
490
558
660
561
548
580
589
647
578
654
691
520
752
612
729
543
520
497
710
676
705
323
606
531
604
534
625
733
648
388
487
638
563
441
615
482
669
766
526
534
695
658
605
688
535
568
625
567
618
514
486
408
589
449
267
87
335
290
295
342
410
445
399
359
309
306
403
524
414
508
591
592
529
510
535
550
407
510
488
435
459
492
436
449
446
51
136
135
187
210
350
595
446
570
574
484
572
550
541
500
506
438
510
598
659
484
532
506
556
536
563
431
504
501
563
590
692
487
421
419
412
373
466
417
359
367
412
447
469
538
281
448
395
527
417
634
505
384
466
464
504
557
464
554
435
429
525
426
375
423
275
190
153
343
433
345
268
388
253
332
242
148
428
84
213
346
380
438
429
401
446
341
429
625
678
588
262
139
196
225
279
120
190
402
481
468
455
451
519
550
572
539
434
300
479
518
534
570
417
453
430
403
365
451
519
438
539
513
330
215
221
297
292
288
179
189
241
318
275
185
42
179
196
180
421
355
392
426
463
374
279
224
200
256
294
335
395
318
274
51
180
72
7
234
118
58
397
394
492
464
379
311
353
325
271
199
122
162
196
154
163
290
340
434
369
382
367
396
324
345
286
371
273
421
604
465
632
500
673
589
621
616
631
599
587
349
597
515
678
617
612
532
618
683
420
450
588
576
580
669
739
775
634
367
381
367
401
473
536
638
526
759
547
641
638
676
605
546
588
607
610
586
647
430
604
522
584
371
382
285
293
262
374
414
389
349
388
313
411
331
389
346
392
447
398
406
357
340
392
465
469
524
614
592
518
658
593
520
598
580
481
617
520
571
720
674
506
366
423
433
519
618
610
505
455
459
397
343
357
425
298
343
369
446
268
265
174
130
105
74
63
72
101
177
160
174
129
144
108
118
105
90
105
97
194
74
76
63
148
160
224
68
111
193
228
260
264
181
185
239
272
293
303
260
310
259
328
275
205
299
307
264
245
309
237
245
194
114
137
144
118
177
245
397
327
308
230
292
240
200
150
148
60
84
76
76
105
80
122
62
328
161
51
184
191
166
191
287
255
221
202
254
199
237
273
227
214
171
212
200
257
246
194
244
320
308
406
380
364
328
264
335
319
346
418
359
323
410
323
340
330
428
403
347
348
343
384
397
465
277
677
516
668
294
414
279
428
413
256
298
208
288
267
254
222
251
251
255
267
395
629
459
653
534
431
276
215
377
327
326
351
309
422
381
367
453
395
345
401
416
365
321
344
401
414
389
347
361
273
473
439
455
277
324
539
447
441
459
441
342
486
430
305
380
444
390
423
385
397
514
367
306
336
300
83
127
147
119
93
48
173
65
97
84
127
72
59
21
21
43
139
86
72
88
94
135
125
152
189
220
224
140
286
382
311
291
289
144
162
239
142
167
177
147
56
127
59
110
241
267
237
286
238
345
292
291
313
275
174
105
220
236
118
114
118
101
345
348
393
537
364
472
381
298
405
457
513
388
412
411
272
367
382
304
259
429
377
533
452
401
384
269
318
407
416
382
245
279
293
354
385
394
463
381
265
422
428
369
202
257
329
309
406
363
312
340
275
361
381
330
389
316
481
320
275
220
248
312
338
301
257
219
209
185
209
200
258
245
148
301
227
228
288
308
283
286
310
440
225
167
193
259
231
205
239
220
182
226
290
404
417
334
190
325
353
272
187
215
294
318
335
278
314
290
263
183
220
280
265
351
396
263
314
300
421
422
406
392
320
360
256
334
340
318
334
194
243
196
287
185
166
257
264
352
270
273
275
199
284
286
263
196
149
217
228
238
239
233
283
240
201
270
273
324
324
194
161
323
269
326
261
239
323
250
225
173
138
179
192
160
214
211
211
231
204
217
152
237
184
152
107
129
131
118
105
183
213
250
267
177
115
145
139
103
200
220
254
236
154
155
190
156
92
84
93
117
144
131
95
59
76
51
206
122
122
105
110
40
42
72
59
66
72
63
60
80
76
88
59
97
76
38
51
48
88
59
106
194
143
159
122
67
80
42
46
34
21
14
25
55
38
34
25
17
13
25
21
21
34
21
29
42
69
63
55
31
55
42
17
102
38
34
12
180
97
36
25
17
21
21
29
34
43
226
252
447
348
223
227
184
119
125
214
165
177
174
198
196
173
129
200
235
259
349
300
383
438
438
383
312
418
458
368
347
353
350
322
323
275
142
186
313
462
327
265
316
300
122
203
165
211
108
144
208
389
253
344
247
303
270
346
511
483
433
398
322
461
408
222
76
103
101
86
93
70
299
357
339
294
234
267
308
278
268
237
359
425
442
283
356
416
511
456
585
424
647
545
509
487
348
413
457
490
485
474
463
454
494
444
383
442
355
411
376
425
429
235
346
417
295
318
379
307
333
258
257
224
182
126
198
150
207
188
394
345
331
328
374
532
269
156
142
203
94
114
83
80
105
98
76
63
46
20
148
258
156
215
164
144
68
176
382
362
375
386
428
427
435
465
519
406
509
436
341
349
188
203
406
398
392
374
332
278
332
328
380
346
309
275
519
381
414
450
483
398
547
444
585
247
361
324
509
478
393
570
399
411
367
392
416
448
533
488
456
467
439
370
445
512
407
355
446
429
397
387
422
607
411
262
370
461
279
286
319
230
458
564
451
194
326
204
260
136
287
206
335
223
358
259
382
329
303
352
326
359
341
309
139
217
215
158
341
354
369
460
442
450
441
368
442
421
395
362
384
387
394
383
358
401
412
372
412
415
375
402
385
381
428
450
314
430
436
325
470
297
474
490
409
426
413
452
283
488
470
425
236
350
363
439
442
444
313
208
382
85
110
167
196
238
247
264
277
310
337
60
473
778
472
571
525
540
648
578
627
631
538
426
615
448
649
654
283
591
490
558
660
561
548
580
589
647
578
654
691
520
752
612
729
543
520
497
710
676
705
323
606
531
604
534
625
733
648
388
487
638
563
441
615
482
669
766
526
534
695
658
605
688
535
568
625
567
618
514
486
408
589
449
267
87
335
290
295
342
410
445
399
359
309
306
403
524
414
508
591
592
529
510
535
550
407
510
488
435
459
492
436
449
446
51
136
135
187
210
350
595
446
570
574
484
572
550
541
500
506
438
510
598
659
484
532
506
556
536
563
431
504
501
563
590
692
487
421
419
412
373
466
417
359
367
412
447
469
538
281
448
395
527
417
634
505
384
466
464
504
557
464
554
435
429
525
426
375
423
275
190
153
343
433
345
268
388
253
332
242
148
428
84
213
346
380
438
429
401
446
341
429
625
678
588
262
139
196
225
279
120
190
402
481
468
455
451
519
550
572
539
434
300
479
518
534
570
417
453
430
403
365
451
519
438
539
513
330
215
221
297
292
288
179
189
241
318
275
185
42
179
196
180
421
355
392
426
463
374
279
224
200
256
294
335
395
318
274
51
180
72
7
234
118
58
397
394
492
464
379
311
353
325
271
199
122
162
196
154
163
290
340
434
369
382
367
396
324
345
286
371
273
421
604
465
632
500
673
589
621
616
631
599
587
349
597
515
678
617
612
532
618
683
420
450
588
576
580
669
739
775
634
367
381
367
401
473
536
638
526
759
547
641
638
676
605
546
588
607
610
586
647
430
604
522
584
371
382
285
293
262
374
414
389
349
388
313
411
331
389
346
392
447
398
406
357
340
392
465
469
524
614
592
518
658
593
520
598
580
481
617
520
571
720
674
506
366
423
433
519
618
610
505
455
459
397
343
357
425
298
343
369
446
268
265
174
130
105
74
63
72
101
177
160
174
129
144
108
118
105
90
105
97
194
74
76
63
148
160
224
68
111
193
228
260
264
181
185
239
272
293
303
260
310
259
328
275
205
299
307
264
245
309
237
245
194
114
137
144
118
177
245
397
327
308
230
292
240
200
150
148
60
84
76
76
105
80
122
62
328
161
51
184
191
166
191
287
255
221
202
254
199
237
273
227
214
171
212
200
257
246
194
244
320
308
406
380
364
328
264
335
319
346
418
359
323
410
323
340
330
428
403
347
348
343
384
397
465
277
677
516
668
294
414
279
428
413
256
298
208
288
267
254
222
251
251
255
267
395
629
459
653
534
431
276
215
377
327
326
351
309
422
381
367
453
395
345
401
416
365
321
344
401
414
389
347
361
273
473
439
455
277
324
539
447
441
459
441
342
486
430
305
380
444
390
423
385
397
514
367
306
336
300
83
127
147
119
93
48
173
65
97
84
127
72
59
21
21
43
139
86
72
88
94
135
125
152
189
220
224
140
286
382
311
291
289
144
162
239
142
167
177
147
56
127
59
110
241
267
237
286
238
345
292
291
313
275
174
105
220
236
118
114
118
101
345
348
393
537
364
472
381
298
405
457
513
388
412
411
272
367
382
304
259
429
377
533
452
401
384
269
318
407
416
382
245
279
293
354
385
394
463
381
265
422
428
369
202
257
329
309
406
363
312
340
275
361
381
330
389
316
481
320
275
220
248
312
338
301
257
219
209
185
209
200
258
245
148
301
227
228
288
308
283
286
310
440
225
167
193
259
231
205
239
220
182
226
290
404
417
334
190
325
353
272
187
215
294
318
335
278
314
290
263
183
220
280
265
351
396
263
314
300
421
422
406
392
320
360
256
334
340
318
334
194
243
196
287
185
166
257
264
352
270
273
275
199
284
286
263
196
149
217
228
238
239
233
283
240
201
270
273
324
324
194
161
323
269
326
261
239
323
250
225
173
138
179
192
160
214
211
211
231
204
217
152
237
184
152
107
129
131
118
105
183
213
250
267
177
115
145
139
103
200
220
254
236
154
155
190
156
92
84
93
117
144
131
95
59
76
51
206
122
122
105
110
40
42
72
59
66
72
63
60
80
76
88
59
97
76
38
51
48
88
59
106
194
143
159
122
67
80
42
46
34
21
14
25
55
38
34
25
17
13
25
21
21
34
21
29
42
69
63
55
31
55
42
17
102
38
34
12
180
97
36
25
17
21
21
29
34
43
226
252
447
348
223
227
184
119
125
214
165
177
174
198
196
173
129
200
235
259
349
300
383
438
438
383
312
418
458
368
347
353
350
322
323
275
142
186
313
462
327
265
316
300
122
203
165
211
108
144
208
389
253
344
247
303
270
346
511
483
433
398
322
461
408
222
76
103
101
86
93
70
299
357
339
294
234
267
308
278
268
237
359
425
442
283
356
416
511
456
585
424
647
545
509
487
348
413
457
490
485
474
463
454
494
444
383
442
355
411
376
425
429
235
346
417
295
318
379
307
333
258
257
224
182
126
198
150
207
188
394
345
331
328
374
532
269
156
142
203
94
114
83
80
105
98
76
63
46
20
148
258
156
215
164
144
68
176
382
362
375
386
428
427
435
465
519
406
509
436
341
349
188
203
406
398
392
374
332
278
332
328
380
346
309
275
519
381
414
450
483
398
547
444
585
247
361
324
509
478
393
570
399
411
367
392
416
448
533
488
456
467
439
370
445
512
407
355
446
429
397
387
422
607
411
262
370
461
279
286
319
230
458
564
451
194
326
204
260
136
287
206
335
223
358
259
382
329
303
352
326
359
341
309
139
217
215
158
341
354
369
460
442
450
441
368
442
421
395
362
384
387
394
383
358
401
412
372
412
415
375
402
385
381
428
450
314
430
436
325
470
297
474
490
409
426
413
452
283
488
470
425
236
350
363
439
442
444
313
208
382
85
110
167
196
238
247
264
277
310
337
60
