283
183
275
287
266
207
257
267
251
272
245
221
205
232
252
184
225
205
219
188
155
171
222
218
206
193
197
262
233
133
240
257
237
256
213
209
140
205
209
178
195
240
230
281
246
227
278
252
211
202
252
257
247
269
248
243
275
226
220
252
281
240
205
251
270
366
246
263
269
209
243
226
222
241
240
254
246
225
192
190
222
289
188
211
209
225
251
215
207
163
169
254
247
148
233
168
59
160
163
144
160
110
79
85
110
123
57
164
98
84
128
164
63
99
49
43
52
70
43
112
61
146
108
70
46
58
52
42
87
31
65
57
103
72
67
74
74
53
70
90
48
56
65
28
67
49
49
52
29
54
56
33
54
34
31
83
38
49
35
54
36
20
29
107
128
131
144
157
206
251
136
170
138
157
131
106
111
115
122
53
59
43
27
169
51
11
20
114
79
108
134
120
12
205
147
74
87
110
86
76
85
43
54
52
62
117
162
121
113
76
60
97
135
100
88
63
52
49
159
155
130
141
112
97
96
140
99
73
58
83
90
109
69
59
58
43
54
38
63
57
63
37
61
50
56
47
32
25
29
22
36
100
43
22
47
24
49
40
34
36
78
58
115
76
36
181
157
168
86
43
102
29
29
40
74
180
182
182
91
89
136
102
106
90
70
90
79
49
85
77
62
92
121
195
154
190
223
198
235
225
242
252
252
264
236
100
175
237
277
222
245
286
309
213
194
197
220
208
222
230
277
243
129
134
112
147
117
119
126
125
175
201
122
150
106
139
161
128
121
180
169
129
90
102
130
140
120
146
151
151
154
121
167
179
183
150
187
167
197
204
161
215
205
210
232
177
184
210
235
240
268
273
253
160
155
189
218
224
186
237
264
240
177
191
247
235
227
226
208
184
163
167
268
216
248
174
218
232
232
244
306
189
210
263
221
231
242
279
237
187
184
79
239
195
215
216
185
205
236
178
192
189
148
96
85
67
149
213
214
245
175
236
237
179
288
177
184
184
230
280
223
263
234
236
244
247
228
134
220
255
185
252
182
254
262
247
266
228
259
241
270
270
240
215
2
198
360
305
45
65
113
128
206
189
274
246
244
282
293
303
211
160
172
151
84
52
92
47
45
53
98
115
92
75
61
113
173
111
40
31
29
20
73
79
144
189
137
115
80
78
106
128
101
101
93
67
124
102
65
88
87
98
88
49
49
86
135
125
51
94
158
185
169
161
159
168
136
146
141
151
168
133
67
31
153
206
155
159
192
163
105
172
224
174
251
220
110
179
244
193
205
207
248
220
263
322
264
163
157
147
220
231
172
117
86
162
136
129
93
216
254
212
222
224
171
163
260
195
224
194
224
145
144
169
178
120
129
117
92
146
167
160
171
114
172
174
177
209
209
185
131
79
63
175
192
193
202
202
234
226
164
180
136
169
124
91
175
200
179
119
138
94
59
70
114
143
154
163
132
168
186
189
204
183
188
188
178
110
179
181
188
180
183
128
206
201
179
209
218
231
229
247
241
236
217
181
121
78
113
108
85
122
93
73
102
55
177
160
140
81
60
166
233
223
180
239
297
228
295
219
236
216
170
162
217
206
184
225
319
239
217
216
221
205
212
245
174
187
151
161
131
82
227
217
203
205
185
145
186
226
202
147
72
27
20
200
245
228
193
281
283
225
183
183
178
134
121
105
104
132
205
147
181
209
152
248
201
239
218
212
201
163
130
66
76
102
79
4
121
113
112
107
260
278
282
267
301
289
242
352
261
192
154
11
18
130
98
125
89
161
223
268
300
319
259
334
277
247
228
269
244
276
239
262
284
266
226
239
147
68
45
156
249
282
297
229
186
171
172
139
111
103
115
121
116
127
81
58
67
83
108
115
77
76
26
242
268
233
223
225
163
190
235
246
118
163
183
164
108
86
101
49
49
42
119
95
64
79
85
59
57
56
37
47
46
70
47
47
38
49
36
54
22
22
25
16
61
38
27
18
16
9
18
14
16
7
7
58
15
47
36
30
45
38
21
25
4
74
13
16
24
90
61
44
65
62
72
38
29
31
20
26
34
43
31
58
46
102
152
123
110
127
101
54
76
132
148
70
43
47
30
43
47
89
111
134
129
244
197
158
192
218
305
316
325
249
234
212
182
219
181
235
207
244
307
323
277
301
264
236
254
246
229
199
213
225
221
234
209
318
269
230
261
306
305
262
290
267
277
257
231
287
238
182
204
232
230
195
199
203
212
235
210
276
234
266
168
273
176
211
249
257
294
276
292
273
333
300
265
112
68
58
79
214
275
266
239
251
210
215
235
217
234
263
259
164
226
200
210
285
314
240
239
224
198
209
151
242
209
211
123
94
74
51
43
40
70
140
213
227
169
251
207
163
174
243
261
249
166
226
173
219
198
214
93
116
89
150
154
171
141
107
83
20
58
89
113
199
230
223
232
221
298
295
246
186
187
198
217
186
274
195
243
190
153
206
193
172
195
181
173
203
213
169
111
145
132
91
122
185
181
120
138
124
157
85
89
43
67
67
48
117
147
196
194
214
187
180
241
229
219
218
219
220
222
254
218
257
252
252
277
271
188
267
259
272
259
294
311
206
295
268
210
266
271
290
314
286
259
281
234
284
257
284
270
278
272
260
209
289
283
195
237
133
241
241
223
170
212
208
158
211
149
208
180
168
199
214
226
233
234
275
264
262
283
183
275
287
266
207
257
267
251
272
245
221
205
232
252
184
225
205
219
188
155
171
222
218
206
193
197
262
233
133
240
257
237
256
213
209
140
205
209
178
195
240
230
281
246
227
278
252
211
202
252
257
247
269
248
243
275
226
220
252
281
240
205
251
270
366
246
263
269
209
243
226
222
241
240
254
246
225
192
190
222
289
188
211
209
225
251
215
207
163
169
254
247
148
233
168
59
160
163
144
160
110
79
85
110
123
57
164
98
84
128
164
63
99
49
43
52
70
43
112
61
146
108
70
46
58
52
42
87
31
65
57
103
72
67
74
74
53
70
90
48
56
65
28
67
49
49
52
29
54
56
33
54
34
31
83
38
49
35
54
36
20
29
107
128
131
144
157
206
251
136
170
138
157
131
106
111
115
122
53
59
43
27
169
51
11
20
114
79
108
134
120
12
205
147
74
87
110
86
76
85
43
54
52
62
117
162
121
113
76
60
97
135
100
88
63
52
49
159
155
130
141
112
97
96
140
99
73
58
83
90
109
69
59
58
43
54
38
63
57
63
37
61
50
56
47
32
25
29
22
36
100
43
22
47
24
49
40
34
36
78
58
115
76
36
181
157
168
86
43
102
29
29
40
74
180
182
182
91
89
136
102
106
90
70
90
79
49
85
77
62
92
121
195
154
190
223
198
235
225
242
252
252
264
236
100
175
237
277
222
245
286
309
213
194
197
220
208
222
230
277
243
129
134
112
147
117
119
126
125
175
201
122
150
106
139
161
128
121
180
169
129
90
102
130
140
120
146
151
151
154
121
167
179
183
150
187
167
197
204
161
215
205
210
232
177
184
210
235
240
268
273
253
160
155
189
218
224
186
237
264
240
177
191
247
235
227
226
208
184
163
167
268
216
248
174
218
232
232
244
306
189
210
263
221
231
242
279
237
187
184
79
239
195
215
216
185
205
236
178
192
189
148
96
85
67
149
213
214
245
175
236
237
179
288
177
184
184
230
280
223
263
234
236
244
247
228
134
220
255
185
252
182
254
262
247
266
228
259
241
270
270
240
215
2
198
360
305
45
65
113
128
206
189
274
246
244
282
293
303
211
160
172
151
84
52
92
47
45
53
98
115
92
75
61
113
173
111
40
31
29
20
73
79
144
189
137
115
80
78
106
128
101
101
93
67
124
102
65
88
87
98
88
49
49
86
135
125
51
94
158
185
169
161
159
168
136
146
141
151
168
133
67
31
153
206
155
159
192
163
105
172
224
174
251
220
110
179
244
193
205
207
248
220
263
322
264
163
157
147
220
231
172
117
86
162
136
129
93
216
254
212
222
224
171
163
260
195
224
194
224
145
144
169
178
120
129
117
92
146
167
160
171
114
172
174
177
209
209
185
131
79
63
175
192
193
202
202
234
226
164
180
136
169
124
91
175
200
179
119
138
94
59
70
114
143
154
163
132
168
186
189
204
183
188
188
178
110
179
181
188
180
183
128
206
201
179
209
218
231
229
247
241
236
217
181
121
78
113
108
85
122
93
73
102
55
177
160
140
81
60
166
233
223
180
239
297
228
295
219
236
216
170
162
217
206
184
225
319
239
217
216
221
205
212
245
174
187
151
161
131
82
227
217
203
205
185
145
186
226
202
147
72
27
20
200
245
228
193
281
283
225
183
183
178
134
121
105
104
132
205
147
181
209
152
248
201
239
218
212
201
163
130
66
76
102
79
4
121
113
112
107
260
278
282
267
301
289
242
352
261
192
154
11
18
130
98
125
89
161
223
268
300
319
259
334
277
247
228
269
244
276
239
262
284
266
226
239
147
68
45
156
249
282
297
229
186
171
172
139
111
103
115
121
116
127
81
58
67
83
108
115
77
76
26
242
268
233
223
225
163
190
235
246
118
163
183
164
108
86
101
49
49
42
119
95
64
79
85
59
57
56
37
47
46
70
47
47
38
49
36
54
22
22
25
16
61
38
27
18
16
9
18
14
16
7
7
58
15
47
36
30
45
38
21
25
4
74
13
16
24
90
61
44
65
62
72
38
29
31
20
26
34
43
31
58
46
102
152
123
110
127
101
54
76
132
148
70
43
47
30
43
47
89
111
134
129
244
197
158
192
218
305
316
325
249
234
212
182
219
181
235
207
244
307
323
277
301
264
236
254
246
229
199
213
225
221
234
209
318
269
230
261
306
305
262
290
267
277
257
231
287
238
182
204
232
230
195
199
203
212
235
210
276
234
266
168
273
176
211
249
257
294
276
292
273
333
300
265
112
68
58
79
214
275
266
239
251
210
215
235
217
234
263
259
164
226
200
210
285
314
240
239
224
198
209
151
242
209
211
123
94
74
51
43
40
70
140
213
227
169
251
207
163
174
243
261
249
166
226
173
219
198
214
93
116
89
150
154
171
141
107
83
20
58
89
113
199
230
223
232
221
298
295
246
186
187
198
217
186
274
195
243
190
153
206
193
172
195
181
173
203
213
169
111
145
132
91
122
185
181
120
138
124
157
85
89
43
67
67
48
117
147
196
194
214
187
180
241
229
219
218
219
220
222
254
218
257
252
252
277
271
188
267
259
272
259
294
311
206
295
268
210
266
271
290
314
286
259
281
234
284
257
284
270
278
272
260
209
289
283
195
237
133
241
241
223
170
212
208
158
211
149
208
180
168
199
214
226
233
234
275
264
262
283
183
275
287
266
207
257
267
251
272
245
221
205
232
252
184
225
205
219
188
155
171
222
218
206
193
197
262
233
133
240
257
237
256
213
209
140
205
209
178
195
240
230
281
246
227
278
252
211
202
252
257
247
269
248
243
275
226
220
252
281
240
205
251
270
366
246
263
269
209
243
226
222
241
240
254
246
225
192
190
222
289
188
211
209
225
251
215
207
163
169
254
247
148
233
168
59
160
163
144
160
110
79
85
110
123
57
164
98
84
128
164
63
99
49
43
52
70
43
112
61
146
108
70
46
58
52
42
87
31
65
57
103
72
67
74
74
53
70
90
48
56
65
28
67
49
49
52
29
54
56
33
54
34
31
83
38
49
35
54
36
20
29
107
128
131
144
157
206
251
136
170
138
157
131
106
111
115
122
53
59
43
27
169
51
11
20
114
79
108
134
120
12
205
147
74
87
110
86
76
85
43
54
52
62
117
162
121
113
76
60
97
135
100
88
63
52
49
159
155
130
141
112
97
96
140
99
73
58
83
90
109
69
59
58
43
54
38
63
57
63
37
61
50
56
47
32
25
29
22
36
100
43
22
47
24
49
40
34
36
78
58
115
76
36
181
157
168
86
43
102
29
29
40
74
180
182
182
91
89
136
102
106
90
70
90
79
49
85
77
62
92
121
195
154
190
223
198
235
225
242
252
252
264
236
100
175
237
277
222
245
286
309
213
194
197
220
208
222
230
277
243
129
134
112
147
117
119
126
125
175
201
122
150
106
139
161
128
121
180
169
129
90
102
130
140
120
146
151
151
154
121
167
179
183
150
187
167
197
204
161
215
205
210
232
177
184
210
235
240
268
273
253
160
155
189
218
224
186
237
264
240
177
191
247
235
227
226
208
184
163
167
268
216
248
174
218
232
232
244
306
189
210
263
221
231
242
279
237
187
184
79
239
195
215
216
185
205
236
178
192
189
148
96
85
67
149
213
214
245
175
236
237
179
288
177
184
184
230
280
223
263
234
236
244
247
228
134
220
255
185
252
182
254
262
247
266
228
259
241
270
270
240
215
