164
119
23
74
107
106
94
124
78
83
86
74
101
82
76
86
70
88
71
88
54
75
86
77
86
102
117
139
152
144
143
131
139
134
141
147
151
158
30
225
148
141
155
155
169
150
156
156
152
175
153
110
110
125
133
73
18
36
68
60
96
124
143
100
63
62
73
78
98
110
63
54
83
48
40
35
25
22
35
90
162
130
135
103
136
101
106
112
113
131
185
102
141
92
113
48
88
77
75
76
59
71
65
77
90
101
108
123
111
93
101
101
115
148
147
150
151
135
127
60
189
253
257
222
85
95
93
84
110
216
189
202
263
141
63
30
146
214
145
168
206
170
141
158
265
235
405
356
268
271
276
267
262
274
129
63
64
96
140
165
161
143
45
153
140
108
113
74
95
98
72
88
71
83
113
73
72
102
98
42
53
57
93
77
77
63
35
3
7
210
283
258
227
249
203
276
302
256
208
209
242
280
248
257
284
230
235
256
245
240
218
235
154
101
119
152
112
107
131
78
67
73
58
34
131
71
65
59
60
74
86
59
60
60
45
20
55
39
38
78
38
72
83
39
53
30
31
10
101
34
76
51
88
93
150
144
108
109
177
136
131
143
174
153
157
48
87
88
46
18
62
109
91
78
194
190
124
168
163
151
161
115
69
60
40
50
65
81
55
101
122
140
162
183
300
298
304
235
118
238
199
190
265
326
280
150
199
110
169
61
102
103
138
212
220
257
314
294
245
181
255
241
250
251
270
378
370
340
387
333
190
300
322
314
342
329
333
406
394
378
407
407
435
355
438
386
369
364
334
350
368
231
289
282
268
306
293
318
298
377
361
348
409
311
314
317
379
367
295
280
218
348
320
337
232
284
283
348
285
352
325
329
378
396
453
255
329
392
435
387
446
381
333
333
402
325
426
361
368
328
225
371
423
338
346
324
269
314
356
365
367
285
263
334
363
373
390
273
219
265
224
187
279
297
228
178
223
271
226
182
249
332
233
273
342
368
307
335
289
361
404
384
281
340
302
309
323
346
287
306
251
285
293
320
248
241
282
284
289
333
211
211
183
208
226
161
142
131
215
109
128
93
30
13
63
82
123
121
27
116
139
279
227
181
171
142
150
119
72
75
45
112
116
127
134
146
107
156
169
180
191
142
174
172
180
165
156
169
139
30
121
154
121
110
137
159
112
85
129
108
144
120
134
137
143
163
158
166
163
186
135
197
166
187
187
136
199
161
173
144
121
161
198
185
249
221
229
189
222
228
188
140
196
199
187
135
174
179
144
200
147
180
157
169
165
210
150
62
192
121
141
144
150
85
130
160
156
163
159
126
159
181
134
179
115
148
141
141
143
144
146
157
152
137
96
128
106
106
112
110
106
80
92
121
103
100
107
121
74
96
88
124
104
131
121
119
84
101
76
93
52
81
83
50
63
62
217
194
277
134
244
161
86
153
239
138
174
158
171
162
126
224
143
95
104
141
171
127
149
87
62
55
41
33
28
25
24
30
45
38
71
86
76
77
107
86
76
68
61
83
113
121
154
110
134
102
120
122
95
130
121
127
153
127
106
106
113
36
107
121
75
69
108
47
68
43
211
142
142
176
237
187
226
243
181
200
121
146
136
106
99
86
94
101
75
114
135
152
178
86
140
113
132
156
186
175
154
200
203
214
205
144
188
223
144
155
121
97
81
91
88
86
39
55
51
86
83
88
101
50
65
38
101
65
69
96
61
53
38
45
30
132
112
97
118
109
71
87
96
54
71
93
64
60
38
45
49
60
40
39
50
28
11
35
50
62
61
96
68
154
111
100
75
86
90
116
100
205
197
131
93
55
33
39
28
105
55
66
60
93
113
87
101
76
78
98
82
134
126
119
147
138
144
156
173
119
90
88
270
205
264
233
214
142
152
187
173
150
73
50
111
79
83
86
147
150
189
184
242
195
222
265
281
281
280
265
277
333
234
257
259
284
338
351
293
267
249
238
264
270
279
201
200
143
177
170
129
158
122
96
87
113
136
84
122
120
80
83
35
181
228
177
180
253
236
181
225
167
185
188
191
182
173
208
206
209
211
273
202
199
260
255
241
220
224
178
223
177
191
199
189
212
213
241
168
247
184
181
206
206
242
245
245
236
281
202
235
262
248
242
220
280
303
333
236
197
295
197
102
187
158
193
256
254
225
258
169
212
211
237
196
139
202
127
90
130
205
156
157
158
192
190
171
194
167
249
285
214
259
152
189
131
197
164
209
231
145
167
130
126
97
212
231
248
237
241
260
241
247
239
197
249
224
310
282
238
194
159
106
162
176
195
106
171
167
150
100
177
161
175
170
156
148
164
239
219
264
276
301
269
274
271
286
237
307
285
297
302
300
378
33
15
83
121
321
431
215
179
317
206
225
184
326
239
351
309
178
198
169
188
211
141
95
125
133
134
127
121
92
91
81
53
58
42
58
45
63
221
261
250
276
280
235
239
253
154
236
134
134
107
113
103
158
142
174
83
77
55
47
141
136
146
193
182
81
93
154
96
57
35
15
53
99
211
266
167
250
148
158
173
234
211
183
205
223
168
96
160
221
196
189
147
189
278
247
151
91
66
208
236
217
169
212
167
161
143
142
117
100
56
33
56
73
55
50
73
76
67
73
50
54
92
106
70
77
126
153
129
119
134
100
65
74
63
54
98
119
127
161
136
86
96
63
86
65
103
136
95
106
73
88
80
71
80
97
220
133
134
132
151
164
164
121
190
185
128
102
139
117
104
161
194
199
155
167
129
96
68
47
25
38
92
138
180
149
134
95
208
135
193
136
222
263
167
207
188
158
48
98
221
264
333
233
235
214
229
207
215
280
208
243
277
267
305
326
313
245
317
225
293
310
232
275
262
291
267
290
292
250
235
216
213
127
195
182
224
178
209
207
140
167
151
107
123
101
108
112
156
91
142
148
131
54
71
178
134
218
214
203
225
250
332
252
243
284
232
165
197
108
153
149
98
154
143
170
149
106
183
171
181
183
171
152
190
147
204
204
213
230
208
170
219
174
199
208
223
139
214
182
172
88
83
154
146
135
114
123
168
88
93
172
178
154
112
206
142
134
160
164
171
177
142
118
161
183
159
126
166
142
159
132
108
105
128
144
110
118
2
157
181
63
40
44
58
81
42
40
96
93
65
60
68
63
58
40
43
36
30
50
57
201
164
119
23
74
107
106
94
124
78
83
86
74
101
82
76
86
70
88
71
88
54
75
86
77
86
102
117
139
152
144
143
131
139
134
141
147
151
158
30
225
148
141
155
155
169
150
156
156
152
175
153
110
110
125
133
73
18
36
68
60
96
124
143
100
63
62
73
78
98
110
63
54
83
48
40
35
25
22
35
90
162
130
135
103
136
101
106
112
113
131
185
102
141
92
113
48
88
77
75
76
59
71
65
77
90
101
108
123
111
93
101
101
115
148
147
150
151
135
127
60
189
253
257
222
85
95
93
84
110
216
189
202
263
141
63
30
146
214
145
168
206
170
141
158
265
235
405
356
268
271
276
267
262
274
129
63
64
96
140
165
161
143
45
153
140
108
113
74
95
98
72
88
71
83
113
73
72
102
98
42
53
57
93
77
77
63
35
3
7
210
283
258
227
249
203
276
302
256
208
209
242
280
248
257
284
230
235
256
245
240
218
235
154
101
119
152
112
107
131
78
67
73
58
34
131
71
65
59
60
74
86
59
60
60
45
20
55
39
38
78
38
72
83
39
53
30
31
10
101
34
76
51
88
93
150
144
108
109
177
136
131
143
174
153
157
48
87
88
46
18
62
109
91
78
194
190
124
168
163
151
161
115
69
60
40
50
65
81
55
101
122
140
162
183
300
298
304
235
118
238
199
190
265
326
280
150
199
110
169
61
102
103
138
212
220
257
314
294
245
181
255
241
250
251
270
378
370
340
387
333
190
300
322
314
342
329
333
406
394
378
407
407
435
355
438
386
369
364
334
350
368
231
289
282
268
306
293
318
298
377
361
348
409
311
314
317
379
367
295
280
218
348
320
337
232
284
283
348
285
352
325
329
378
396
453
255
329
392
435
387
446
381
333
333
402
325
426
361
368
328
225
371
423
338
346
324
269
314
356
365
367
285
263
334
363
373
390
273
219
265
224
187
279
297
228
178
223
271
226
182
249
332
233
273
342
368
307
335
289
361
404
384
281
340
302
309
323
346
287
306
251
285
293
320
248
241
282
284
289
333
211
211
183
208
226
161
142
131
215
109
128
93
30
13
63
82
123
121
27
116
139
279
227
181
171
142
150
119
72
75
45
112
116
127
134
146
107
156
169
180
191
142
174
172
180
165
156
169
139
30
121
154
121
110
137
159
112
85
129
108
144
120
134
137
143
163
158
166
163
186
135
197
166
187
187
136
199
161
173
144
121
161
198
185
249
221
229
189
222
228
188
140
196
199
187
135
174
179
144
200
147
180
157
169
165
210
150
62
192
121
141
144
150
85
130
160
156
163
159
126
159
181
134
179
115
148
141
141
143
144
146
157
152
137
96
128
106
106
112
110
106
80
92
121
103
100
107
121
74
96
88
124
104
131
121
119
84
101
76
93
52
81
83
50
63
62
217
194
277
134
244
161
86
153
239
138
174
158
171
162
126
224
143
95
104
141
171
127
149
87
62
55
41
33
28
25
24
30
45
38
71
86
76
77
107
86
76
68
61
83
113
121
154
110
134
102
120
122
95
130
121
127
153
127
106
106
113
36
107
121
75
69
108
47
68
43
211
142
142
176
237
187
226
243
181
200
121
146
136
106
99
86
94
101
75
114
135
152
178
86
140
113
132
156
186
175
154
200
203
214
205
144
188
223
144
155
121
97
81
91
88
86
39
55
51
86
83
88
101
50
65
38
101
65
69
96
61
53
38
45
30
132
112
97
118
109
71
87
96
54
71
93
64
60
38
45
49
60
40
39
50
28
11
35
50
62
61
96
68
154
111
100
75
86
90
116
100
205
197
131
93
55
33
39
28
105
55
66
60
93
113
87
101
76
78
98
82
134
126
119
147
138
144
156
173
119
90
88
270
205
264
233
214
142
152
187
173
150
73
50
111
79
83
86
147
150
189
184
242
195
222
265
281
281
280
265
277
333
234
257
259
284
338
351
293
267
249
238
264
270
279
201
200
143
177
170
129
158
122
96
87
113
136
84
122
120
80
83
35
181
228
177
180
253
236
181
225
167
185
188
191
182
173
208
206
209
211
273
202
199
260
255
241
220
224
178
223
177
191
199
189
212
213
241
168
247
184
181
206
206
242
245
245
236
281
202
235
262
248
242
220
280
303
333
236
197
295
197
102
187
158
193
256
254
225
258
169
212
211
237
196
139
202
127
90
130
205
156
157
158
192
190
171
194
167
249
285
214
259
152
189
131
197
164
209
231
145
167
130
126
97
212
231
248
237
241
260
241
247
239
197
249
224
310
282
238
194
159
106
162
176
195
106
171
167
150
100
177
161
175
170
156
148
164
239
219
264
276
301
269
274
271
286
237
307
285
297
302
300
378
33
15
83
121
321
431
215
179
317
206
225
184
326
239
351
309
178
198
169
188
211
141
95
125
133
134
127
121
92
91
81
53
58
42
58
45
63
221
261
250
276
280
235
239
253
154
236
134
134
107
113
103
158
142
174
83
77
55
47
141
136
146
193
182
81
93
154
96
57
35
15
53
99
211
266
167
250
148
158
173
234
211
183
205
223
168
96
160
221
196
189
147
189
278
247
151
91
66
208
236
217
169
212
167
161
143
142
117
100
56
33
56
73
55
50
73
76
67
73
50
54
92
106
70
77
126
153
129
119
134
100
65
74
63
54
98
119
127
161
136
86
96
63
86
65
103
136
95
106
73
88
80
71
80
97
220
133
134
132
151
164
164
121
190
185
128
102
139
117
104
161
194
199
155
167
129
96
68
47
25
38
92
138
180
149
134
95
208
135
193
136
222
263
167
207
188
158
48
98
221
264
333
233
235
214
229
207
215
280
208
243
277
267
305
326
313
245
317
225
293
310
232
275
262
291
267
290
292
250
235
216
213
127
195
182
224
178
209
207
140
167
151
107
123
101
108
112
156
91
142
148
131
54
71
178
134
218
214
203
225
250
332
252
243
284
232
165
197
108
153
149
98
154
143
170
149
106
183
171
181
183
171
152
190
147
204
204
213
230
208
170
219
174
199
208
223
139
214
182
172
88
83
154
146
135
114
123
168
88
93
172
178
154
112
206
142
134
160
164
171
177
142
118
161
183
159
126
166
142
159
132
108
105
128
144
110
118
2
157
181
63
40
44
58
81
42
40
96
93
65
60
68
63
58
40
43
36
30
50
57
201
164
119
23
74
107
106
94
124
78
83
86
74
101
82
76
86
70
88
71
88
54
75
86
77
86
102
117
139
152
144
143
131
139
134
141
147
151
158
30
225
148
141
155
155
169
150
156
156
152
175
153
110
110
125
133
73
18
36
68
60
96
124
143
100
63
62
73
78
98
110
63
54
83
48
40
35
25
22
35
90
162
130
135
103
136
101
106
112
113
131
185
102
141
92
113
48
88
77
75
76
59
71
65
77
90
101
108
123
111
93
101
101
115
148
147
150
151
135
127
60
189
253
257
222
85
95
93
84
110
216
189
202
263
141
63
30
146
214
145
168
206
170
141
158
265
235
405
356
268
271
276
267
262
274
129
63
64
96
140
165
161
143
45
153
140
108
113
74
95
98
72
88
71
83
113
73
72
102
98
42
53
57
93
77
77
63
35
3
7
210
283
258
227
249
203
276
302
256
208
209
242
280
248
257
284
230
235
256
245
240
218
235
154
101
119
152
112
107
131
78
67
73
58
34
131
71
65
59
60
74
86
59
60
60
45
20
55
39
38
78
38
72
83
39
53
30
31
10
101
34
76
51
88
93
150
144
108
109
177
136
131
143
174
153
157
48
87
88
46
18
62
109
91
78
194
190
124
168
163
151
161
115
69
60
40
50
65
81
55
101
122
140
162
183
300
298
304
235
118
238
199
190
265
326
280
150
199
110
169
61
102
103
138
212
220
257
314
294
245
181
255
241
250
251
270
378
370
340
387
333
190
300
322
314
342
329
333
406
394
378
407
407
435
355
438
386
369
364
334
350
368
231
289
282
268
306
293
318
298
377
361
348
409
311
314
317
379
367
295
280
218
348
320
337
232
284
283
348
285
352
325
329
378
396
453
255
329
392
435
387
446
381
333
333
402
325
426
361
368
328
225
371
423
338
346
324
269
314
356
365
367
285
263
334
363
373
390
273
219
265
224
187
279
297
228
178
223
271
226
182
249
332
233
273
342
368
307
335
289
361
404
384
281
340
302
309
323
346
287
306
251
285
293
320
248
241
282
284
289
333
211
211
183
208
226
161
142
131
215
109
128
93
30
13
63
82
123
121
27
116
139
279
227
181
171
142
150
119
72
75
45
112
116
127
134
146
107
156
169
180
191
142
174
172
180
165
156
169
139
30
121
154
121
110
137
159
112
85
129
108
144
120
134
137
143
163
158
166
163
186
135
197
166
187
187
136
199
161
173
144
121
161
198
185
249
221
229
189
222
228
188
140
196
199
187
135
174
179
144
200
147
180
157
169
165
210
150
62
192
121
141
144
150
85
130
160
156
163
159
126
159
181
134
179
115
148
141
141
143
144
146
157
152
137
96
128
106
106
112
110
106
80
92
121
103
100
107
121
74
96
88
124
104
131
121
119
84
101
76
93
52
81
83
50
63
62
217
194
277
134
244
161
86
153
239
138
174
158
171
162
126
224
143
95
104
141
171
127
149
87
62
55
41
33
28
25
24
30
45
38
71
86
76
77
107
86
76
68
61
83
113
121
154
110
134
102
120
122
95
130
121
127
153
127
106
106
113
36
107
121
75
69
108
47
68
43
211
142
142
176
237
187
226
243
181
200
121
146
136
106
99
86
94
101
75
114
135
152
178
86
140
113
132
156
186
175
154
200
203
214
205
144
188
223
144
155
121
97
81
91
88
86
39
55
51
86
83
88
101
50
65
38
101
65
69
96
61
53
38
45
30
132
112
97
118
109
71
87
96
54
71
93
64
60
38
45
49
60
40
39
50
28
11
35
50
62
61
96
68
154
111
100
75
86
90
116
100
205
197
131
93
55
33
39
28
105
55
66
60
93
113
87
101
76
78
98
82
134
126
119
147
138
144
156
173
119
90
88
270
205
264
233
214
142
152
187
173
150
73
50
111
79
83
86
147
150
189
184
242
195
222
265
281
281
280
265
277
333
234
257
259
284
338
351
293
267
249
238
264
270
279
201
200
143
177
170
129
158
122
96
87
113
136
84
122
120
80
83
35
181
228
177
180
253
236
181
225
167
185
188
191
182
173
208
206
209
211
273
202
199
260
255
241
220
224
178
223
177
191
199
189
212
213
241
168
247
184
181
206
206
242
245
245
236
281
202
235
262
248
242
220
280
303
333
236
197
295
197
102
187
158
193
256
254
225
258
169
212
211
237
196
139
202
127
90
130
205
156
157
158
192
190
171
194
167
249
285
214
259
152
189
131
197
164
209
231
145
167
130
126
97
212
231
248
237
241
260
241
247
239
197
249
224
310
282
238
194
159
106
162
176
195
106
171
167
150
100
177
161
175
170
156
148
164
239
219
264
276
301
269
274
271
286
237
307
285
297
302
300
378
33
