962
641
551
439
496
624
676
601
513
438
418
370
417
400
516
489
296
601
455
456
576
616
566
571
620
880
449
335
385
518
461
411
478
439
364
452
580
808
834
668
380
650
707
543
373
431
588
636
669
556
628
580
526
367
439
560
529
701
793
526
628
600
842
844
813
785
640
720
512
668
681
637
668
387
487
391
574
370
332
514
528
704
539
546
550
398
568
571
526
392
297
434
455
475
478
467
566
481
402
539
546
648
647
388
323
645
538
653
522
478
647
499
450
346
276
358
384
320
428
422
423
461
407
434
303
474
367
303
215
259
262
237
211
366
427
499
534
354
230
290
279
206
401
441
508
472
309
310
380
312
184
168
185
235
287
262
189
118
151
101
412
245
245
211
219
79
84
144
118
131
144
127
120
160
151
177
117
194
151
76
101
96
177
118
212
388
286
317
245
134
160
84
93
67
42
29
50
110
76
67
50
33
26
50
42
42
67
42
59
84
138
127
110
63
110
84
33
204
76
67
25
360
194
73
50
33
42
42
59
67
86
451
505
894
696
445
454
367
238
249
428
330
354
347
395
392
346
259
401
471
519
698
600
766
877
876
766
624
837
915
736
695
705
699
644
646
551
284
372
627
924
654
531
631
600
244
405
330
422
217
287
416
777
506
688
493
605
539
691
1022
967
866
796
644
921
816
444
151
206
202
173
185
140
598
715
678
588
468
535
616
556
536
475
718
850
884
566
712
831
1022
911
1171
848
1293
1090
1019
975
697
826
914
979
971
948
925
908
988
888
766
884
710
821
752
850
857
471
693
834
590
635
758
613
667
515
513
448
364
252
397
301
414
377
788
689
663
655
748
1063
537
312
285
405
188
228
166
160
211
196
151
127
93
41
296
515
313
430
327
287
136
352
764
723
751
772
857
853
870
931
1037
811
1018
872
681
698
375
405
812
796
783
748
664
556
664
656
761
693
618
551
1039
762
827
901
967
796
1094
889
1169
495
722
648
1018
957
786
1139
797
821
734
785
833
897
1066
975
911
935
879
741
890
1025
813
710
893
859
795
774
843
1215
821
524
741
921
558
573
638
461
916
1129
902
389
652
408
520
272
574
411
671
446
716
519
763
658
607
704
652
718
682
617
277
434
431
316
683
708
738
920
884
899
881
735
884
843
789
723
769
773
788
766
715
801
825
743
825
830
749
805
769
762
857
900
629
860
872
650
939
595
948
981
819
852
826
904
566
975
939
850
472
701
726
878
884
887
626
417
763
170
219
333
392
475
493
527
555
620
674
120
945
1556
945
1143
1049
1080
1296
1157
1254
1262
1077
852
1230
897
1297
1308
566
1182
979
1116
1320
1121
1095
1160
1178
1294
1157
1309
1381
1039
1503
1225
1458
1087
1039
995
1421
1352
1410
646
1212
1061
1208
1069
1249
1465
1296
776
975
1276
1125
882
1230
965
1337
1531
1051
1067
1391
1316
1211
1375
1070
1136
1251
1134
1235
1028
972
816
1178
898
534
174
671
580
590
684
820
890
798
718
619
611
806
1049
827
1016
1181
1184
1057
1020
1070
1100
814
1019
977
870
918
985
873
898
891
101
272
270
374
420
700
1191
893
1140
1148
968
1144
1100
1083
999
1012
876
1019
1197
1319
968
1065
1012
1111
1071
1125
863
1008
1002
1125
1179
1384
973
842
837
825
746
932
835
718
735
825
894
938
1077
562
897
791
1053
835
1267
1010
768
932
928
1009
1114
928
1107
870
857
1049
851
750
845
551
380
306
687
867
690
536
776
506
664
485
296
855
168
427
691
760
877
859
803
893
681
857
1251
1357
1177
524
279
391
451
557
241
380
803
962
936
911
903
1038
1100
1144
1079
867
600
958
1036
1067
1141
835
905
860
806
731
902
1039
877
1078
1026
661
430
441
595
584
576
359
377
482
637
551
370
84
358
393
360
841
709
784
852
925
748
559
448
401
512
588
670
791
635
547
101
360
144
14
468
236
117
794
788
983
928
759
623
705
650
542
399
245
324
392
307
326
580
680
867
738
764
735
793
647
689
572
742
546
842
1208
930
1264
999
1346
1178
1242
1232
1262
1198
1175
698
1195
1030
1355
1235
1225
1063
1236
1367
840
900
1177
1151
1160
1337
1479
1550
1268
733
762
733
801
947
1071
1276
1051
1517
1093
1281
1276
1353
1210
1092
1175
1214
1219
1171
1293
860
1208
1045
1168
742
765
570
586
525
749
828
779
698
776
625
821
662
778
691
785
894
796
812
715
680
783
930
938
1049
1229
1184
1036
1316
1185
1039
1196
1160
962
1233
1040
1141
1441
1347
1012
732
845
865
1037
1236
1219
1010
911
918
794
686
714
850
597
685
739
891
536
529
349
260
211
147
127
144
202
355
320
347
258
287
217
236
211
181
211
194
388
147
151
127
296
320
448
135
221
387
456
521
528
363
370
478
545
586
607
520
620
517
655
550
410
599
614
529
489
619
474
489
387
228
274
288
235
353
490
793
654
617
460
584
479
401
299
296
120
168
151
151
211
161
245
124
657
321
101
367
381
331
383
574
509
441
404
507
397
473
546
454
428
341
424
401
513
492
387
488
640
616
811
760
728
657
528
670
638
692
837
718
645
820
647
679
659
857
806
695
697
686
767
795
930
555
1354
1033
1337
589
828
559
857
826
512
597
417
576
535
507
444
502
502
511
535
791
1258
918
1306
1067
861
552
430
755
654
651
702
618
844
762
735
906
789
690
803
833
730
642
688
802
829
777
695
722
546
946
879
910
555
649
1077
894
881
918
882
684
972
860
610
760
888
779
845
770
795
1028
733
612
672
600
166
253
294
238
185
96
346
130
194
167
253
144
118
42
42
86
279
173
144
177
188
270
249
303
379
440
448
279
572
765
621
582
577
287
324
478
284
333
354
294
113
253
117
219
482
534
474
573
476
689
585
583
625
550
349
210
439
472
236
228
237
202
689
695
786
1074
728
944
762
597
810
914
1026
776
825
821
543
733
765
608
517
858
753
1066
904
803
769
537
636
815
833
765
489
559
586
708
770
789
926
762
531
843
856
739
404
515
658
617
812
725
624
680
551
722
762
661
778
632
962
641
551
439
496
624
676
601
513
438
418
370
417
400
516
489
296
601
455
456
576
616
566
571
620
880
449
335
385
518
461
411
478
439
364
452
580
808
834
668
380
650
707
543
373
431
588
636
669
556
628
580
526
367
439
560
529
701
793
526
628
600
842
844
813
785
640
720
512
668
681
637
668
387
487
391
574
370
332
514
528
704
539
546
550
398
568
571
526
392
297
434
455
475
478
467
566
481
402
539
546
648
647
388
323
645
538
653
522
478
647
499
450
346
276
358
384
320
428
422
423
461
407
434
303
474
367
303
215
259
262
237
211
366
427
499
534
354
230
290
279
206
401
441
508
472
309
310
380
312
184
168
185
235
287
262
189
118
151
101
412
245
245
211
219
79
84
144
118
131
144
127
120
160
151
177
117
194
151
76
101
96
177
118
212
388
286
317
245
134
160
84
93
67
42
29
50
110
76
67
50
33
26
50
42
42
67
42
59
84
138
127
110
63
110
84
33
204
76
67
25
360
194
73
50
33
42
42
59
67
86
451
505
894
696
445
454
367
238
249
428
330
354
347
395
392
346
259
401
471
519
698
600
766
877
876
766
624
837
915
736
695
705
699
644
646
551
284
372
627
924
654
531
631
600
244
405
330
422
217
287
416
777
506
688
493
605
539
691
1022
967
866
796
644
921
816
444
151
206
202
173
185
140
598
715
678
588
468
535
616
556
536
475
718
850
884
566
712
831
1022
911
1171
848
1293
1090
1019
975
697
826
914
979
971
948
925
908
988
888
766
884
710
821
752
850
857
471
693
834
590
635
758
613
667
515
513
448
364
252
397
301
414
377
788
689
663
655
748
1063
537
312
285
405
188
228
166
160
211
196
151
127
93
41
296
515
313
430
327
287
136
352
764
723
751
772
857
853
870
931
1037
811
1018
872
681
698
375
405
812
796
783
748
664
556
664
656
761
693
618
551
1039
762
827
901
967
796
1094
889
1169
495
722
648
1018
957
786
1139
797
821
734
785
833
897
1066
975
911
935
879
741
890
1025
813
710
893
859
795
774
843
1215
821
524
741
921
558
573
638
461
916
1129
902
389
652
408
520
272
574
411
671
446
716
519
763
658
607
704
652
718
682
617
277
434
431
316
683
708
738
920
884
899
881
735
884
843
789
723
769
773
788
766
715
801
825
743
825
830
749
805
769
762
857
900
629
860
872
650
939
595
948
981
819
852
826
904
566
975
939
850
472
701
726
878
884
887
626
417
763
170
219
333
392
475
493
527
555
620
674
120
945
1556
945
1143
1049
1080
1296
1157
1254
1262
1077
852
1230
897
1297
1308
566
1182
979
1116
1320
1121
1095
1160
1178
1294
1157
1309
1381
1039
1503
1225
1458
1087
1039
995
1421
1352
1410
646
1212
1061
1208
1069
1249
1465
1296
776
975
1276
1125
882
1230
965
1337
1531
1051
1067
1391
1316
1211
1375
1070
1136
1251
1134
1235
1028
972
816
1178
898
534
174
671
580
590
684
820
890
798
718
619
611
806
1049
827
1016
1181
1184
1057
1020
1070
1100
814
1019
977
870
918
985
873
898
891
101
272
270
374
420
700
1191
893
1140
1148
968
1144
1100
1083
999
1012
876
1019
1197
1319
968
1065
1012
1111
1071
1125
863
1008
1002
1125
1179
1384
973
842
837
825
746
932
835
718
735
825
894
938
1077
562
897
791
1053
835
1267
1010
768
932
928
1009
1114
928
1107
870
857
1049
851
750
845
551
380
306
687
867
690
536
776
506
664
485
296
855
168
427
691
760
877
859
803
893
681
857
1251
1357
1177
524
279
391
451
557
241
380
803
962
936
911
903
1038
1100
1144
1079
867
600
958
1036
1067
1141
835
905
860
806
731
902
1039
877
1078
1026
661
430
441
595
584
576
359
377
482
637
551
370
84
358
393
360
841
709
784
852
925
748
559
448
401
512
588
670
791
635
547
101
360
144
14
468
236
117
794
788
983
928
759
623
705
650
542
399
245
324
392
307
326
580
680
867
738
764
735
793
647
689
572
742
546
842
1208
930
1264
999
1346
1178
1242
1232
1262
1198
1175
698
1195
1030
1355
1235
1225
1063
1236
1367
840
900
1177
1151
1160
1337
1479
1550
1268
733
762
733
801
947
1071
1276
1051
1517
1093
1281
1276
1353
1210
1092
1175
1214
1219
1171
1293
860
1208
1045
1168
742
765
570
586
525
749
828
779
698
776
625
821
662
778
691
785
894
796
812
715
680
783
930
938
1049
1229
1184
1036
1316
1185
1039
1196
1160
962
1233
1040
1141
1441
1347
1012
732
845
865
1037
1236
1219
1010
911
918
794
686
714
850
597
685
739
891
536
529
349
260
211
147
127
144
202
355
320
347
258
287
217
236
211
181
211
194
388
147
151
127
296
320
448
135
221
387
456
521
528
363
370
478
545
586
607
520
620
517
655
550
410
599
614
529
489
619
474
489
387
228
274
288
235
353
490
793
654
617
460
584
479
401
299
296
120
168
151
151
211
161
245
124
657
321
101
367
381
331
383
574
509
441
404
507
397
473
546
454
428
341
424
401
513
492
387
488
640
616
811
760
728
657
528
670
638
692
837
718
645
820
647
679
659
857
806
695
697
686
767
795
930
555
1354
1033
1337
589
828
559
857
826
512
597
417
576
535
507
444
502
502
511
535
791
1258
918
1306
1067
861
552
430
755
654
651
702
618
844
762
735
906
789
690
803
833
730
642
688
802
829
777
695
722
546
946
879
910
555
649
1077
894
881
918
882
684
972
860
610
760
888
779
845
770
795
1028
733
612
672
600
166
253
294
238
185
96
346
130
194
167
253
144
118
42
42
86
279
173
144
177
188
270
249
303
379
440
448
279
572
765
621
582
577
287
324
478
284
333
354
294
113
253
117
219
482
534
474
573
476
689
585
583
625
550
349
210
439
472
236
228
237
202
689
695
786
1074
728
944
762
597
810
914
1026
776
825
821
543
733
765
608
517
858
753
1066
904
803
769
537
636
815
833
765
489
559
586
708
770
789
926
762
531
843
856
739
404
515
658
617
812
725
624
680
551
722
762
661
778
632
962
641
551
439
496
624
676
601
513
438
418
370
417
400
516
489
296
601
455
456
576
616
566
571
620
880
449
335
385
518
461
411
478
439
364
452
580
808
834
668
380
650
707
543
373
431
588
636
669
556
628
580
526
367
439
560
529
701
793
526
628
600
842
844
813
785
640
720
512
668
681
637
668
387
487
391
574
370
332
514
528
704
539
546
550
398
568
571
526
392
297
434
455
475
478
467
566
481
402
539
546
648
647
388
323
645
538
653
522
478
647
499
450
346
276
358
384
320
428
422
423
461
407
434
303
474
367
303
215
259
262
237
211
366
427
499
534
354
230
290
279
206
401
441
508
472
309
310
380
312
184
168
185
235
287
262
189
118
151
101
412
245
245
211
219
79
84
144
118
131
144
127
120
160
151
177
117
194
151
76
101
96
177
118
212
388
286
317
245
134
160
84
93
67
42
29
50
110
76
67
50
33
26
50
42
42
67
42
59
84
138
127
110
63
110
84
33
204
76
67
25
360
194
73
50
33
42
42
59
67
86
451
505
894
696
445
454
367
238
249
428
330
354
347
395
392
346
259
401
471
519
698
600
766
877
876
766
624
837
915
736
695
705
699
644
646
551
284
372
627
924
654
531
631
600
244
405
330
422
217
287
416
777
506
688
493
605
539
691
1022
967
866
796
644
921
816
444
151
206
202
173
185
140
598
715
678
588
468
535
616
556
536
475
718
850
884
566
712
831
1022
911
1171
848
1293
1090
1019
975
697
826
914
979
971
948
925
908
988
888
766
884
710
821
752
850
857
471
693
834
590
635
758
613
667
515
513
448
364
252
397
301
414
377
788
689
663
655
748
1063
537
312
285
405
188
228
166
160
211
196
151
127
93
41
296
515
313
430
327
287
136
352
764
723
751
772
857
853
870
931
1037
811
1018
872
681
698
375
405
812
796
783
748
664
556
664
656
761
693
618
551
1039
762
827
901
967
796
1094
889
1169
495
722
648
1018
957
786
1139
797
821
734
785
833
897
1066
975
911
935
879
741
890
1025
813
710
893
859
795
774
843
1215
821
524
741
921
558
573
638
461
916
1129
902
389
652
408
520
272
574
411
671
446
716
519
763
658
607
704
652
718
682
617
277
434
431
316
683
708
738
920
884
899
881
735
884
843
789
723
769
773
788
766
715
801
825
743
825
830
749
805
769
762
857
900
629
860
872
650
939
595
948
981
819
852
826
904
566
975
939
850
472
701
726
878
884
887
626
417
763
170
219
333
392
475
493
527
555
620
674
120
