104
970
1073
933
890
900
653
758
939
984
471
653
730
656
432
343
402
197
197
168
476
380
256
318
341
237
228
224
147
188
185
278
188
188
150
197
145
218
90
90
99
66
242
151
108
71
62
35
71
57
62
26
26
233
58
188
144
120
179
153
85
99
17
296
53
62
96
359
242
175
260
249
287
151
117
126
80
103
135
170
125
233
185
410
606
493
442
508
404
214
303
528
593
278
172
188
121
170
190
356
443
537
517
977
788
632
768
871
1218
1263
1299
997
938
847
726
878
723
940
828
974
1226
1293
1109
1202
1057
944
1014
984
916
795
852
900
884
938
835
1272
1075
921
1044
1225
1221
1046
1161
1068
1106
1027
923
1148
951
728
817
927
918
779
797
811
849
940
842
1102
938
1063
670
1092
705
846
997
1028
1178
1105
1169
1092
1334
1202
1060
448
271
233
316
855
1101
1063
956
1005
840
859
940
870
936
1052
1036
655
904
802
839
1140
1256
958
954
897
792
836
605
968
835
845
490
377
296
205
170
161
282
562
851
908
677
1004
828
652
695
973
1043
996
664
905
691
877
790
856
371
465
357
600
618
685
566
426
332
80
233
357
452
797
918
894
928
883
1190
1181
982
744
747
791
868
746
1095
782
973
761
611
824
770
689
781
723
692
812
853
674
445
578
529
365
486
742
724
481
553
496
629
339
357
170
269
269
193
468
586
785
776
854
747
720
965
917
878
872
876
880
889
1016
871
1027
1009
1006
1107
1082
754
1068
1037
1088
1037
1177
1244
825
1181
1071
842
1064
1082
1160
1256
1145
1037
1123
936
1137
1028
1134
1079
1110
1087
1041
834
1156
1132
781
948
534
966
964
894
681
848
834
632
844
598
833
719
670
796
854
903
934
936
1100
1055
1049
1131
733
1099
1150
1063
827
1028
1068
1002
1087
980
884
818
927
1009
738
900
819
878
754
620
683
888
873
825
773
788
1050
933
531
960
1030
949
1023
852
838
559
821
836
713
782
962
919
1124
984
908
1114
1007
844
810
1009
1027
986
1076
994
971
1098
903
881
1009
1123
958
819
1005
1080
1464
985
1051
1075
838
972
903
889
966
960
1018
984
901
769
759
887
1155
754
844
837
900
1004
860
830
652
677
1018
990
591
933
673
236
638
651
577
639
439
316
339
439
494
230
655
390
335
513
656
251
395
198
170
206
278
171
449
244
584
431
278
186
233
206
168
350
122
260
227
413
289
267
296
296
213
281
359
194
224
260
113
269
195
197
206
117
215
224
131
215
135
125
332
151
197
141
215
144
80
117
429
511
522
576
627
825
1004
545
682
551
629
523
425
444
461
489
211
234
170
108
677
205
44
80
457
315
432
535
479
48
821
586
295
347
440
344
306
338
173
215
206
250
467
646
482
453
306
240
388
540
400
354
251
206
198
637
618
522
566
447
389
385
560
397
292
232
332
358
438
277
235
233
172
215
152
251
227
251
149
242
200
224
188
130
99
117
90
145
400
170
90
188
98
197
161
138
144
312
233
461
306
143
724
628
671
344
170
409
117
117
161
295
720
729
728
362
355
543
407
422
358
282
361
315
195
341
310
246
367
483
782
618
761
890
791
941
902
970
1009
1009
1055
942
400
701
949
1110
888
980
1143
1235
853
778
786
879
834
886
921
1107
972
517
535
448
590
469
476
503
499
698
802
490
600
425
556
645
513
484
719
678
517
359
407
518
560
480
586
603
604
616
483
667
715
730
600
747
666
788
816
645
862
819
842
928
707
735
839
940
960
1070
1092
1012
641
618
756
871
895
745
947
1057
961
710
762
988
941
908
904
834
738
654
666
1072
862
991
695
874
926
926
974
1225
756
839
1054
884
926
970
1117
949
750
735
316
954
779
860
863
739
819
945
711
770
756
591
385
341
269
595
853
857
981
699
945
949
715
1153
706
734
736
920
1119
893
1052
935
945
977
987
912
535
881
1019
739
1008
729
1018
1050
989
1065
911
1037
965
1079
1080
958
858
7
792
1440
1221
179
260
453
512
825
757
1097
983
977
1126
1171
1212
843
638
687
604
335
207
368
186
179
213
393
460
368
299
242
453
693
444
161
126
117
80
292
315
575
757
547
458
319
312
422
510
405
403
373
268
498
407
260
352
350
390
351
197
197
344
541
500
204
376
633
742
678
644
637
672
543
584
566
602
670
534
269
124
610
823
621
637
769
651
419
690
897
697
1002
880
440
715
974
770
820
827
991
881
1051
1289
1057
653
627
590
880
923
689
468
345
646
545
514
371
864
1014
848
887
894
683
652
1041
781
897
778
897
581
575
677
714
478
517
467
368
586
667
638
686
455
687
696
710
834
835
741
524
317
251
701
770
771
809
809
938
903
656
722
542
677
495
364
698
799
715
475
554
377
236
278
455
571
615
653
529
670
746
756
816
733
752
752
712
439
718
725
752
722
730
511
825
805
716
835
872
924
915
989
964
945
868
724
485
310
450
431
342
490
373
291
407
220
706
639
558
323
238
665
932
891
722
954
1188
910
1182
876
945
865
678
646
867
825
735
901
1276
954
867
863
883
820
848
979
696
750
603
644
524
328
909
869
811
819
738
581
745
903
808
587
287
108
78
799
979
911
771
1124
1133
901
733
732
710
538
482
421
416
528
818
586
724
835
608
991
806
958
873
848
806
650
522
264
305
410
315
17
484
451
448
427
1040
1112
1128
1067
1203
1156
968
1406
1046
767
616
44
71
522
390
500
357
644
893
1071
1201
1275
1036
1338
1109
990
912
1076
974
1105
955
1047
1134
1064
903
957
588
272
179
625
995
1128
1188
917
746
686
687
555
445
411
461
483
462
508
323
231
266
332
430
458
307
306
104
970
1073
933
890
900
653
758
939
984
471
653
730
656
432
343
402
197
197
168
476
380
256
318
341
237
228
224
147
188
185
278
188
188
150
197
145
218
90
90
99
66
242
151
108
71
62
35
71
57
62
26
26
233
58
188
144
120
179
153
85
99
17
296
53
62
96
359
242
175
260
249
287
151
117
126
80
103
135
170
125
233
185
410
606
493
442
508
404
214
303
528
593
278
172
188
121
170
190
356
443
537
517
977
788
632
768
871
1218
1263
1299
997
938
847
726
878
723
940
828
974
1226
1293
1109
1202
1057
944
1014
984
916
795
852
900
884
938
835
1272
1075
921
1044
1225
1221
1046
1161
1068
1106
1027
923
1148
951
728
817
927
918
779
797
811
849
940
842
1102
938
1063
670
1092
705
846
997
1028
1178
1105
1169
1092
1334
1202
1060
448
271
233
316
855
1101
1063
956
1005
840
859
940
870
936
1052
1036
655
904
802
839
1140
1256
958
954
897
792
836
605
968
835
845
490
377
296
205
170
161
282
562
851
908
677
1004
828
652
695
973
1043
996
664
905
691
877
790
856
371
465
357
600
618
685
566
426
332
80
233
357
452
797
918
894
928
883
1190
1181
982
744
747
791
868
746
1095
782
973
761
611
824
770
689
781
723
692
812
853
674
445
578
529
365
486
742
724
481
553
496
629
339
357
170
269
269
193
468
586
785
776
854
747
720
965
917
878
872
876
880
889
1016
871
1027
1009
1006
1107
1082
754
1068
1037
1088
1037
1177
1244
825
1181
1071
842
1064
1082
1160
1256
1145
1037
1123
936
1137
1028
1134
1079
1110
1087
1041
834
1156
1132
781
948
534
966
964
894
681
848
834
632
844
598
833
719
670
796
854
903
934
936
1100
1055
1049
1131
733
1099
1150
1063
827
1028
1068
1002
1087
980
884
818
927
1009
738
900
819
878
754
620
683
888
873
825
773
788
1050
933
531
960
1030
949
1023
852
838
559
821
836
713
782
962
919
1124
984
908
1114
1007
844
810
1009
1027
986
1076
994
971
1098
903
881
1009
1123
958
819
1005
1080
1464
985
1051
1075
838
972
903
889
966
960
1018
984
901
769
759
887
1155
754
844
837
900
1004
860
830
652
677
1018
990
591
933
673
236
638
651
577
639
439
316
339
439
494
230
655
390
335
513
656
251
395
198
170
206
278
171
449
244
584
431
278
186
233
206
168
350
122
260
227
413
289
267
296
296
213
281
359
194
224
260
113
269
195
197
206
117
215
224
131
215
135
125
332
151
197
141
215
144
80
117
429
511
522
576
627
825
1004
545
682
551
629
523
425
444
461
489
211
234
170
108
677
205
44
80
457
315
432
535
479
48
821
586
295
347
440
344
306
338
173
215
206
250
467
646
482
453
306
240
388
540
400
354
251
206
198
637
618
522
566
447
389
385
560
397
292
232
332
358
438
277
235
233
172
215
152
251
227
251
149
242
200
224
188
130
99
117
90
145
400
170
90
188
98
197
161
138
144
312
233
461
306
143
724
628
671
344
170
409
117
117
161
295
720
729
728
362
355
543
407
422
358
282
361
315
195
341
310
246
367
483
782
618
761
890
791
941
902
970
1009
1009
1055
942
400
701
949
1110
888
980
1143
1235
853
778
786
879
834
886
921
1107
972
517
535
448
590
469
476
503
499
698
802
490
600
425
556
645
513
484
719
678
517
359
407
518
560
480
586
603
604
616
483
667
715
730
600
747
666
788
816
645
862
819
842
928
707
735
839
940
960
1070
1092
1012
641
618
756
871
895
745
947
1057
961
710
762
988
941
908
904
834
738
654
666
1072
862
991
695
874
926
926
974
1225
756
839
1054
884
926
970
1117
949
750
735
316
954
779
860
863
739
819
945
711
770
756
591
385
341
269
595
853
857
981
699
945
949
715
1153
706
734
736
920
1119
893
1052
935
945
977
987
912
535
881
1019
739
1008
729
1018
1050
989
1065
911
1037
965
1079
1080
958
858
7
792
1440
1221
179
260
453
512
825
757
1097
983
977
1126
1171
1212
843
638
687
604
335
207
368
186
179
213
393
460
368
299
242
453
693
444
161
126
117
80
292
315
575
757
547
458
319
312
422
510
405
403
373
268
498
407
260
352
350
390
351
197
197
344
541
500
204
376
633
742
678
644
637
672
543
584
566
602
670
534
269
124
610
823
621
637
769
651
419
690
897
697
1002
880
440
715
974
770
820
827
991
881
1051
1289
1057
653
627
590
880
923
689
468
345
646
545
514
371
864
1014
848
887
894
683
652
1041
781
897
778
897
581
575
677
714
478
517
467
368
586
667
638
686
455
687
696
710
834
835
741
524
317
251
701
770
771
809
809
938
903
656
722
542
677
495
364
698
799
715
475
554
377
236
278
455
571
615
653
529
670
746
756
816
733
752
752
712
439
718
725
752
722
730
511
825
805
716
835
872
924
915
989
964
945
868
724
485
310
450
431
342
490
373
291
407
220
706
639
558
323
238
665
932
891
722
954
1188
910
1182
876
945
865
678
646
867
825
735
901
1276
954
867
863
883
820
848
979
696
750
603
644
524
328
909
869
811
819
738
581
745
903
808
587
287
108
78
799
979
911
771
1124
1133
901
733
732
710
538
482
421
416
528
818
586
724
835
608
991
806
958
873
848
806
650
522
264
305
410
315
17
484
451
448
427
1040
1112
1128
1067
1203
1156
968
1406
1046
767
616
44
71
522
390
500
357
644
893
1071
1201
1275
1036
1338
1109
990
912
1076
974
1105
955
1047
1134
1064
903
957
588
272
179
625
995
1128
1188
917
746
686
687
555
445
411
461
483
462
508
323
231
266
332
430
458
307
306
104
970
1073
933
890
900
653
758
939
984
471
653
730
656
432
343
402
197
197
168
476
380
256
318
341
237
228
224
147
188
185
278
188
188
150
197
145
218
90
90
99
66
242
151
108
71
62
35
71
57
62
26
26
233
58
188
144
120
179
153
85
99
17
296
53
62
96
359
242
175
260
249
287
151
117
126
80
103
135
170
125
233
185
410
606
493
442
508
404
214
303
528
593
278
172
188
121
170
190
356
443
537
517
977
788
632
768
871
1218
1263
1299
997
938
847
726
878
723
940
828
974
1226
1293
1109
1202
1057
944
1014
984
916
795
852
900
884
938
835
1272
1075
921
1044
1225
1221
1046
1161
1068
1106
1027
923
1148
951
728
817
927
918
779
797
811
849
940
842
1102
938
1063
670
1092
705
846
997
1028
1178
1105
1169
1092
1334
1202
1060
448
271
233
316
855
1101
1063
956
1005
840
859
940
870
936
1052
1036
655
904
802
839
1140
1256
958
954
897
792
836
605
968
835
845
490
377
296
205
170
161
282
562
851
908
677
1004
828
652
695
973
1043
996
664
905
691
877
790
856
371
465
357
600
618
685
566
426
332
80
233
357
452
797
918
894
928
883
1190
1181
982
744
747
791
868
746
1095
782
973
761
611
824
770
689
781
723
692
812
853
674
445
578
529
365
486
742
724
481
553
496
629
339
357
170
269
269
193
468
586
785
776
854
747
720
965
917
878
872
876
880
889
1016
871
1027
1009
1006
1107
1082
754
1068
1037
1088
1037
1177
1244
825
1181
1071
842
1064
1082
1160
1256
1145
1037
1123
936
1137
1028
1134
1079
1110
1087
1041
834
1156
1132
781
948
534
966
964
894
681
848
834
632
844
598
833
719
670
796
854
903
934
936
1100
1055
1049
1131
733
1099
1150
1063
827
1028
1068
1002
1087
980
884
818
927
1009
738
900
819
878
754
620
683
888
873
825
773
788
1050
933
531
960
1030
949
1023
852
838
559
821
836
713
782
962
919
1124
984
908
1114
1007
844
810
1009
1027
986
1076
994
971
1098
903
881
1009
1123
958
819
1005
1080
1464
985
1051
1075
838
972
903
889
966
960
1018
984
901
769
759
887
1155
754
844
837
900
1004
860
830
652
677
1018
990
591
933
673
236
638
651
577
639
439
316
339
439
494
230
655
390
335
513
656
251
395
198
170
206
278
171
449
244
584
431
278
186
233
206
168
350
122
260
227
413
289
267
296
296
213
281
359
194
224
260
113
269
195
197
206
117
215
224
131
215
135
125
332
151
197
141
215
144
80
117
429
511
522
576
627
825
1004
545
682
551
629
523
425
444
461
489
211
234
170
108
677
205
44
80
457
315
432
535
479
48
821
586
295
347
440
344
306
338
173
215
206
250
467
646
482
453
306
240
388
540
400
354
251
206
198
637
618
522
566
447
389
385
560
397
292
232
332
358
438
277
235
233
172
215
152
251
227
251
149
242
200
224
188
130
99
117
90
145
400
170
90
188
98
197
161
138
144
312
233
461
306
143
724
628
671
344
170
409
117
117
161
295
720
729
728
362
355
543
407
422
358
282
361
315
195
341
310
246
367
483
782
618
761
890
791
941
902
970
1009
1009
1055
942
400
701
949
1110
888
980
1143
1235
853
778
786
879
834
886
921
1107
972
517
535
448
590
469
476
503
499
698
802
490
600
425
556
645
513
484
719
678
517
359
407
518
560
480
586
603
604
616
483
667
715
730
600
747
666
788
816
645
862
819
842
928
707
735
839
940
960
1070
1092
1012
641
618
756
871
895
745
947
1057
961
710
762
988
941
908
904
834
738
654
666
1072
862
991
695
874
926
926
974
1225
756
839
1054
884
926
970
1117
949
750
735
316
954
779
860
863
739
819
945
711
770
756
591
385
341
269
595
853
857
981
699
945
949
715
1153
706
734
736
920
1119
893
1052
935
945
977
987
912
535
881
1019
739
1008
729
1018
1050
989
1065
911
1037
965
1079
1080
958
858
