984
711
138
443
639
635
566
742
470
500
515
444
605
490
454
515
418
530
425
530
324
448
515
465
518
613
700
833
909
865
858
786
833
801
847
881
908
951
181
1349
887
844
931
933
1016
898
935
937
915
1050
919
661
659
751
800
439
105
217
408
358
574
744
858
601
376
372
439
469
588
660
378
324
500
291
242
212
151
131
212
542
971
779
812
617
816
609
634
670
675
785
1108
610
847
552
677
289
530
462
451
454
351
423
390
461
538
603
646
736
666
559
605
609
690
886
884
902
906
812
760
363
1136
1517
1541
1334
511
570
559
506
663
1297
1136
1209
1579
845
378
181
873
1285
869
1006
1237
1023
844
945
1593
1413
2427
2138
1609
1623
1655
1601
1569
1647
775
378
386
577
841
988
966
855
270
920
843
650
681
446
567
589
430
530
429
497
681
440
432
613
589
250
317
340
559
465
465
378
212
17
42
1259
1699
1548
1360
1494
1218
1654
1810
1536
1251
1254
1450
1683
1490
1541
1705
1382
1409
1533
1470
1442
1306
1410
926
609
711
915
671
645
787
469
401
439
347
205
787
425
393
351
363
443
515
354
363
361
270
120
332
237
227
470
227
430
500
237
317
181
184
59
605
205
454
303
530
558
902
865
650
653
1060
815
789
857
1046
917
940
286
524
530
278
105
369
653
544
466
1162
1139
744
1009
976
905
969
692
416
363
239
302
390
484
328
609
732
840
971
1100
1797
1786
1825
1409
708
1425
1194
1142
1590
1954
1683
898
1197
660
1014
367
610
620
826
1272
1321
1541
1885
1763
1471
1088
1532
1446
1497
1507
1618
2267
2222
2038
2320
1998
1143
1802
1934
1883
2052
1973
2001
2437
2363
2265
2439
2442
2612
2128
2628
2314
2217
2186
2006
2099
2208
1386
1732
1690
1608
1839
1756
1908
1791
2260
2168
2088
2452
1864
1882
1901
2272
2201
1767
1677
1310
2085
1918
2020
1392
1703
1695
2087
1709
2113
1948
1972
2265
2376
2720
1530
1972
2354
2610
2322
2676
2285
1998
2001
2415
1952
2554
2164
2206
1966
1351
2224
2541
2027
2077
1946
1616
1885
2135
2192
2201
1710
1579
2002
2178
2237
2341
1640
1313
1590
1345
1119
1674
1781
1368
1065
1339
1626
1355
1093
1493
1994
1398
1640
2049
2208
1842
2008
1731
2167
2426
2305
1684
2041
1811
1851
1937
2078
1724
1835
1508
1712
1757
1922
1490
1449
1692
1706
1737
1999
1269
1269
1097
1251
1357
966
852
783
1290
652
765
559
181
79
378
493
740
726
165
699
833
1672
1362
1083
1028
854
899
711
433
448
271
672
693
762
801
879
645
937
1011
1081
1144
852
1045
1031
1078
989
938
1013
832
181
728
923
728
657
823
953
672
511
776
650
862
720
805
821
857
976
945
994
977
1115
808
1183
995
1124
1124
816
1197
967
1041
863
724
963
1189
1110
1492
1326
1377
1133
1330
1366
1129
841
1175
1196
1121
809
1043
1074
866
1201
883
1081
944
1013
991
1262
898
371
1150
725
848
862
902
508
782
960
938
980
956
757
952
1083
807
1075
688
890
848
845
858
865
876
942
909
825
578
771
637
635
670
663
635
483
553
726
617
598
641
726
441
574
530
742
621
787
726
711
502
605
454
559
313
484
500
299
378
374
1305
1164
1660
801
1463
964
516
916
1436
826
1045
951
1028
971
757
1345
861
567
624
848
1024
762
891
520
372
332
246
196
166
151
141
181
271
228
428
515
458
459
642
515
458
408
364
495
679
726
924
660
807
610
718
731
571
782
728
762
919
762
634
634
681
216
642
726
451
415
650
282
408
259
1266
854
850
1059
1420
1124
1359
1456
1083
1202
724
873
815
638
592
513
565
605
448
686
809
912
1067
513
837
677
791
938
1114
1052
926
1200
1219
1283
1229
865
1126
1339
865
931
724
580
488
545
526
515
234
332
309
515
498
526
605
302
393
228
605
387
414
574
368
317
226
271
181
790
674
583
706
652
423
520
574
327
426
559
382
363
227
271
292
363
242
232
302
166
66
212
302
369
367
574
411
923
666
599
450
515
542
696
602
1233
1180
785
559
332
196
234
166
630
332
397
363
559
679
522
605
457
469
587
493
803
756
717
880
829
865
934
1038
713
540
526
1619
1233
1582
1398
1281
850
910
1125
1039
899
439
299
666
476
495
515
881
902
1135
1103
1454
1172
1333
1591
1687
1685
1677
1587
1662
1998
1403
1540
1554
1705
2027
2107
1756
1601
1496
1429
1583
1618
1673
1207
1201
857
1061
1017
775
951
732
574
524
678
815
506
733
720
482
500
208
1089
1367
1063
1079
1519
1416
1085
1351
1002
1110
1129
1144
1092
1036
1247
1236
1256
1266
1638
1215
1197
1561
1529
1449
1323
1342
1067
1335
1064
1148
1197
1135
1274
1277
1443
1006
1481
1103
1083
1236
1237
1454
1472
1471
1417
1688
1215
1411
1573
1487
1452
1321
1683
1815
1998
1418
1182
1768
1180
614
1125
948
1155
1533
1525
1348
1548
1013
1272
1267
1421
1178
836
1211
760
542
778
1233
935
944
951
1154
1139
1025
1166
999
1492
1710
1287
1555
915
1135
789
1183
982
1252
1388
870
999
782
758
583
1273
1388
1487
1422
1443
1561
1446
1479
1432
1182
1493
1344
1858
1694
1431
1162
953
635
971
1056
1168
637
1025
1005
898
599
1063
967
1050
1023
937
888
987
1434
1313
1582
1655
1807
1616
1641
1624
1717
1424
1843
1712
1781
1813
1800
2269
196
87
501
726
1926
2588
1292
1074
1900
1236
1349
1103
1958
1434
2103
1853
1071
1190
1016
1126
1266
848
571
753
797
805
762
726
551
547
484
318
347
249
347
271
378
1326
1564
1497
1654
1677
1409
1434
1517
926
1416
801
807
639
677
616
951
850
1042
500
461
332
282
847
816
875
1157
1090
484
559
924
574
342
212
90
317
596
1267
1598
1000
1497
886
945
1039
1404
1269
1099
1233
1339
1007
574
962
1326
1175
1135
883
1136
1670
1485
906
544
394
1248
1417
1299
1013
1274
1003
969
859
851
703
601
335
196
338
439
332
302
439
454
404
439
302
321
549
635
419
461
758
919
772
717
801
602
393
447
378
321
589
711
762
966
816
513
574
378
515
390
620
818
567
635
436
530
479
423
479
581
1319
797
805
794
908
984
987
728
1139
1110
767
613
832
704
624
964
1164
1196
930
1005
776
574
408
281
151
227
552
827
1081
895
807
571
1245
808
1155
815
1330
1577
1005
1243
1128
948
291
585
1324
1582
2001
1398
1411
1285
1373
1241
1290
1678
1247
1456
1662
1601
1828
1958
1878
1470
1904
1349
1756
1862
1389
1651
1573
1743
1600
1741
1749
1500
1410
1297
1279
761
1172
1093
1345
1065
1256
1244
837
1005
905
641
739
607
648
672
938
548
852
886
786
324
423
1071
805
1309
1285
1219
1352
1499
1994
1512
1457
1703
1393
988
1184
649
917
891
589
923
855
1021
894
635
1100
1027
1085
1096
1024
912
1137
881
1226
1225
1276
1378
1251
1020
1313
1042
1197
1247
1335
832
1283
1092
1032
530
501
922
873
809
682
740
1009
530
558
1034
1071
922
672
1234
850
801
959
982
1024
1064
850
708
963
1097
956
756
998
854
955
790
650
632
768
866
663
707
12
944
1086
378
242
263
347
484
252
242
574
558
392
360
408
376
347
242
257
219
181
302
339
1207
984
711
138
443
639
635
566
742
470
500
515
444
605
490
454
515
418
530
425
530
324
448
515
465
518
613
700
833
909
865
858
786
833
801
847
881
908
951
181
1349
887
844
931
933
1016
898
935
937
915
1050
919
661
659
751
800
439
105
217
408
358
574
744
858
601
376
372
439
469
588
660
378
324
500
291
242
212
151
131
212
542
971
779
812
617
816
609
634
670
675
785
1108
610
847
552
677
289
530
462
451
454
351
423
390
461
538
603
646
736
666
559
605
609
690
886
884
902
906
812
760
363
1136
1517
1541
1334
511
570
559
506
663
1297
1136
1209
1579
845
378
181
873
1285
869
1006
1237
1023
844
945
1593
1413
2427
2138
1609
1623
1655
1601
1569
1647
775
378
386
577
841
988
966
855
270
920
843
650
681
446
567
589
430
530
429
497
681
440
432
613
589
250
317
340
559
465
465
378
212
17
42
1259
1699
1548
1360
1494
1218
1654
1810
1536
1251
1254
1450
1683
1490
1541
1705
1382
1409
1533
1470
1442
1306
1410
926
609
711
915
671
645
787
469
401
439
347
205
787
425
393
351
363
443
515
354
363
361
270
120
332
237
227
470
227
430
500
237
317
181
184
59
605
205
454
303
530
558
902
865
650
653
1060
815
789
857
1046
917
940
286
524
530
278
105
369
653
544
466
1162
1139
744
1009
976
905
969
692
416
363
239
302
390
484
328
609
732
840
971
1100
1797
1786
1825
1409
708
1425
1194
1142
1590
1954
1683
898
1197
660
1014
367
610
620
826
1272
1321
1541
1885
1763
1471
1088
1532
1446
1497
1507
1618
2267
2222
2038
2320
1998
1143
1802
1934
1883
2052
1973
2001
2437
2363
2265
2439
2442
2612
2128
2628
2314
2217
2186
2006
2099
2208
1386
1732
1690
1608
1839
1756
1908
1791
2260
2168
2088
2452
1864
1882
1901
2272
2201
1767
1677
1310
2085
1918
2020
1392
1703
1695
2087
1709
2113
1948
1972
2265
2376
2720
1530
1972
2354
2610
2322
2676
2285
1998
2001
2415
1952
2554
2164
2206
1966
1351
2224
2541
2027
2077
1946
1616
1885
2135
2192
2201
1710
1579
2002
2178
2237
2341
1640
1313
1590
1345
1119
1674
1781
1368
1065
1339
1626
1355
1093
1493
1994
1398
1640
2049
2208
1842
2008
1731
2167
2426
2305
1684
2041
1811
1851
1937
2078
1724
1835
1508
1712
1757
1922
1490
1449
1692
1706
1737
1999
1269
1269
1097
1251
1357
966
852
783
1290
652
765
559
181
79
378
493
740
726
165
699
833
1672
1362
1083
1028
854
899
711
433
448
271
672
693
762
801
879
645
937
1011
1081
1144
852
1045
1031
1078
989
938
1013
832
181
728
923
728
657
823
953
672
511
776
650
862
720
805
821
857
976
945
994
977
1115
808
1183
995
1124
1124
816
1197
967
1041
863
724
963
1189
1110
1492
1326
1377
1133
1330
1366
1129
841
1175
1196
1121
809
1043
1074
866
1201
883
1081
944
1013
991
1262
898
371
1150
725
848
862
902
508
782
960
938
980
956
757
952
1083
807
1075
688
890
848
845
858
865
876
942
909
825
578
771
637
635
670
663
635
483
553
726
617
598
641
726
441
574
530
742
621
787
726
711
502
605
454
559
313
484
500
299
378
374
1305
1164
1660
801
1463
964
516
916
1436
826
1045
951
1028
971
757
1345
861
567
624
848
1024
762
891
520
372
332
246
196
166
151
141
181
271
228
428
515
458
459
642
515
458
408
364
495
679
726
924
660
807
610
718
731
571
782
728
762
919
762
634
634
681
216
642
726
451
415
650
282
408
259
1266
854
850
1059
1420
1124
1359
1456
1083
1202
724
873
815
638
592
513
565
605
448
686
809
912
1067
513
837
677
791
938
1114
1052
926
1200
1219
1283
1229
865
1126
1339
865
931
724
580
488
545
526
515
234
332
309
515
498
526
605
302
393
228
605
387
414
574
368
317
226
271
181
790
674
583
706
652
423
520
574
327
426
559
382
363
227
271
292
363
242
232
302
166
66
212
302
369
367
574
411
923
666
599
450
515
542
696
602
1233
1180
785
559
332
196
234
166
630
332
397
363
559
679
522
605
457
469
587
493
803
756
717
880
829
865
934
1038
713
540
526
1619
1233
1582
1398
1281
850
910
1125
1039
899
439
299
666
476
495
515
881
902
1135
1103
1454
1172
1333
1591
1687
1685
1677
1587
1662
1998
1403
1540
1554
1705
2027
2107
1756
1601
1496
1429
1583
1618
1673
1207
1201
857
1061
1017
775
951
732
574
524
678
815
506
733
720
482
500
208
1089
1367
1063
1079
1519
1416
1085
1351
1002
1110
1129
1144
1092
1036
1247
1236
1256
1266
1638
1215
1197
1561
1529
1449
1323
1342
1067
1335
1064
1148
1197
1135
1274
1277
1443
1006
1481
1103
1083
1236
1237
1454
1472
1471
1417
1688
1215
1411
1573
1487
1452
1321
1683
1815
1998
1418
1182
1768
1180
614
1125
948
1155
1533
1525
1348
1548
1013
1272
1267
1421
1178
836
1211
760
542
778
1233
935
944
951
1154
1139
1025
1166
999
1492
1710
1287
1555
915
1135
789
1183
982
1252
1388
870
999
782
758
583
1273
1388
1487
1422
1443
1561
1446
1479
1432
1182
1493
1344
1858
1694
1431
1162
953
635
971
1056
1168
637
1025
1005
898
599
1063
967
1050
1023
937
888
987
1434
1313
1582
1655
1807
1616
1641
1624
1717
1424
1843
1712
1781
1813
1800
2269
196
87
501
726
1926
2588
1292
1074
1900
1236
1349
1103
1958
1434
2103
1853
1071
1190
1016
1126
1266
848
571
753
797
805
762
726
551
547
484
318
347
249
347
271
378
1326
1564
1497
1654
1677
1409
1434
1517
926
1416
801
807
639
677
616
951
850
1042
500
461
332
282
847
816
875
1157
1090
484
559
924
574
342
212
90
317
596
1267
1598
1000
1497
886
945
1039
1404
1269
1099
1233
1339
1007
574
962
1326
1175
1135
883
1136
1670
1485
906
544
394
1248
1417
1299
1013
1274
1003
969
859
851
703
601
335
196
338
439
332
302
439
454
404
439
302
321
549
635
419
461
758
919
772
717
801
602
393
447
378
321
589
711
762
966
816
513
574
378
515
390
620
818
567
635
436
530
479
423
479
581
1319
797
805
794
908
984
987
728
1139
1110
767
613
832
704
624
964
1164
1196
930
1005
776
574
408
281
151
227
552
827
1081
895
807
571
1245
808
1155
815
1330
1577
1005
1243
1128
948
291
585
1324
1582
2001
1398
1411
1285
1373
1241
1290
1678
1247
1456
1662
1601
1828
1958
1878
1470
1904
1349
1756
1862
1389
1651
1573
1743
1600
1741
1749
1500
1410
1297
1279
761
1172
1093
1345
1065
1256
1244
837
1005
905
641
739
607
648
672
938
548
852
886
786
324
423
1071
805
1309
1285
1219
1352
1499
1994
1512
1457
1703
1393
988
1184
649
917
891
589
923
855
1021
894
635
1100
1027
1085
1096
1024
912
1137
881
1226
1225
1276
1378
1251
1020
1313
1042
1197
1247
1335
832
1283
1092
1032
530
501
922
873
809
682
740
1009
530
558
1034
1071
922
672
1234
850
801
959
982
1024
1064
850
708
963
1097
956
756
998
854
955
790
650
632
768
866
663
707
12
944
1086
378
242
263
347
484
252
242
574
558
392
360
408
376
347
242
257
219
181
302
339
1207
984
711
138
443
639
635
566
742
470
500
515
444
605
490
454
515
418
530
425
530
324
448
515
465
518
613
700
833
909
865
858
786
833
801
847
881
908
951
181
1349
887
844
931
933
1016
898
935
937
915
1050
919
661
659
751
800
439
105
217
408
358
574
744
858
601
376
372
439
469
588
660
378
324
500
291
242
212
151
131
212
542
971
779
812
617
816
609
634
670
675
785
1108
610
847
552
677
289
530
462
451
454
351
423
390
461
538
603
646
736
666
559
605
609
690
886
884
902
906
812
760
363
1136
1517
1541
1334
511
570
559
506
663
1297
1136
1209
1579
845
378
181
873
1285
869
1006
1237
1023
844
945
1593
1413
2427
2138
1609
1623
1655
1601
1569
1647
775
378
386
577
841
988
966
855
270
920
843
650
681
446
567
589
430
530
429
497
681
440
432
613
589
250
317
340
559
465
465
378
212
17
42
1259
1699
1548
1360
1494
1218
1654
1810
1536
1251
1254
1450
1683
1490
1541
1705
1382
1409
1533
1470
1442
1306
1410
926
609
711
915
671
645
787
469
401
439
347
205
787
425
393
351
363
443
515
354
363
361
270
120
332
237
227
470
227
430
500
237
317
181
184
59
605
205
454
303
530
558
902
865
650
653
1060
815
789
857
1046
917
940
286
524
530
278
105
369
653
544
466
1162
1139
744
1009
976
905
969
692
416
363
239
302
390
484
328
609
732
840
971
1100
1797
1786
1825
1409
708
1425
1194
1142
1590
1954
1683
898
1197
660
1014
367
610
620
826
1272
1321
1541
1885
1763
1471
1088
1532
1446
1497
1507
1618
2267
2222
2038
2320
1998
1143
1802
1934
1883
2052
1973
2001
2437
2363
2265
2439
2442
2612
2128
2628
2314
2217
2186
2006
2099
2208
1386
1732
1690
1608
1839
1756
1908
1791
2260
2168
2088
2452
1864
1882
1901
2272
2201
1767
1677
1310
2085
1918
2020
1392
1703
1695
2087
1709
2113
1948
1972
2265
2376
2720
1530
1972
2354
2610
2322
2676
2285
1998
2001
2415
1952
2554
2164
2206
1966
1351
2224
2541
2027
2077
1946
1616
1885
2135
2192
2201
1710
1579
2002
2178
2237
2341
1640
1313
1590
1345
1119
1674
1781
1368
1065
1339
1626
1355
1093
1493
1994
1398
1640
2049
2208
1842
2008
1731
2167
2426
2305
1684
2041
1811
1851
1937
2078
1724
1835
1508
1712
1757
1922
1490
1449
1692
1706
1737
1999
1269
1269
1097
1251
1357
966
852
783
1290
652
765
559
181
79
378
493
740
726
165
699
833
1672
1362
1083
1028
854
899
711
433
448
271
672
693
762
801
879
645
937
1011
1081
1144
852
1045
1031
1078
989
938
1013
832
181
728
923
728
657
823
953
672
511
776
650
862
720
805
821
857
976
945
994
977
1115
808
1183
995
1124
1124
816
1197
967
1041
863
724
963
1189
1110
1492
1326
1377
1133
1330
1366
1129
841
1175
1196
1121
809
1043
1074
866
1201
883
1081
944
1013
991
1262
898
371
1150
725
848
862
902
508
782
960
938
980
956
757
952
1083
807
1075
688
890
848
845
858
865
876
942
909
825
578
771
637
635
670
663
635
483
553
726
617
598
641
726
441
574
530
742
621
787
726
711
502
605
454
559
313
484
500
299
378
374
1305
1164
1660
801
1463
964
516
916
1436
826
1045
951
1028
971
757
1345
861
567
624
848
1024
762
891
520
372
332
246
196
166
151
141
181
271
228
428
515
458
459
642
515
458
408
364
495
679
726
924
660
807
610
718
731
571
782
728
762
919
762
634
634
681
216
642
726
451
415
650
282
408
259
1266
854
850
1059
1420
1124
1359
1456
1083
1202
724
873
815
638
592
513
565
605
448
686
809
912
1067
513
837
677
791
938
1114
1052
926
1200
1219
1283
1229
865
1126
1339
865
931
724
580
488
545
526
515
234
332
309
515
498
526
605
302
393
228
605
387
414
574
368
317
226
271
181
790
674
583
706
652
423
520
574
327
426
559
382
363
227
271
292
363
242
232
302
166
66
212
302
369
367
574
411
923
666
599
450
515
542
696
602
1233
1180
785
559
332
196
234
166
630
332
397
363
559
679
522
605
457
469
587
493
803
756
717
880
829
865
934
1038
713
540
526
1619
1233
1582
1398
1281
850
910
1125
1039
899
439
299
666
476
495
515
881
902
1135
1103
1454
1172
1333
1591
1687
1685
1677
1587
1662
1998
1403
1540
1554
1705
2027
2107
1756
1601
1496
1429
1583
1618
1673
1207
1201
857
1061
1017
775
951
732
574
524
678
815
506
733
720
482
500
208
1089
1367
1063
1079
1519
1416
1085
1351
1002
1110
1129
1144
1092
1036
1247
1236
1256
1266
1638
1215
1197
1561
1529
1449
1323
1342
1067
1335
1064
1148
1197
1135
1274
1277
1443
1006
1481
1103
1083
1236
1237
1454
1472
1471
1417
1688
1215
1411
1573
1487
1452
1321
1683
1815
1998
1418
1182
1768
1180
614
1125
948
1155
1533
1525
1348
1548
1013
1272
1267
1421
1178
836
1211
760
542
778
1233
935
944
951
1154
1139
1025
1166
999
1492
1710
1287
1555
915
1135
789
1183
982
1252
1388
870
999
782
758
583
1273
1388
1487
1422
1443
1561
1446
1479
1432
1182
1493
1344
1858
1694
1431
1162
953
635
971
1056
1168
637
1025
1005
898
599
1063
967
1050
1023
937
888
987
1434
1313
1582
1655
1807
1616
1641
1624
1717
1424
1843
1712
1781
1813
1800
2269
196
