1177
1340
1193
1218
1072
1020
1175
1395
1408
1573
1843
1776
1553
1974
1778
1559
1794
1740
1442
1850
1560
1712
2161
2021
1518
1099
1268
1298
1556
1854
1829
1515
1366
1376
1191
1029
1071
1276
895
1028
1108
1337
804
794
523
390
316
221
190
215
303
532
480
521
387
431
325
354
316
271
316
291
582
221
227
190
443
480
671
203
332
580
684
781
792
544
556
718
817
880
910
780
930
776
983
825
615
898
921
793
734
928
711
734
581
341
411
432
353
530
735
1190
982
925
690
876
719
601
449
443
179
252
227
227
316
241
367
186
985
482
152
551
572
497
574
861
764
662
605
761
596
710
818
681
641
512
637
601
770
737
581
732
960
924
1217
1140
1092
985
792
1005
957
1038
1255
1077
968
1229
970
1019
989
1285
1210
1042
1045
1029
1151
1192
1395
832
2031
1549
2005
883
1242
838
1285
1240
767
895
625
864
802
761
667
754
754
766
802
1186
1887
1377
1959
1601
1292
828
645
1132
982
977
1053
927
1266
1144
1102
1359
1184
1035
1204
1249
1095
963
1031
1203
1243
1166
1042
1082
820
1419
1318
1365
832
973
1616
1340
1322
1377
1323
1027
1458
1291
916
1140
1332
1169
1268
1155
1192
1542
1100
918
1008
899
249
380
441
358
278
144
519
194
291
251
380
216
177
63
63
128
418
259
215
265
281
405
374
455
568
660
671
419
858
1147
932
873
866
431
486
717
426
500
531
441
169
380
176
329
722
801
711
859
714
1034
877
874
938
825
523
315
659
707
354
341
355
303
1034
1043
1180
1611
1093
1416
1142
895
1214
1371
1538
1163
1237
1232
815
1100
1147
912
776
1287
1130
1600
1355
1204
1153
806
954
1222
1249
1147
734
838
879
1061
1155
1183
1389
1144
796
1265
1284
1108
607
772
987
926
1218
1088
936
1020
826
1083
1144
991
1167
948
1442
961
826
659
744
935
1014
902
770
657
627
554
626
600
774
734
443
902
682
684
864
924
848
857
930
1320
674
502
578
777
692
616
718
659
546
678
870
1212
1251
1001
571
975
1060
815
560
646
882
954
1004
835
942
869
789
550
659
840
794
1052
1189
788
942
901
1263
1266
1219
1177
960
1080
769
1002
1021
955
1001
581
730
587
861
554
498
771
792
1056
809
818
825
597
852
857
789
588
446
652
683
713
718
700
848
721
603
809
820
972
971
582
484
968
807
979
784
718
970
749
675
520
414
537
575
480
642
633
634
692
611
651
455
711
551
455
322
388
392
355
316
549
640
749
801
531
345
435
418
309
601
661
762
708
463
465
570
468
277
252
278
352
431
392
284
177
227
152
618
367
367
316
329
119
126
215
177
197
215
190
181
240
227
265
176
291
227
113
152
145
265
177
318
582
428
476
367
201
240
126
139
101
63
43
75
164
113
101
75
50
39
75
63
63
101
63
88
126
207
190
164
94
164
126
50
306
113
101
37
541
291
109
75
50
63
63
88
101
130
677
757
1342
1044
668
681
551
357
374
641
495
531
521
593
588
519
388
601
706
778
1048
901
1149
1315
1314
1148
936
1255
1373
1104
1042
1058
1049
965
969
826
426
558
940
1386
980
796
947
899
366
608
495
633
325
431
624
1166
759
1031
740
908
809
1037
1533
1450
1299
1195
965
1382
1225
667
227
309
303
259
278
210
897
1072
1016
882
703
802
924
835
803
712
1078
1274
1327
850
1068
1247
1533
1367
1756
1272
1940
1634
1528
1462
1045
1240
1372
1469
1456
1421
1388
1361
1482
1332
1148
1327
1065
1232
1129
1274
1286
706
1039
1251
884
953
1137
920
1000
773
770
671
546
379
595
451
620
565
1182
1034
994
983
1122
1595
806
468
427
608
282
341
249
240
316
294
227
190
139
61
443
773
469
645
491
431
204
528
1146
1085
1126
1158
1285
1280
1305
1396
1556
1217
1527
1308
1022
1048
563
608
1218
1193
1175
1122
995
835
997
984
1141
1039
927
826
1558
1142
1241
1351
1450
1195
1641
1333
1754
742
1083
972
1527
1435
1180
1709
1196
1232
1101
1177
1249
1345
1600
1463
1367
1402
1318
1111
1335
1537
1220
1065
1339
1288
1192
1161
1265
1822
1232
786
1111
1382
837
859
957
691
1374
1693
1353
583
978
612
780
407
861
617
1006
669
1074
778
1145
987
910
1056
978
1078
1023
926
416
651
646
473
1024
1061
1107
1380
1327
1349
1322
1103
1327
1264
1184
1085
1153
1160
1182
1148
1073
1202
1237
1115
1237
1244
1124
1207
1154
1144
1285
1350
943
1291
1308
975
1409
892
1421
1471
1228
1278
1240
1357
848
1463
1409
1274
707
1051
1089
1317
1325
1331
939
625
1145
255
329
500
588
713
740
791
832
930
1012
179
1418
2334
1417
1714
1574
1621
1944
1735
1881
1893
1615
1278
1845
1345
1946
1962
848
1773
1469
1674
1979
1682
1643
1740
1766
1941
1735
1963
2072
1559
2255
1837
2188
1630
1559
1492
2131
2028
2115
969
1818
1592
1813
1603
1874
2198
1944
1163
1462
1913
1688
1323
1845
1447
2006
2297
1577
1601
2086
1974
1816
2063
1606
1704
1876
1700
1853
1542
1458
1225
1766
1347
801
260
1006
869
884
1026
1229
1335
1197
1078
928
917
1210
1573
1241
1524
1772
1776
1586
1530
1604
1649
1221
1529
1465
1306
1376
1477
1309
1347
1337
152
407
405
561
630
1050
1786
1339
1710
1721
1452
1717
1649
1624
1499
1518
1314
1529
1795
1978
1453
1597
1518
1667
1607
1688
1294
1512
1502
1688
1769
2077
1460
1263
1256
1237
1119
1398
1252
1077
1102
1237
1340
1408
1615
843
1345
1186
1580
1252
1901
1515
1152
1398
1391
1513
1670
1393
1661
1305
1286
1574
1277
1125
1268
826
570
458
1030
1300
1035
804
1163
759
997
727
443
1283
252
640
1037
1140
1315
1288
1204
1339
1022
1286
1876
2035
1765
786
418
587
676
836
361
571
1205
1443
1404
1366
1354
1557
1651
1717
1618
1301
901
1438
1555
1601
1711
1252
1358
1291
1208
1096
1353
1558
1315
1617
1538
991
645
662
892
876
865
538
566
723
955
826
554
126
537
589
541
1262
1064
1176
1278
1388
1122
838
671
601
769
882
1005
1186
953
821
152
539
215
21
701
354
175
1191
1182
1475
1391
1138
934
1058
975
814
598
367
486
588
461
488
870
1020
1301
1107
1146
1102
1189
971
1034
858
1114
820
1263
1813
1395
1896
1499
2019
1768
1862
1849
1894
1798
1762
1046
1792
1545
2033
1852
1837
1595
1854
2050
1261
1350
1765
1727
1740
2006
2218
2325
1902
1100
1142
1100
1202
1420
1607
1913
1577
2276
1640
1922
1913
2029
1815
1638
1763
1821
1829
1757
1940
1289
1813
1567
1751
1112
1147
854
880
787
1123
1242
1168
1046
1163
938
1232
993
1167
1037
1177
1340
1193
1218
1072
1020
1175
1395
1408
1573
1843
1776
1553
1974
1778
1559
1794
1740
1442
1850
1560
1712
2161
2021
1518
1099
1268
1298
1556
1854
1829
1515
1366
1376
1191
1029
1071
1276
895
1028
1108
1337
804
794
523
390
316
221
190
215
303
532
480
521
387
431
325
354
316
271
316
291
582
221
227
190
443
480
671
203
332
580
684
781
792
544
556
718
817
880
910
780
930
776
983
825
615
898
921
793
734
928
711
734
581
341
411
432
353
530
735
1190
982
925
690
876
719
601
449
443
179
252
227
227
316
241
367
186
985
482
152
551
572
497
574
861
764
662
605
761
596
710
818
681
641
512
637
601
770
737
581
732
960
924
1217
1140
1092
985
792
1005
957
1038
1255
1077
968
1229
970
1019
989
1285
1210
1042
1045
1029
1151
1192
1395
832
2031
1549
2005
883
1242
838
1285
1240
767
895
625
864
802
761
667
754
754
766
802
1186
1887
1377
1959
1601
1292
828
645
1132
982
977
1053
927
1266
1144
1102
1359
1184
1035
1204
1249
1095
963
1031
1203
1243
1166
1042
1082
820
1419
1318
1365
832
973
1616
1340
1322
1377
1323
1027
1458
1291
916
1140
1332
1169
1268
1155
1192
1542
1100
918
1008
899
249
380
441
358
278
144
519
194
291
251
380
216
177
63
63
128
418
259
215
265
281
405
374
455
568
660
671
419
858
1147
932
873
866
431
486
717
426
500
531
441
169
380
176
329
722
801
711
859
714
1034
877
874
938
825
523
315
659
707
354
341
355
303
1034
1043
1180
1611
1093
1416
1142
895
1214
1371
1538
1163
1237
1232
815
1100
1147
912
776
1287
1130
1600
1355
1204
1153
806
954
1222
1249
1147
734
838
879
1061
1155
1183
1389
1144
796
1265
1284
1108
607
772
987
926
1218
1088
936
1020
826
1083
1144
991
1167
948
1442
961
826
659
744
935
1014
902
770
657
627
554
626
600
774
734
443
902
682
684
864
924
848
857
930
1320
674
502
578
777
692
616
718
659
546
678
870
1212
1251
1001
571
975
1060
815
560
646
882
954
1004
835
942
869
789
550
659
840
794
1052
1189
788
942
901
1263
1266
1219
1177
960
1080
769
1002
1021
955
1001
581
730
587
861
554
498
771
792
1056
809
818
825
597
852
857
789
588
446
652
683
713
718
700
848
721
603
809
820
972
971
582
484
968
807
979
784
718
970
749
675
520
414
537
575
480
642
633
634
692
611
651
455
711
551
455
322
388
392
355
316
549
640
749
801
531
345
435
418
309
601
661
762
708
463
465
570
468
277
252
278
352
431
392
284
177
227
152
618
367
367
316
329
119
126
215
177
197
215
190
181
240
227
265
176
291
227
113
152
145
265
177
318
582
428
476
367
201
240
126
139
101
63
43
75
164
113
101
75
50
39
75
63
63
101
63
88
126
207
190
164
94
164
126
50
306
113
101
37
541
291
109
75
50
63
63
88
101
130
677
757
1342
1044
668
681
551
357
374
641
495
531
521
593
588
519
388
601
706
778
1048
901
1149
1315
1314
1148
936
1255
1373
1104
1042
1058
1049
965
969
826
426
558
940
1386
980
796
947
899
366
608
495
633
325
431
624
1166
759
1031
740
908
809
1037
1533
1450
1299
1195
965
1382
1225
667
227
309
303
259
278
210
897
1072
1016
882
703
802
924
835
803
712
1078
1274
1327
850
1068
1247
1533
1367
1756
1272
1940
1634
1528
1462
1045
1240
1372
1469
1456
1421
1388
1361
1482
1332
1148
1327
1065
1232
1129
1274
1286
706
1039
1251
884
953
1137
920
1000
773
770
671
546
379
595
451
620
565
1182
1034
994
983
1122
1595
806
468
427
608
282
341
249
240
316
294
227
190
139
61
443
773
469
645
491
431
204
528
1146
1085
1126
1158
1285
1280
1305
1396
1556
1217
1527
1308
1022
1048
563
608
1218
1193
1175
1122
995
835
997
984
1141
1039
927
826
1558
1142
1241
1351
1450
1195
1641
1333
1754
742
1083
972
1527
1435
1180
1709
1196
1232
1101
1177
1249
1345
1600
1463
1367
1402
1318
1111
1335
1537
1220
1065
1339
1288
1192
1161
1265
1822
1232
786
1111
1382
837
859
957
691
1374
1693
1353
583
978
612
780
407
861
617
1006
669
1074
778
1145
987
910
1056
978
1078
1023
926
416
651
646
473
1024
1061
1107
1380
1327
1349
1322
1103
1327
1264
1184
1085
1153
1160
1182
1148
1073
1202
1237
1115
1237
1244
1124
1207
1154
1144
1285
1350
943
1291
1308
975
1409
892
1421
1471
1228
1278
1240
1357
848
1463
1409
1274
707
1051
1089
1317
1325
1331
939
625
1145
255
329
500
588
713
740
791
832
930
1012
179
1418
2334
1417
1714
1574
1621
1944
1735
1881
1893
1615
1278
1845
1345
1946
1962
848
1773
1469
1674
1979
1682
1643
1740
1766
1941
1735
1963
2072
1559
2255
1837
2188
1630
1559
1492
2131
2028
2115
969
1818
1592
1813
1603
1874
2198
1944
1163
1462
1913
1688
1323
1845
1447
2006
2297
1577
1601
2086
1974
1816
2063
1606
1704
1876
1700
1853
1542
1458
1225
1766
1347
801
260
1006
869
884
1026
1229
1335
1197
1078
928
917
1210
1573
1241
1524
1772
1776
1586
1530
1604
1649
1221
1529
1465
1306
1376
1477
1309
1347
1337
152
407
405
561
630
1050
1786
1339
1710
1721
1452
1717
1649
1624
1499
1518
1314
1529
1795
1978
1453
1597
1518
1667
1607
1688
1294
1512
1502
1688
1769
2077
1460
1263
1256
1237
1119
1398
1252
1077
1102
1237
1340
1408
1615
843
1345
1186
1580
1252
1901
1515
1152
1398
1391
1513
1670
1393
1661
1305
1286
1574
1277
1125
1268
826
570
458
1030
1300
1035
804
1163
759
997
727
443
1283
252
640
1037
1140
1315
1288
1204
1339
1022
1286
1876
2035
1765
786
418
587
676
836
361
571
1205
1443
1404
1366
1354
1557
1651
1717
1618
1301
901
1438
1555
1601
1711
1252
1358
1291
1208
1096
1353
1558
1315
1617
1538
991
645
662
892
876
865
538
566
723
955
826
554
126
537
589
541
1262
1064
1176
1278
1388
1122
838
671
601
769
882
1005
1186
953
821
152
539
215
21
701
354
175
1191
1182
1475
1391
1138
934
1058
975
814
598
367
486
588
461
488
870
1020
1301
1107
1146
1102
1189
971
1034
858
1114
820
1263
1813
1395
1896
1499
2019
1768
1862
1849
1894
1798
1762
1046
1792
1545
2033
1852
1837
1595
1854
2050
1261
1350
1765
1727
1740
2006
2218
2325
1902
1100
1142
1100
1202
1420
1607
1913
1577
2276
1640
1922
1913
2029
1815
1638
1763
1821
1829
1757
1940
1289
1813
1567
1751
1112
1147
854
880
787
1123
1242
1168
1046
1163
938
1232
993
1167
1037
1177
1340
1193
1218
1072
1020
1175
1395
1408
1573
1843
1776
1553
1974
1778
1559
1794
1740
1442
1850
1560
1712
2161
2021
1518
1099
1268
1298
1556
1854
1829
1515
1366
1376
1191
1029
1071
1276
895
1028
1108
1337
804
794
523
390
316
221
190
215
303
532
480
521
387
431
325
354
316
271
316
291
582
221
227
190
443
480
671
203
332
580
684
781
792
544
556
718
817
880
910
780
930
776
983
825
615
898
921
793
734
928
711
734
581
341
411
432
353
530
735
1190
982
925
690
876
719
601
449
443
179
252
227
227
316
241
367
186
985
482
152
551
572
497
574
861
764
662
605
761
596
710
818
681
641
512
637
601
770
737
581
732
960
924
1217
1140
1092
985
792
1005
957
1038
1255
1077
968
1229
970
1019
989
1285
1210
1042
1045
1029
1151
1192
1395
832
2031
1549
2005
883
1242
838
1285
1240
767
895
625
864
802
761
667
754
754
766
802
1186
1887
1377
1959
1601
1292
828
645
1132
982
977
1053
927
1266
1144
1102
1359
1184
1035
1204
1249
1095
963
1031
1203
1243
1166
1042
1082
820
1419
1318
1365
832
973
1616
1340
1322
1377
1323
1027
1458
1291
916
1140
1332
1169
1268
1155
1192
1542
1100
918
1008
899
249
380
441
358
278
144
519
194
291
251
380
216
177
63
63
128
418
259
215
265
281
405
374
455
568
660
671
419
858
1147
932
873
866
431
486
717
426
500
531
441
169
380
176
329
722
801
711
859
714
1034
877
874
938
825
523
315
659
707
354
341
355
303
1034
1043
1180
1611
1093
1416
1142
895
1214
1371
1538
1163
1237
1232
815
1100
1147
912
776
1287
1130
1600
1355
1204
1153
806
954
1222
1249
1147
734
838
879
1061
1155
1183
1389
1144
796
1265
1284
1108
607
772
987
926
1218
1088
936
1020
826
1083
1144
991
1167
948
1442
961
826
659
744
935
1014
902
770
657
627
554
626
600
774
734
443
902
682
684
864
924
848
857
930
1320
674
502
578
777
692
616
718
659
546
678
870
1212
1251
1001
571
975
1060
815
560
646
882
954
1004
835
942
869
789
550
659
840
794
1052
1189
788
942
901
1263
1266
1219
1177
960
1080
769
1002
1021
955
1001
581
730
587
861
554
498
771
792
1056
809
818
825
597
852
857
789
588
446
652
683
713
718
700
848
721
603
809
820
972
971
582
484
968
807
979
784
718
970
749
675
520
414
537
575
480
642
633
634
692
611
651
455
711
551
455
322
388
392
355
316
549
640
749
801
531
345
435
418
309
601
661
762
708
463
465
570
468
277
252
278
352
431
392
284
177
227
152
618
367
367
316
329
119
126
215
177
197
215
190
181
240
227
265
176
291
227
113
152
145
265
177
318
582
428
476
367
201
240
126
139
101
63
43
75
164
113
101
75
50
39
75
63
63
101
63
88
126
207
190
164
94
164
126
50
306
113
101
37
541
291
109
75
50
63
63
88
101
130
677
757
1342
1044
668
681
551
357
374
641
495
531
521
593
588
519
388
601
706
778
1048
901
1149
1315
1314
1148
936
1255
1373
1104
1042
1058
1049
965
969
826
426
558
940
1386
980
796
947
899
366
608
495
633
325
431
624
1166
759
1031
740
908
809
1037
1533
1450
1299
1195
965
1382
1225
667
227
309
303
259
278
210
897
1072
1016
882
703
802
924
835
803
712
1078
1274
1327
850
1068
1247
1533
1367
1756
1272
1940
1634
1528
1462
1045
1240
1372
1469
1456
1421
1388
1361
1482
1332
1148
1327
1065
1232
1129
1274
1286
706
1039
1251
884
953
1137
920
1000
773
770
671
546
379
595
451
620
565
1182
1034
994
983
1122
1595
806
468
427
608
282
341
249
240
316
294
227
190
139
61
443
773
469
645
491
431
204
528
1146
1085
1126
1158
1285
1280
1305
1396
1556
1217
1527
1308
1022
1048
563
608
1218
1193
1175
1122
995
835
997
984
1141
1039
927
826
1558
1142
1241
1351
1450
1195
1641
1333
1754
742
1083
972
1527
1435
1180
1709
1196
1232
1101
1177
1249
1345
1600
1463
1367
1402
1318
1111
1335
1537
1220
1065
1339
1288
1192
1161
1265
1822
1232
786
1111
1382
837
859
957
691
1374
1693
1353
583
978
612
780
407
861
617
1006
669
1074
778
1145
987
910
1056
978
1078
1023
926
416
651
646
473
1024
1061
1107
1380
1327
1349
1322
1103
1327
1264
1184
1085
1153
1160
1182
1148
1073
1202
1237
1115
1237
1244
1124
1207
1154
1144
1285
1350
943
1291
1308
975
1409
892
1421
1471
1228
1278
1240
1357
848
1463
1409
1274
707
1051
1089
1317
1325
1331
939
625
1145
255
329
500
588
713
740
791
832
930
1012
179
