723
696
817
621
627
634
757
734
589
559
437
695
639
673
464
568
565
696
570
704
649
657
755
792
907
510
657
785
870
774
892
762
666
667
805
651
851
721
735
655
450
741
847
676
692
649
539
628
712
731
734
570
526
667
726
746
780
547
438
530
448
373
558
594
456
355
446
542
452
364
498
665
466
547
683
736
614
669
577
722
809
768
561
680
604
617
646
693
575
612
503
571
586
641
497
483
564
569
579
666
423
423
366
417
452
322
284
261
430
217
255
186
60
26
126
164
247
242
55
233
278
557
454
361
343
285
300
237
144
149
90
224
231
254
267
293
215
312
337
360
381
284
348
344
359
330
313
338
277
60
243
308
243
219
274
318
224
170
259
217
287
240
268
274
286
325
315
331
326
372
269
394
332
375
375
272
399
322
347
288
241
321
396
370
497
442
459
378
443
455
376
280
392
399
374
270
348
358
289
400
294
360
315
338
330
421
299
124
383
242
283
287
301
169
261
320
313
327
319
252
317
361
269
358
229
297
283
282
286
288
292
314
303
275
193
257
212
212
223
221
212
161
184
242
206
199
214
242
147
191
177
247
207
262
242
237
167
202
151
186
104
161
167
100
126
125
435
388
553
267
488
321
172
305
479
275
348
317
343
324
252
448
287
189
208
283
341
254
297
173
124
111
82
65
55
50
47
60
90
76
143
172
153
153
214
172
153
136
121
165
226
242
308
220
269
203
239
244
190
261
243
254
306
254
211
211
227
72
214
242
150
138
217
94
136
86
422
285
283
353
473
375
453
485
361
401
241
291
272
213
197
171
188
202
149
229
270
304
356
171
279
226
264
313
371
351
309
400
406
428
410
288
375
446
288
310
241
193
163
182
175
172
78
111
103
172
166
175
202
101
131
76
202
129
138
191
123
106
75
90
60
263
225
194
235
217
141
173
191
109
142
186
127
121
76
90
97
121
81
77
101
55
22
71
101
123
122
191
137
308
222
200
150
172
181
232
201
411
393
262
186
111
65
78
55
210
111
132
121
186
226
174
202
152
156
196
164
268
252
239
293
276
288
311
346
238
180
175
540
411
527
466
427
283
303
375
346
300
146
100
222
159
165
172
294
301
378
368
485
391
444
530
562
562
559
529
554
666
468
513
518
568
676
702
585
534
499
476
528
539
558
402
400
286
354
339
258
317
244
191
175
226
272
169
244
240
161
167
69
363
456
354
360
506
472
362
450
334
370
376
381
364
345
416
412
419
422
546
405
399
520
510
483
441
447
356
445
355
383
399
378
425
426
481
335
494
368
361
412
412
485
491
490
472
563
405
470
524
496
484
440
561
605
666
473
394
589
393
205
375
316
385
511
508
449
516
338
424
422
474
393
279
404
253
181
259
411
312
315
317
385
380
342
389
333
497
570
429
518
305
378
263
394
327
417
463
290
333
261
253
194
424
463
496
474
481
520
482
493
477
394
498
448
619
565
477
387
318
212
324
352
389
212
342
335
299
200
354
322
350
341
312
296
329
478
438
527
552
602
539
547
541
572
475
614
571
594
604
600
756
65
29
167
242
642
863
431
358
633
412
450
368
653
478
701
618
357
397
339
375
422
283
190
251
266
268
254
242
184
182
161
106
116
83
116
90
126
442
521
499
551
559
470
478
506
309
472
267
269
213
226
205
317
283
347
167
154
111
94
282
272
292
386
363
161
186
308
191
114
71
30
106
199
422
533
333
499
295
315
346
468
423
366
411
446
336
191
321
442
392
378
294
379
557
495
302
181
131
416
472
433
338
425
334
323
286
284
234
200
112
65
113
146
111
101
146
151
135
146
101
107
183
212
140
154
253
306
257
239
267
201
131
149
126
107
196
237
254
322
272
171
191
126
172
130
207
273
189
212
145
177
160
141
160
194
440
266
268
265
303
328
329
243
380
370
256
204
277
235
208
321
388
399
310
335
259
191
136
94
50
76
184
276
360
298
269
190
415
269
385
272
443
526
335
414
376
316
97
195
441
527
667
466
470
428
458
414
430
559
416
485
554
534
609
653
626
490
635
450
585
621
463
550
524
581
533
580
583
500
470
432
426
254
391
364
448
355
419
415
279
335
302
214
246
202
216
224
313
183
284
295
262
108
141
357
268
436
428
406
451
500
665
504
486
568
464
329
395
216
306
297
196
308
285
340
298
212
367
342
362
365
341
304
379
294
409
408
425
459
417
340
438
347
399
416
445
277
428
364
344
177
167
307
291
270
227
247
336
177
186
345
357
307
224
411
283
267
320
327
341
355
283
236
321
366
319
252
333
285
318
263
217
211
256
289
221
236
4
315
362
126
81
88
116
161
84
81
191
186
131
120
136
125
116
81
86
73
60
101
113
402
328
237
46
148
213
212
189
247
157
167
172
148
202
163
151
172
139
177
142
177
108
149
172
155
173
204
233
278
303
288
286
262
278
267
282
294
303
317
60
450
296
281
310
311
339
299
312
312
305
350
306
220
220
250
267
146
35
72
136
119
191
248
286
200
125
124
146
156
196
220
126
108
167
97
81
71
50
44
71
181
324
260
271
206
272
203
211
223
225
262
369
203
282
184
226
96
177
154
150
151
117
141
130
154
179
201
215
245
222
186
202
203
230
295
295
301
302
271
253
121
379
506
514
445
170
190
186
169
221
432
379
403
526
282
126
60
291
428
290
335
412
341
281
315
531
471
809
713
536
541
552
534
523
549
258
126
129
192
280
329
322
285
90
307
281
217
227
149
189
196
143
177
143
166
227
147
144
204
196
83
106
113
186
155
155
126
71
6
14
420
566
516
453
498
406
551
603
512
417
418
483
561
497
514
568
461
470
511
490
481
435
470
309
203
237
305
224
215
262
156
134
146
116
68
262
142
131
117
121
148
172
118
121
120
90
40
111
79
76
157
76
143
167
79
106
60
61
20
202
68
151
101
177
186
301
288
217
218
353
272
263
286
349
306
313
95
175
177
93
35
123
218
181
155
387
380
248
336
325
302
323
231
139
121
80
101
130
161
109
203
244
280
324
367
599
595
608
470
236
475
398
381
530
651
561
299
399
220
338
122
203
207
275
424
440
514
628
588
490
363
511
482
499
502
539
756
741
679
773
666
381
601
645
628
684
658
667
812
788
755
813
814
871
709
876
771
739
729
669
700
736
462
577
563
536
613
585
636
597
753
723
696
817
621
627
634
757
734
589
559
437
695
639
673
464
568
565
696
570
704
649
657
755
792
907
510
657
785
870
774
892
762
666
667
805
651
851
721
735
655
450
741
847
676
692
649
539
628
712
731
734
570
526
667
726
746
780
547
438
530
448
373
558
594
456
355
446
542
452
364
498
665
466
547
683
736
614
669
577
722
809
768
561
680
604
617
646
693
575
612
503
571
586
641
497
483
564
569
579
666
423
423
366
417
452
322
284
261
430
217
255
186
60
26
126
164
247
242
55
233
278
557
454
361
343
285
300
237
144
149
90
224
231
254
267
293
215
312
337
360
381
284
348
344
359
330
313
338
277
60
243
308
243
219
274
318
224
170
259
217
287
240
268
274
286
325
315
331
326
372
269
394
332
375
375
272
399
322
347
288
241
321
396
370
497
442
459
378
443
455
376
280
392
399
374
270
348
358
289
400
294
360
315
338
330
421
299
124
383
242
283
287
301
169
261
320
313
327
319
252
317
361
269
358
229
297
283
282
286
288
292
314
303
275
193
257
212
212
223
221
212
161
184
242
206
199
214
242
147
191
177
247
207
262
242
237
167
202
151
186
104
161
167
100
126
125
435
388
553
267
488
321
172
305
479
275
348
317
343
324
252
448
287
189
208
283
341
254
297
173
124
111
82
65
55
50
47
60
90
76
143
172
153
153
214
172
153
136
121
165
226
242
308
220
269
203
239
244
190
261
243
254
306
254
211
211
227
72
214
242
150
138
217
94
136
86
422
285
283
353
473
375
453
485
361
401
241
291
272
213
197
171
188
202
149
229
270
304
356
171
279
226
264
313
371
351
309
400
406
428
410
288
375
446
288
310
241
193
163
182
175
172
78
111
103
172
166
175
202
101
131
76
202
129
138
191
123
106
75
90
60
263
225
194
235
217
141
173
191
109
142
186
127
121
76
90
97
121
81
77
101
55
22
71
101
123
122
191
137
308
222
200
150
172
181
232
201
411
393
262
186
111
65
78
55
210
111
132
121
186
226
174
202
152
156
196
164
268
252
239
293
276
288
311
346
238
180
175
540
411
527
466
427
283
303
375
346
300
146
100
222
159
165
172
294
301
378
368
485
391
444
530
562
562
559
529
554
666
468
513
518
568
676
702
585
534
499
476
528
539
558
402
400
286
354
339
258
317
244
191
175
226
272
169
244
240
161
167
69
363
456
354
360
506
472
362
450
334
370
376
381
364
345
416
412
419
422
546
405
399
520
510
483
441
447
356
445
355
383
399
378
425
426
481
335
494
368
361
412
412
485
491
490
472
563
405
470
524
496
484
440
561
605
666
473
394
589
393
205
375
316
385
511
508
449
516
338
424
422
474
393
279
404
253
181
259
411
312
315
317
385
380
342
389
333
497
570
429
518
305
378
263
394
327
417
463
290
333
261
253
194
424
463
496
474
481
520
482
493
477
394
498
448
619
565
477
387
318
212
324
352
389
212
342
335
299
200
354
322
350
341
312
296
329
478
438
527
552
602
539
547
541
572
475
614
571
594
604
600
756
65
29
167
242
642
863
431
358
633
412
450
368
653
478
701
618
357
397
339
375
422
283
190
251
266
268
254
242
184
182
161
106
116
83
116
90
126
442
521
499
551
559
470
478
506
309
472
267
269
213
226
205
317
283
347
167
154
111
94
282
272
292
386
363
161
186
308
191
114
71
30
106
199
422
533
333
499
295
315
346
468
423
366
411
446
336
191
321
442
392
378
294
379
557
495
302
181
131
416
472
433
338
425
334
323
286
284
234
200
112
65
113
146
111
101
146
151
135
146
101
107
183
212
140
154
253
306
257
239
267
201
131
149
126
107
196
237
254
322
272
171
191
126
172
130
207
273
189
212
145
177
160
141
160
194
440
266
268
265
303
328
329
243
380
370
256
204
277
235
208
321
388
399
310
335
259
191
136
94
50
76
184
276
360
298
269
190
415
269
385
272
443
526
335
414
376
316
97
195
441
527
667
466
470
428
458
414
430
559
416
485
554
534
609
653
626
490
635
450
585
621
463
550
524
581
533
580
583
500
470
432
426
254
391
364
448
355
419
415
279
335
302
214
246
202
216
224
313
183
284
295
262
108
141
357
268
436
428
406
451
500
665
504
486
568
464
329
395
216
306
297
196
308
285
340
298
212
367
342
362
365
341
304
379
294
409
408
425
459
417
340
438
347
399
416
445
277
428
364
344
177
167
307
291
270
227
247
336
177
186
345
357
307
224
411
283
267
320
327
341
355
283
236
321
366
319
252
333
285
318
263
217
211
256
289
221
236
4
315
362
126
81
88
116
161
84
81
191
186
131
120
136
125
116
81
86
73
60
101
113
402
328
237
46
148
213
212
189
247
157
167
172
148
202
163
151
172
139
177
142
177
108
149
172
155
173
204
233
278
303
288
286
262
278
267
282
294
303
317
60
450
296
281
310
311
339
299
312
312
305
350
306
220
220
250
267
146
35
72
136
119
191
248
286
200
125
124
146
156
196
220
126
108
167
97
81
71
50
44
71
181
324
260
271
206
272
203
211
223
225
262
369
203
282
184
226
96
177
154
150
151
117
141
130
154
179
201
215
245
222
186
202
203
230
295
295
301
302
271
253
121
379
506
514
445
170
190
186
169
221
432
379
403
526
282
126
60
291
428
290
335
412
341
281
315
531
471
809
713
536
541
552
534
523
549
258
126
129
192
280
329
322
285
90
307
281
217
227
149
189
196
143
177
143
166
227
147
144
204
196
83
106
113
186
155
155
126
71
6
14
420
566
516
453
498
406
551
603
512
417
418
483
561
497
514
568
461
470
511
490
481
435
470
309
203
237
305
224
215
262
156
134
146
116
68
262
142
131
117
121
148
172
118
121
120
90
40
111
79
76
157
76
143
167
79
106
60
61
20
202
68
151
101
177
186
301
288
217
218
353
272
263
286
349
306
313
95
175
177
93
35
123
218
181
155
387
380
248
336
325
302
323
231
139
121
80
101
130
161
109
203
244
280
324
367
599
595
608
470
236
475
398
381
530
651
561
299
399
220
338
122
203
207
275
424
440
514
628
588
490
363
511
482
499
502
539
756
741
679
773
666
381
601
645
628
684
658
667
812
788
755
813
814
871
709
876
771
739
729
669
700
736
462
577
563
536
613
585
636
597
753
723
696
817
621
627
634
757
734
589
559
437
695
639
673
464
568
565
696
570
704
649
657
755
792
907
510
657
785
870
774
892
762
666
667
805
651
851
721
735
655
450
741
847
676
692
649
539
628
712
731
734
570
526
667
726
746
780
547
438
530
448
373
558
594
456
355
446
542
452
364
498
665
466
547
683
736
614
669
577
722
809
768
561
680
604
617
646
693
575
612
503
571
586
641
497
483
564
569
579
666
423
423
366
417
452
322
284
261
430
217
255
186
60
26
126
164
247
242
55
233
278
557
454
361
343
285
300
237
144
149
90
224
231
254
267
293
215
312
337
360
381
284
348
344
359
330
313
338
277
60
243
308
243
219
274
318
224
170
259
217
287
240
268
274
286
325
315
331
326
372
269
394
332
375
375
272
399
322
347
288
241
321
396
370
497
442
459
378
443
455
376
280
392
399
374
270
348
358
289
400
294
360
315
338
330
421
299
124
383
242
283
287
301
169
261
320
313
327
319
252
317
361
269
358
229
297
283
282
286
288
292
314
303
275
193
257
212
212
223
221
212
161
184
242
206
199
214
242
147
191
177
247
207
262
242
237
167
202
151
186
104
161
167
100
126
125
435
388
553
267
488
321
172
305
479
275
348
317
343
324
252
448
287
189
208
283
341
254
297
173
124
111
82
65
55
50
47
60
90
76
143
172
153
153
214
172
153
136
121
165
226
242
308
220
269
203
239
244
190
261
243
254
306
254
211
211
227
72
214
242
150
138
217
94
136
86
422
285
283
353
473
375
453
485
361
401
241
291
272
213
197
171
188
202
149
229
270
304
356
171
279
226
264
313
371
351
309
400
406
428
410
288
375
446
288
310
241
193
163
182
175
172
78
111
103
172
166
175
202
101
131
76
202
129
138
191
123
106
75
90
60
263
225
194
235
217
141
173
191
109
142
186
127
121
76
90
97
121
81
77
101
55
22
71
101
123
122
191
137
308
222
200
150
172
181
232
201
411
393
262
186
111
65
78
55
210
111
132
121
186
226
174
202
152
156
196
164
268
252
239
293
276
288
311
346
238
180
175
540
411
527
466
427
283
303
375
346
300
146
100
222
159
165
172
294
301
378
368
485
391
444
530
562
562
559
529
554
666
468
513
518
568
676
702
585
534
499
476
528
539
558
402
400
286
354
339
258
317
244
191
175
226
272
169
244
240
161
167
69
363
456
354
360
506
472
362
450
334
370
376
381
364
345
416
412
419
422
546
405
399
520
510
483
441
447
356
445
355
383
399
378
425
426
481
335
494
368
361
412
412
485
491
490
472
563
405
470
524
496
484
440
561
605
666
473
394
589
393
205
375
316
385
511
508
449
516
338
424
422
474
393
279
404
253
181
259
411
312
315
317
385
380
342
389
333
497
570
429
518
305
378
263
394
327
417
463
290
333
261
253
194
424
463
496
474
481
520
482
493
477
394
498
448
619
565
477
387
318
212
324
352
389
212
342
335
299
200
354
322
350
341
312
296
329
478
438
527
552
602
539
547
541
572
475
614
571
594
604
600
756
65
