1446
1392
1635
1243
1255
1267
1515
1468
1178
1118
874
1390
1279
1347
928
1136
1130
1391
1139
1409
1299
1315
1510
1584
1814
1020
1315
1569
1740
1548
1784
1523
1332
1334
1610
1302
1703
1443
1470
1311
900
1482
1694
1351
1385
1297
1077
1256
1423
1461
1468
1140
1053
1335
1452
1492
1561
1093
875
1060
897
746
1116
1187
912
710
893
1084
903
729
995
1329
932
1093
1366
1472
1228
1339
1154
1445
1617
1537
1123
1361
1208
1234
1291
1386
1149
1223
1006
1141
1172
1281
994
966
1128
1137
1158
1333
846
846
732
834
905
644
568
522
860
434
510
373
121
53
252
328
494
484
110
466
555
1114
908
722
685
569
600
474
289
299
181
448
462
508
534
586
430
625
674
720
763
568
696
687
719
660
625
675
554
121
485
615
485
438
549
636
448
340
518
434
575
480
537
547
571
650
630
662
651
744
539
789
663
749
749
544
798
645
694
576
482
642
792
740
994
884
918
756
887
910
753
561
783
797
747
540
696
716
577
801
589
720
629
675
660
841
599
247
767
483
565
575
601
339
521
640
625
653
637
505
635
722
538
717
458
593
565
564
572
577
584
628
606
550
386
514
424
423
446
442
423
322
369
484
411
399
427
484
294
383
353
494
414
525
484
474
335
403
303
373
208
323
333
199
252
249
870
776
1107
534
975
643
344
611
958
551
696
634
685
648
505
897
574
378
416
565
683
508
594
347
248
221
164
131
111
101
94
121
181
152
285
343
305
306
428
343
305
272
243
330
453
484
616
440
538
407
479
487
381
521
485
508
613
508
422
422
454
144
428
484
301
277
434
188
272
173
844
569
566
706
946
749
906
970
722
802
482
582
543
425
395
342
376
403
299
458
540
608
711
342
558
451
528
625
743
701
617
800
813
855
819
577
751
893
577
621
482
387
326
363
351
343
156
221
206
343
332
351
403
201
262
152
403
258
276
383
245
211
150
181
121
527
449
388
470
434
282
347
383
218
284
373
255
242
151
181
195
242
161
155
201
111
44
141
201
246
244
383
274
615
444
399
300
343
362
464
401
822
787
523
373
221
131
156
111
420
221
265
242
373
453
348
403
304
313
391
328
535
504
478
587
553
577
623
692
475
360
351
1079
822
1054
932
854
566
607
750
693
600
292
199
444
317
330
343
588
601
756
735
970
781
888
1061
1125
1124
1118
1058
1108
1332
935
1027
1036
1136
1351
1405
1171
1067
997
953
1055
1078
1115
804
801
571
708
678
517
634
488
383
350
452
543
338
489
480
321
333
138
726
911
708
720
1013
944
723
900
668
740
753
763
728
691
831
824
838
844
1092
810
798
1041
1019
966
882
895
711
890
709
766
798
756
850
851
962
671
987
735
722
824
825
970
982
981
945
1125
810
941
1049
992
968
881
1122
1210
1332
946
788
1179
787
410
750
632
770
1022
1017
898
1032
675
848
845
947
785
557
807
506
362
518
822
624
629
634
769
759
684
778
666
994
1140
858
1037
610
756
526
789
655
835
925
580
666
521
506
388
849
925
992
948
962
1041
964
986
955
788
995
896
1239
1129
954
775
636
423
648
704
779
424
684
670
599
399
708
645
700
682
625
592
658
956
875
1054
1103
1205
1077
1094
1083
1145
949
1229
1141
1187
1208
1200
1513
131
58
334
484
1284
1725
862
716
1267
824
899
735
1305
956
1402
1235
714
793
677
751
844
565
381
502
531
537
508
484
367
364
323
212
232
166
232
181
252
884
1042
998
1102
1118
939
956
1011
617
944
534
538
426
451
411
634
566
695
333
307
221
188
565
544
583
771
727
323
373
616
383
228
141
60
211
398
845
1065
667
998
590
630
693
936
846
732
822
893
672
383
641
884
783
756
589
757
1113
990
604
363
263
832
945
866
675
850
669
646
573
567
469
400
223
131
225
292
221
201
292
303
269
292
201
214
366
423
280
307
506
613
515
478
534
401
262
298
252
214
393
474
508
644
544
342
383
252
343
260
413
545
378
423
291
353
319
282
319
387
879
531
537
530
605
656
658
485
759
740
511
409
554
470
416
643
776
797
620
670
518
383
272
187
101
151
368
552
720
597
538
381
830
539
770
543
887
1052
670
828
752
632
194
390
883
1054
1334
932
941
857
915
827
860
1119
831
970
1108
1067
1219
1305
1252
980
1269
899
1171
1242
926
1101
1049
1162
1066
1160
1166
1000
940
864
852
507
781
729
897
710
838
829
558
670
603
427
493
405
432
448
625
365
568
590
524
216
282
714
537
873
857
813
901
999
1329
1008
971
1136
929
659
790
433
612
594
393
615
570
681
596
423
733
684
723
731
683
608
758
588
817
816
851
919
834
680
875
695
798
831
890
554
855
728
688
353
334
614
582
540
455
494
672
353
372
689
714
614
448
823
566
534
639
655
683
709
566
472
642
732
637
504
665
569
637
527
434
422
512
577
442
471
8
629
724
252
161
175
232
323
168
161
383
372
261
240
272
251
232
161
172
146
121
201
226
804
656
474
92
295
426
423
377
494
314
333
343
296
403
327
303
343
279
353
283
353
216
299
343
310
345
409
467
555
606
577
572
524
555
534
565
588
605
634
121
899
591
563
621
622
677
599
624
625
610
700
613
441
439
501
533
292
70
145
272
239
383
496
572
400
251
248
292
313
392
440
252
216
333
194
161
141
101
88
141
362
648
519
541
411
544
406
422
446
450
523
739
407
565
368
451
193
353
308
301
303
234
282
260
307
359
402
431
491
444
373
403
406
460
590
589
601
604
541
506
242
757
1011
1028
889
340
380
373
338
442
864
757
806
1053
564
252
121
582
857
579
671
825
682
563
630
1062
942
1618
1425
1073
1082
1103
1067
1046
1098
517
252
257
385
561
659
644
570
180
613
562
434
454
297
378
393
287
353
286
331
454
293
288
409
393
167
211
227
373
310
310
252
141
11
28
839
1133
1032
907
996
812
1102
1207
1024
834
836
967
1122
994
1028
1136
922
939
1022
980
961
871
940
617
406
474
610
447
430
525
313
268
292
232
137
525
283
262
234
242
295
343
236
242
241
180
80
221
158
151
314
151
287
333
158
211
121
123
40
403
137
303
202
353
372
601
577
434
435
707
543
526
571
697
612
626
191
350
353
185
70
246
435
363
311
775
759
496
672
650
603
646
461
278
242
160
201
260
323
219
406
488
560
648
733
1198
1191
1217
939
472
950
796
761
1060
1303
1122
599
798
440
676
244
407
413
551
848
881
1028
1256
1175
981
725
1021
964
998
1005
1078
1511
1482
1359
1547
1332
762
1201
1290
1255
1368
1315
1334
1624
1576
1510
1626
1628
1742
1419
1752
1542
1478
1458
1338
1399
1472
924
1155
1126
1072
1226
1171
1272
1194
1506
1446
1392
1635
1243
1255
1267
1515
1468
1178
1118
874
1390
1279
1347
928
1136
1130
1391
1139
1409
1299
1315
1510
1584
1814
1020
1315
1569
1740
1548
1784
1523
1332
1334
1610
1302
1703
1443
1470
1311
900
1482
1694
1351
1385
1297
1077
1256
1423
1461
1468
1140
1053
1335
1452
1492
1561
1093
875
1060
897
746
1116
1187
912
710
893
1084
903
729
995
1329
932
1093
1366
1472
1228
1339
1154
1445
1617
1537
1123
1361
1208
1234
1291
1386
1149
1223
1006
1141
1172
1281
994
966
1128
1137
1158
1333
846
846
732
834
905
644
568
522
860
434
510
373
121
53
252
328
494
484
110
466
555
1114
908
722
685
569
600
474
289
299
181
448
462
508
534
586
430
625
674
720
763
568
696
687
719
660
625
675
554
121
485
615
485
438
549
636
448
340
518
434
575
480
537
547
571
650
630
662
651
744
539
789
663
749
749
544
798
645
694
576
482
642
792
740
994
884
918
756
887
910
753
561
783
797
747
540
696
716
577
801
589
720
629
675
660
841
599
247
767
483
565
575
601
339
521
640
625
653
637
505
635
722
538
717
458
593
565
564
572
577
584
628
606
550
386
514
424
423
446
442
423
322
369
484
411
399
427
484
294
383
353
494
414
525
484
474
335
403
303
373
208
323
333
199
252
249
870
776
1107
534
975
643
344
611
958
551
696
634
685
648
505
897
574
378
416
565
683
508
594
347
248
221
164
131
111
101
94
121
181
152
285
343
305
306
428
343
305
272
243
330
453
484
616
440
538
407
479
487
381
521
485
508
613
508
422
422
454
144
428
484
301
277
434
188
272
173
844
569
566
706
946
749
906
970
722
802
482
582
543
425
395
342
376
403
299
458
540
608
711
342
558
451
528
625
743
701
617
800
813
855
819
577
751
893
577
621
482
387
326
363
351
343
156
221
206
343
332
351
403
201
262
152
403
258
276
383
245
211
150
181
121
527
449
388
470
434
282
347
383
218
284
373
255
242
151
181
195
242
161
155
201
111
44
141
201
246
244
383
274
615
444
399
300
343
362
464
401
822
787
523
373
221
131
156
111
420
221
265
242
373
453
348
403
304
313
391
328
535
504
478
587
553
577
623
692
475
360
351
1079
822
1054
932
854
566
607
750
693
600
292
199
444
317
330
343
588
601
756
735
970
781
888
1061
1125
1124
1118
1058
1108
1332
935
1027
1036
1136
1351
1405
1171
1067
997
953
1055
1078
1115
804
801
571
708
678
517
634
488
383
350
452
543
338
489
480
321
333
138
726
911
708
720
1013
944
723
900
668
740
753
763
728
691
831
824
838
844
1092
810
798
1041
1019
966
882
895
711
890
709
766
798
756
850
851
962
671
987
735
722
824
825
970
982
981
945
1125
810
941
1049
992
968
881
1122
1210
1332
946
788
1179
787
410
750
632
770
1022
1017
898
1032
675
848
845
947
785
557
807
506
362
518
822
624
629
634
769
759
684
778
666
994
1140
858
1037
610
756
526
789
655
835
925
580
666
521
506
388
849
925
992
948
962
1041
964
986
955
788
995
896
1239
1129
954
775
636
423
648
704
779
424
684
670
599
399
708
645
700
682
625
592
658
956
875
1054
1103
1205
1077
1094
1083
1145
949
1229
1141
1187
1208
1200
1513
131
58
334
484
1284
1725
862
716
1267
824
899
735
1305
956
1402
1235
714
793
677
751
844
565
381
502
531
537
508
484
367
364
323
212
232
166
232
181
252
884
1042
998
1102
1118
939
956
1011
617
944
534
538
426
451
411
634
566
695
333
307
221
188
565
544
583
771
727
323
373
616
383
228
141
60
211
398
845
1065
667
998
590
630
693
936
846
732
822
893
672
383
641
884
783
756
589
757
1113
990
604
363
263
832
945
866
675
850
669
646
573
567
469
400
223
131
225
292
221
201
292
303
269
292
201
214
366
423
280
307
506
613
515
478
534
401
262
298
252
214
393
474
508
644
544
342
383
252
343
260
413
545
378
423
291
353
319
282
319
387
879
531
537
530
605
656
658
485
759
740
511
409
554
470
416
643
776
797
620
670
518
383
272
187
101
151
368
552
720
597
538
381
830
539
770
543
887
1052
670
828
752
632
194
390
883
1054
1334
932
941
857
915
827
860
1119
831
970
1108
1067
1219
1305
1252
980
1269
899
1171
1242
926
1101
1049
1162
1066
1160
1166
1000
940
864
852
507
781
729
897
710
838
829
558
670
603
427
493
405
432
448
625
365
568
590
524
216
282
714
537
873
857
813
901
999
1329
1008
971
1136
929
659
790
433
612
594
393
615
570
681
596
423
733
684
723
731
683
608
758
588
817
816
851
919
834
680
875
695
798
831
890
554
855
728
688
353
334
614
582
540
455
494
672
353
372
689
714
614
448
823
566
534
639
655
683
709
566
472
642
732
637
504
665
569
637
527
434
422
512
577
442
471
8
629
724
252
161
175
232
323
168
161
383
372
261
240
272
251
232
161
172
146
121
201
226
804
656
474
92
295
426
423
377
494
314
333
343
296
403
327
303
343
279
353
283
353
216
299
343
310
345
409
467
555
606
577
572
524
555
534
565
588
605
634
121
899
591
563
621
622
677
599
624
625
610
700
613
441
439
501
533
292
70
145
272
239
383
496
572
400
251
248
292
313
392
440
252
216
333
194
161
141
101
88
141
362
648
519
541
411
544
406
422
446
450
523
739
407
565
368
451
193
353
308
301
303
234
282
260
307
359
402
431
491
444
373
403
406
460
590
589
601
604
541
506
242
757
1011
1028
889
340
380
373
338
442
864
757
806
1053
564
252
121
582
857
579
671
825
682
563
630
1062
942
1618
1425
1073
1082
1103
1067
1046
1098
517
252
257
385
561
659
644
570
180
613
562
434
454
297
378
393
287
353
286
331
454
293
288
409
393
167
211
227
373
310
310
252
141
11
28
839
1133
1032
907
996
812
1102
1207
1024
834
836
967
1122
994
1028
1136
922
939
1022
980
961
871
940
617
406
474
610
447
430
525
313
268
292
232
137
525
283
262
234
242
295
343
236
242
241
180
80
221
158
151
314
151
287
333
158
211
121
123
40
403
137
303
202
353
372
601
577
434
435
707
543
526
571
697
612
626
191
350
353
185
70
246
435
363
311
775
759
496
672
650
603
646
461
278
242
160
201
260
323
219
406
488
560
648
733
1198
1191
1217
939
472
950
796
761
1060
1303
1122
599
798
440
676
244
407
413
551
848
881
1028
1256
1175
981
725
1021
964
998
1005
1078
1511
1482
1359
1547
1332
762
1201
1290
1255
1368
1315
1334
1624
1576
1510
1626
1628
1742
1419
1752
1542
1478
1458
1338
1399
1472
924
1155
1126
1072
1226
1171
1272
1194
1506
1446
1392
1635
1243
1255
1267
1515
1468
1178
1118
874
1390
1279
1347
928
1136
1130
1391
1139
1409
1299
1315
1510
1584
1814
1020
1315
1569
1740
1548
1784
1523
1332
1334
1610
1302
1703
1443
1470
1311
900
1482
1694
1351
1385
1297
1077
1256
1423
1461
1468
1140
1053
1335
1452
1492
1561
1093
875
1060
897
746
1116
1187
912
710
893
1084
903
729
995
1329
932
1093
1366
1472
1228
1339
1154
1445
1617
1537
1123
1361
1208
1234
1291
1386
1149
1223
1006
1141
1172
1281
994
966
1128
1137
1158
1333
846
846
732
834
905
644
568
522
860
434
510
373
121
53
252
328
494
484
110
466
555
1114
908
722
685
569
600
474
289
299
181
448
462
508
534
586
430
625
674
720
763
568
696
687
719
660
625
675
554
121
485
615
485
438
549
636
448
340
518
434
575
480
537
547
571
650
630
662
651
744
539
789
663
749
749
544
798
645
694
576
482
642
792
740
994
884
918
756
887
910
753
561
783
797
747
540
696
716
577
801
589
720
629
675
660
841
599
247
767
483
565
575
601
339
521
640
625
653
637
505
635
722
538
717
458
593
565
564
572
577
584
628
606
550
386
514
424
423
446
442
423
322
369
484
411
399
427
484
294
383
353
494
414
525
484
474
335
403
303
373
208
323
333
199
252
249
870
776
1107
534
975
643
344
611
958
551
696
634
685
648
505
897
574
378
416
565
683
508
594
347
248
221
164
131
111
101
94
121
181
152
285
343
305
306
428
343
305
272
243
330
453
484
616
440
538
407
479
487
381
521
485
508
613
508
422
422
454
144
428
484
301
277
434
188
272
173
844
569
566
706
946
749
906
970
722
802
482
582
543
425
395
342
376
403
299
458
540
608
711
342
558
451
528
625
743
701
617
800
813
855
819
577
751
893
577
621
482
387
326
363
351
343
156
221
206
343
332
351
403
201
262
152
403
258
276
383
245
211
150
181
121
527
449
388
470
434
282
347
383
218
284
373
255
242
151
181
195
242
161
155
201
111
44
141
201
246
244
383
274
615
444
399
300
343
362
464
401
822
787
523
373
221
131
156
111
420
221
265
242
373
453
348
403
304
313
391
328
535
504
478
587
553
577
623
692
475
360
351
1079
822
1054
932
854
566
607
750
693
600
292
199
444
317
330
343
588
601
756
735
970
781
888
1061
1125
1124
1118
1058
1108
1332
935
1027
1036
1136
1351
1405
1171
1067
997
953
1055
1078
1115
804
801
571
708
678
517
634
488
383
350
452
543
338
489
480
321
333
138
726
911
708
720
1013
944
723
900
668
740
753
763
728
691
831
824
838
844
1092
810
798
1041
1019
966
882
895
711
890
709
766
798
756
850
851
962
671
987
735
722
824
825
970
982
981
945
1125
810
941
1049
992
968
881
1122
1210
1332
946
788
1179
787
410
750
632
770
1022
1017
898
1032
675
848
845
947
785
557
807
506
362
518
822
624
629
634
769
759
684
778
666
994
1140
858
1037
610
756
526
789
655
835
925
580
666
521
506
388
849
925
992
948
962
1041
964
986
955
788
995
896
1239
1129
954
775
636
423
648
704
779
424
684
670
599
399
708
645
700
682
625
592
658
956
875
1054
1103
1205
1077
1094
1083
1145
949
1229
1141
1187
1208
1200
1513
131
