4
396
720
611
90
130
226
256
412
379
549
492
489
563
586
606
421
319
343
302
168
103
184
93
90
106
196
230
184
149
121
226
347
222
80
63
58
40
146
157
287
379
273
229
159
156
211
255
202
202
186
134
249
203
130
176
175
195
175
99
99
172
271
250
102
188
317
371
339
322
319
336
271
292
283
301
335
267
135
62
305
411
310
319
384
326
209
345
448
349
501
440
220
357
487
385
410
414
496
441
526
644
529
326
314
295
440
462
345
234
172
323
273
257
186
432
507
424
444
447
342
326
520
391
448
389
448
290
287
338
357
239
258
233
184
293
333
319
343
228
344
348
355
417
418
370
262
159
126
351
385
386
404
404
469
452
328
361
271
338
248
182
349
400
357
237
277
188
118
139
228
285
308
326
264
335
373
378
408
367
376
376
356
219
359
363
376
361
365
255
412
402
358
418
436
462
457
494
482
473
434
362
243
155
225
216
171
245
186
145
204
110
353
319
279
161
119
333
466
446
361
477
594
455
591
438
473
432
339
323
434
413
368
450
638
477
434
432
441
410
424
490
348
375
301
322
262
164
455
434
405
409
369
290
372
452
404
294
144
54
39
400
490
455
386
562
567
450
367
366
355
269
241
211
208
264
409
293
362
418
304
496
403
479
437
424
403
325
261
132
152
205
157
9
242
225
224
214
520
556
564
533
602
578
484
703
523
384
308
22
36
261
195
250
179
322
446
535
600
637
518
669
554
495
456
538
487
553
478
524
567
532
452
478
294
136
90
313
497
564
594
458
373
343
344
278
223
206
230
241
231
254
161
115
133
166
215
229
154
153
52
485
537
467
445
450
326
379
469
492
236
326
365
328
216
172
201
99
99
84
238
190
128
159
170
119
114
112
74
94
92
139
94
94
75
99
73
109
45
45
49
33
121
76
54
36
31
18
36
29
31
13
13
117
29
94
72
60
90
76
43
49
9
148
27
31
48
179
121
87
130
124
144
76
58
63
40
52
67
85
62
117
92
205
303
246
221
254
202
107
152
264
296
139
86
94
60
85
95
178
221
269
258
488
394
316
384
435
609
632
649
499
469
423
363
439
361
470
414
487
613
646
554
601
529
472
507
492
458
398
426
450
442
469
418
636
538
460
522
613
611
523
580
534
553
514
462
574
476
364
409
464
459
390
399
406
425
470
421
551
469
531
335
546
352
423
499
514
589
553
584
546
667
601
530
224
136
117
158
427
550
531
478
503
420
430
470
435
468
526
518
327
452
401
420
570
628
479
477
448
396
418
303
484
418
423
245
188
148
102
85
80
141
281
425
454
338
502
414
326
347
487
522
498
332
453
345
439
395
428
186
232
179
300
309
342
283
213
166
40
117
179
226
398
459
447
464
441
595
591
491
372
374
395
434
373
547
391
487
380
306
412
385
345
391
361
346
406
426
337
223
289
264
183
243
371
362
241
276
248
315
170
179
85
135
135
97
234
293
393
388
427
373
360
483
459
439
436
438
440
445
508
436
514
505
503
554
541
377
534
518
544
518
588
622
413
591
535
421
532
541
580
628
572
518
561
468
568
514
567
540
555
544
520
417
578
566
391
474
267
483
482
447
340
424
417
316
422
299
416
359
335
398
427
451
467
468
550
528
524
565
367
549
575
531
414
514
534
501
544
490
442
409
464
505
369
450
409
439
377
310
341
444
437
412
386
394
525
467
266
480
515
474
512
426
419
280
411
418
356
391
481
460
562
492
454
557
503
422
405
504
513
493
538
497
485
549
451
441
504
561
479
409
503
540
732
492
526
538
419
486
452
445
483
480
509
492
450
384
379
444
577
377
422
418
450
502
430
415
326
338
509
495
296
467
337
118
319
326
288
319
220
158
170
220
247
115
327
195
168
257
328
126
198
99
85
103
139
85
225
122
292
216
139
93
117
103
84
175
61
130
113
207
145
133
148
148
106
140
179
97
112
130
57
135
97
99
103
59
108
112
65
108
67
62
166
76
99
71
108
72
40
58
214
255
261
288
313
413
502
273
341
276
315
262
212
222
230
244
106
117
85
54
338
102
22
40
229
157
216
268
239
24
411
293
147
174
220
172
153
169
87
108
103
125
233
323
241
226
153
120
194
270
200
177
126
103
99
319
309
261
283
223
195
193
280
198
146
116
166
179
219
138
117
117
86
108
76
126
113
126
75
121
100
112
94
65
49
58
45
73
200
85
45
94
49
99
80
69
72
156
117
230
153
71
362
314
336
172
85
205
58
58
80
147
360
364
364
181
177
271
203
211
179
141
181
157
98
170
155
123
184
241
391
309
381
445
395
471
451
485
505
505
527
471
200
350
475
555
444
490
572
618
427
389
393
439
417
443
460
554
486
258
267
224
295
234
238
252
249
349
401
245
300
212
278
322
256
242
359
339
259
179
204
259
280
240
293
301
302
308
241
333
357
365
300
374
333
394
408
322
431
409
421
464
354
368
420
470
480
535
546
506
320
309
378
436
448
372
473
529
480
355
381
494
471
454
452
417
369
327
333
536
431
496
347
437
463
463
487
612
378
420
527
442
463
485
558
474
375
368
158
477
389
430
432
370
409
472
356
385
378
295
193
170
135
297
426
428
490
349
472
475
358
577
353
367
368
460
560
446
526
468
472
489
494
456
267
441
510
370
504
365
509
525
494
533
455
519
483
540
540
479
429
4
396
720
611
90
130
226
256
412
379
549
492
489
563
586
606
421
319
343
302
168
103
184
93
90
106
196
230
184
149
121
226
347
222
80
63
58
40
146
157
287
379
273
229
159
156
211
255
202
202
186
134
249
203
130
176
175
195
175
99
99
172
271
250
102
188
317
371
339
322
319
336
271
292
283
301
335
267
135
62
305
411
310
319
384
326
209
345
448
349
501
440
220
357
487
385
410
414
496
441
526
644
529
326
314
295
440
462
345
234
172
323
273
257
186
432
507
424
444
447
342
326
520
391
448
389
448
290
287
338
357
239
258
233
184
293
333
319
343
228
344
348
355
417
418
370
262
159
126
351
385
386
404
404
469
452
328
361
271
338
248
182
349
400
357
237
277
188
118
139
228
285
308
326
264
335
373
378
408
367
376
376
356
219
359
363
376
361
365
255
412
402
358
418
436
462
457
494
482
473
434
362
243
155
225
216
171
245
186
145
204
110
353
319
279
161
119
333
466
446
361
477
594
455
591
438
473
432
339
323
434
413
368
450
638
477
434
432
441
410
424
490
348
375
301
322
262
164
455
434
405
409
369
290
372
452
404
294
144
54
39
400
490
455
386
562
567
450
367
366
355
269
241
211
208
264
409
293
362
418
304
496
403
479
437
424
403
325
261
132
152
205
157
9
242
225
224
214
520
556
564
533
602
578
484
703
523
384
308
22
36
261
195
250
179
322
446
535
600
637
518
669
554
495
456
538
487
553
478
524
567
532
452
478
294
136
90
313
497
564
594
458
373
343
344
278
223
206
230
241
231
254
161
115
133
166
215
229
154
153
52
485
537
467
445
450
326
379
469
492
236
326
365
328
216
172
201
99
99
84
238
190
128
159
170
119
114
112
74
94
92
139
94
94
75
99
73
109
45
45
49
33
121
76
54
36
31
18
36
29
31
13
13
117
29
94
72
60
90
76
43
49
9
148
27
31
48
179
121
87
130
124
144
76
58
63
40
52
67
85
62
117
92
205
303
246
221
254
202
107
152
264
296
139
86
94
60
85
95
178
221
269
258
488
394
316
384
435
609
632
649
499
469
423
363
439
361
470
414
487
613
646
554
601
529
472
507
492
458
398
426
450
442
469
418
636
538
460
522
613
611
523
580
534
553
514
462
574
476
364
409
464
459
390
399
406
425
470
421
551
469
531
335
546
352
423
499
514
589
553
584
546
667
601
530
224
136
117
158
427
550
531
478
503
420
430
470
435
468
526
518
327
452
401
420
570
628
479
477
448
396
418
303
484
418
423
245
188
148
102
85
80
141
281
425
454
338
502
414
326
347
487
522
498
332
453
345
439
395
428
186
232
179
300
309
342
283
213
166
40
117
179
226
398
459
447
464
441
595
591
491
372
374
395
434
373
547
391
487
380
306
412
385
345
391
361
346
406
426
337
223
289
264
183
243
371
362
241
276
248
315
170
179
85
135
135
97
234
293
393
388
427
373
360
483
459
439
436
438
440
445
508
436
514
505
503
554
541
377
534
518
544
518
588
622
413
591
535
421
532
541
580
628
572
518
561
468
568
514
567
540
555
544
520
417
578
566
391
474
267
483
482
447
340
424
417
316
422
299
416
359
335
398
427
451
467
468
550
528
524
565
367
549
575
531
414
514
534
501
544
490
442
409
464
505
369
450
409
439
377
310
341
444
437
412
386
394
525
467
266
480
515
474
512
426
419
280
411
418
356
391
481
460
562
492
454
557
503
422
405
504
513
493
538
497
485
549
451
441
504
561
479
409
503
540
732
492
526
538
419
486
452
445
483
480
509
492
450
384
379
444
577
377
422
418
450
502
430
415
326
338
509
495
296
467
337
118
319
326
288
319
220
158
170
220
247
115
327
195
168
257
328
126
198
99
85
103
139
85
225
122
292
216
139
93
117
103
84
175
61
130
113
207
145
133
148
148
106
140
179
97
112
130
57
135
97
99
103
59
108
112
65
108
67
62
166
76
99
71
108
72
40
58
214
255
261
288
313
413
502
273
341
276
315
262
212
222
230
244
106
117
85
54
338
102
22
40
229
157
216
268
239
24
411
293
147
174
220
172
153
169
87
108
103
125
233
323
241
226
153
120
194
270
200
177
126
103
99
319
309
261
283
223
195
193
280
198
146
116
166
179
219
138
117
117
86
108
76
126
113
126
75
121
100
112
94
65
49
58
45
73
200
85
45
94
49
99
80
69
72
156
117
230
153
71
362
314
336
172
85
205
58
58
80
147
360
364
364
181
177
271
203
211
179
141
181
157
98
170
155
123
184
241
391
309
381
445
395
471
451
485
505
505
527
471
200
350
475
555
444
490
572
618
427
389
393
439
417
443
460
554
486
258
267
224
295
234
238
252
249
349
401
245
300
212
278
322
256
242
359
339
259
179
204
259
280
240
293
301
302
308
241
333
357
365
300
374
333
394
408
322
431
409
421
464
354
368
420
470
480
535
546
506
320
309
378
436
448
372
473
529
480
355
381
494
471
454
452
417
369
327
333
536
431
496
347
437
463
463
487
612
378
420
527
442
463
485
558
474
375
368
158
477
389
430
432
370
409
472
356
385
378
295
193
170
135
297
426
428
490
349
472
475
358
577
353
367
368
460
560
446
526
468
472
489
494
456
267
441
510
370
504
365
509
525
494
533
455
519
483
540
540
479
429
4
396
720
611
90
130
226
256
412
379
549
492
489
563
586
606
421
319
343
302
168
103
184
93
90
106
196
230
184
149
121
226
347
222
80
63
58
40
146
157
287
379
273
229
159
156
211
255
202
202
186
134
249
203
130
176
175
195
175
99
99
172
271
250
102
188
317
371
339
322
319
336
271
292
283
301
335
267
135
62
305
411
310
319
384
326
209
345
448
349
501
440
220
357
487
385
410
414
496
441
526
644
529
326
314
295
440
462
345
234
172
323
273
257
186
432
507
424
444
447
342
326
520
391
448
389
448
290
287
338
357
239
258
233
184
293
333
319
343
228
344
348
355
417
418
370
262
159
126
351
385
386
404
404
469
452
328
361
271
338
248
182
349
400
357
237
277
188
118
139
228
285
308
326
264
335
373
378
408
367
376
376
356
219
359
363
376
361
365
255
412
402
358
418
436
462
457
494
482
473
434
362
243
155
225
216
171
245
186
145
204
110
353
319
279
161
119
333
466
446
361
477
594
455
591
438
473
432
339
323
434
413
368
450
638
477
434
432
441
410
424
490
348
375
301
322
262
164
455
434
405
409
369
290
372
452
404
294
144
54
39
400
490
455
386
562
567
450
367
366
355
269
241
211
208
264
409
293
362
418
304
496
403
479
437
424
403
325
261
132
152
205
157
9
242
225
224
214
520
556
564
533
602
578
484
703
523
384
308
22
36
261
195
250
179
322
446
535
600
637
518
669
554
495
456
538
487
553
478
524
567
532
452
478
294
136
90
313
497
564
594
458
373
343
344
278
223
206
230
241
231
254
161
115
133
166
215
229
154
153
52
485
537
467
445
450
326
379
469
492
236
326
365
328
216
172
201
99
99
84
238
190
128
159
170
119
114
112
74
94
92
139
94
94
75
99
73
109
45
45
49
33
121
76
54
36
31
18
36
29
31
13
13
117
29
94
72
60
90
76
43
49
9
148
27
31
48
179
121
87
130
124
144
76
58
63
40
52
67
85
62
117
92
205
303
246
221
254
202
107
152
264
296
139
86
94
60
85
95
178
221
269
258
488
394
316
384
435
609
632
649
499
469
423
363
439
361
470
414
487
613
646
554
601
529
472
507
492
458
398
426
450
442
469
418
636
538
460
522
613
611
523
580
534
553
514
462
574
476
364
409
464
459
390
399
406
425
470
421
551
469
531
335
546
352
423
499
514
589
553
584
546
667
601
530
224
136
117
158
427
550
531
478
503
420
430
470
435
468
526
518
327
452
401
420
570
628
479
477
448
396
418
303
484
418
423
245
188
148
102
85
80
141
281
425
454
338
502
414
326
347
487
522
498
332
453
345
439
395
428
186
232
179
300
309
342
283
213
166
40
117
179
226
398
459
447
464
441
595
591
491
372
374
395
434
373
547
391
487
380
306
412
385
345
391
361
346
406
426
337
223
289
264
183
243
371
362
241
276
248
315
170
179
85
135
135
97
234
293
393
388
427
373
360
483
459
439
436
438
440
445
508
436
514
505
503
554
541
377
534
518
544
518
588
622
413
591
535
421
532
541
580
628
572
518
561
468
568
514
567
540
555
544
520
417
578
566
391
474
267
483
482
447
340
424
417
316
422
299
416
359
335
398
427
451
467
468
550
528
524
565
367
549
575
531
414
514
534
501
544
490
442
409
464
505
369
450
409
439
377
310
341
444
437
412
386
394
525
467
266
480
515
474
512
426
419
280
411
418
356
391
481
460
562
492
454
557
503
422
405
504
513
493
538
497
485
549
451
441
504
561
479
409
503
540
732
492
526
538
419
486
452
445
483
480
509
492
450
384
379
444
577
377
422
418
450
502
430
415
326
338
509
495
296
467
337
118
319
326
288
319
220
158
170
220
247
115
327
195
168
257
328
126
198
99
85
103
139
85
225
122
292
216
139
93
117
103
84
175
61
130
113
207
145
133
148
148
106
140
179
97
112
130
57
135
97
99
103
59
108
112
65
108
67
62
166
76
99
71
108
72
40
58
214
255
261
288
313
413
502
273
341
276
315
262
212
222
230
244
106
117
85
54
338
102
22
40
229
157
216
268
239
24
411
293
147
174
220
172
153
169
87
108
103
125
233
323
241
226
153
120
194
270
200
177
126
103
99
319
309
261
283
223
195
193
280
198
146
116
166
179
219
138
117
117
86
108
76
126
113
126
75
121
100
112
94
65
49
58
45
73
200
85
45
94
49
99
80
69
72
156
117
230
153
71
362
314
336
172
85
205
58
58
80
147
360
364
364
181
177
271
203
211
179
141
181
157
98
170
155
123
184
241
391
309
381
445
395
471
451
485
505
505
527
471
200
350
475
555
444
490
572
618
427
389
393
439
417
443
460
554
486
258
267
224
295
234
238
252
249
349
401
245
300
212
278
322
256
242
359
339
259
179
204
259
280
240
293
301
302
308
241
333
357
365
300
374
333
394
408
322
431
409
421
464
354
368
420
470
480
535
546
506
320
309
378
436
448
372
473
529
480
355
381
494
471
454
452
417
369
327
333
536
431
496
347
437
463
463
487
612
378
420
527
442
463
485
558
474
375
368
158
477
389
430
432
370
409
472
356
385
378
295
193
170
135
297
426
428
490
349
472
475
358
577
353
367
368
460
560
446
526
468
472
489
494
456
267
441
510
370
504
365
509
525
494
533
455
519
483
540
540
479
429
