232
287
96
158
128
141
213
176
200
220
230
301
227
165
213
224
220
295
233
223
245
191
203
239
234
238
247
225
246
253
250
247
260
233
235
216
245
237
274
239
201
175
101
213
312
341
308
437
409
393
370
424
359
294
341
409
505
455
436
400
266
397
506
492
478
495
346
239
286
180
180
226
170
201
162
190
184
127
183
414
335
336
318
323
338
292
343
294
242
353
366
321
307
347
343
253
290
109
165
170
177
145
94
151
119
148
167
143
182
178
122
155
156
148
196
165
170
163
139
103
120
202
273
294
281
317
340
272
165
97
245
205
176
144
130
185
117
137
51
50
187
203
264
283
192
180
240
201
143
69
171
126
182
173
191
220
130
146
95
112
88
126
185
155
288
310
305
263
229
158
172
200
213
240
302
323
279
297
217
287
261
250
297
265
30
633
245
231
265
260
221
272
238
208
257
196
195
288
233
214
165
6
232
178
193
223
242
249
304
220
232
214
244
351
270
290
291
241
257
237
153
157
104
181
141
236
193
209
201
137
60
136
266
281
246
215
204
203
135
229
170
75
256
412
477
414
273
343
381
450
340
475
413
153
240
262
304
339
409
381
427
537
512
515
519
429
517
419
402
24
813
468
385
385
382
499
544
504
490
372
469
393
286
1151
474
535
511
437
482
394
433
455
421
446
348
403
402
136
756
178
220
153
150
112
35
173
182
175
228
193
261
191
262
240
122
215
228
203
181
196
218
153
181
154
194
193
257
272
222
223
235
188
232
234
236
196
201
112
121
115
120
203
144
177
124
97
51
36
42
52
45
37
51
55
38
64
70
59
64
97
69
87
58
68
76
62
69
81
66
50
57
75
53
67
46
65
52
45
40
35
34
4
10
2
17
31
24
29
40
10
232
287
96
158
128
141
213
176
200
220
230
301
227
165
213
224
220
295
233
223
245
191
203
239
234
238
247
225
246
253
250
247
260
233
235
216
245
237
274
239
201
175
101
213
312
341
308
437
409
393
370
424
359
294
341
409
505
455
436
400
266
397
506
492
478
495
346
239
286
180
180
226
170
201
162
190
184
127
183
414
335
336
318
323
338
292
343
294
242
353
366
321
307
347
343
253
290
109
165
170
177
145
94
151
119
148
167
143
182
178
122
155
156
148
196
165
170
163
139
103
120
202
273
294
281
317
340
272
165
97
245
205
176
144
130
185
117
137
51
50
187
203
264
283
192
180
240
201
143
69
171
126
182
173
191
220
130
146
95
112
88
126
185
155
288
310
305
263
229
158
172
200
213
240
302
323
279
297
217
287
261
250
297
265
30
633
245
231
265
260
221
272
238
208
257
196
195
288
233
214
165
6
232
178
193
223
242
249
304
220
232
214
244
351
270
290
291
241
257
237
153
157
104
181
141
236
193
209
201
137
60
136
266
281
246
215
204
203
135
229
170
75
256
412
477
414
273
343
381
450
340
475
413
153
240
262
304
339
409
381
427
537
512
515
519
429
517
419
402
24
813
468
385
385
382
499
544
504
490
372
469
393
286
1151
474
535
511
437
482
394
433
455
421
446
348
403
402
136
756
178
220
153
150
112
35
173
182
175
228
193
261
191
262
240
122
215
228
203
181
196
218
153
181
154
194
193
257
272
222
223
235
188
232
234
236
196
201
112
121
115
120
203
144
177
124
97
51
36
42
52
45
37
51
55
38
64
70
59
64
97
69
87
58
68
76
62
69
81
66
50
57
75
53
67
46
65
52
45
40
35
34
4
10
2
17
31
24
29
40
10
232
287
96
158
128
141
213
176
200
220
230
301
227
165
213
224
220
295
233
223
245
191
203
239
234
238
247
225
246
253
250
247
260
233
235
216
245
237
274
239
201
175
101
213
312
341
308
437
409
393
370
424
359
294
341
409
505
455
436
400
266
397
506
492
478
495
346
239
286
180
180
226
170
201
162
190
184
127
183
414
335
336
318
323
338
292
343
294
242
353
366
321
307
347
343
253
290
109
165
170
177
145
94
151
119
148
167
143
182
178
122
155
156
148
196
165
170
163
139
103
120
202
273
294
281
317
340
272
165
97
245
205
176
144
130
185
117
137
51
50
187
203
264
283
192
180
240
201
143
69
171
126
182
173
191
220
130
146
95
112
88
126
185
155
288
310
305
263
229
158
172
200
213
240
302
323
279
297
217
287
261
250
297
265
30
633
245
231
265
260
221
272
238
208
257
196
195
288
233
214
165
6
232
178
193
223
242
249
304
220
232
214
244
351
270
290
291
241
257
237
153
157
104
181
141
236
193
209
201
137
60
136
266
281
246
215
204
203
135
229
170
75
256
412
477
414
273
343
381
450
340
475
413
153
240
262
304
339
409
381
427
537
512
515
519
429
517
419
402
24
813
468
385
385
382
499
544
504
490
372
469
393
286
1151
474
535
511
437
482
394
433
455
421
446
348
403
402
136
756
178
220
153
150
112
35
173
182
175
228
193
261
191
262
240
122
215
228
203
181
196
218
153
181
154
194
193
257
272
222
223
235
188
232
234
236
196
201
112
121
115
120
203
144
177
124
97
51
36
42
52
45
37
51
55
38
64
70
59
64
97
69
87
58
68
76
62
69
81
66
50
57
75
53
67
46
65
52
45
40
35
34
4
10
2
17
31
24
29
40
10
