155
136
128
177
102
118
90
116
76
93
112
126
124
138
124
128
133
142
173
120
118
125
157
173
183
173
138
161
110
127
144
115
119
126
142
112
137
115
132
137
130
164
81
54
85
216
223
282
249
299
349
193
335
261
281
161
356
323
233
344
380
259
328
299
266
382
257
188
288
200
258
205
227
157
171
110
208
54
166
315
382
362
222
292
334
313
367
433
463
302
262
346
196
251
311
446
331
380
269
268
228
194
288
208
220
218
166
102
159
150
128
191
188
237
183
183
144
147
140
86
123
82
57
42
65
272
253
143
208
205
73
210
215
174
153
191
164
257
245
237
119
187
134
193
94
130
79
63
116
86
144
106
152
72
255
177
262
132
204
173
197
155
140
129
165
200
190
194
205
170
176
113
160
114
229
306
181
213
298
275
277
227
292
212
266
189
245
280
226
307
232
323
274
324
335
327
288
239
328
380
256
234
305
225
295
373
295
313
150
765
247
210
223
288
266
276
233
72
136
179
160
122
3
199
229
239
255
223
226
228
249
232
309
300
289
165
171
130
129
249
244
278
276
170
183
197
273
216
271
276
278
222
239
237
280
123
50
259
333
383
410
456
301
369
438
505
531
414
483
416
475
549
333
374
310
283
314
343
411
422
410
404
412
590
540
533
694
427
601
239
947
506
448
477
483
529
507
500
399
436
375
433
343
428
486
506
470
534
527
380
438
359
419
258
312
280
200
368
283
185
163
129
127
146
177
169
169
187
164
215
169
219
276
343
264
292
213
229
182
187
241
224
234
240
270
330
263
223
244
202
271
340
341
245
217
160
173
261
207
293
121
144
112
116
79
85
37
55
75
96
81
115
130
121
76
99
84
114
127
110
147
159
142
112
129
157
135
143
136
153
136
122
133
97
58
51
23
8
0
155
136
128
177
102
118
90
116
76
93
112
126
124
138
124
128
133
142
173
120
118
125
157
173
183
173
138
161
110
127
144
115
119
126
142
112
137
115
132
137
130
164
81
54
85
216
223
282
249
299
349
193
335
261
281
161
356
323
233
344
380
259
328
299
266
382
257
188
288
200
258
205
227
157
171
110
208
54
166
315
382
362
222
292
334
313
367
433
463
302
262
346
196
251
311
446
331
380
269
268
228
194
288
208
220
218
166
102
159
150
128
191
188
237
183
183
144
147
140
86
123
82
57
42
65
272
253
143
208
205
73
210
215
174
153
191
164
257
245
237
119
187
134
193
94
130
79
63
116
86
144
106
152
72
255
177
262
132
204
173
197
155
140
129
165
200
190
194
205
170
176
113
160
114
229
306
181
213
298
275
277
227
292
212
266
189
245
280
226
307
232
323
274
324
335
327
288
239
328
380
256
234
305
225
295
373
295
313
150
765
247
210
223
288
266
276
233
72
136
179
160
122
3
199
229
239
255
223
226
228
249
232
309
300
289
165
171
130
129
249
244
278
276
170
183
197
273
216
271
276
278
222
239
237
280
123
50
259
333
383
410
456
301
369
438
505
531
414
483
416
475
549
333
374
310
283
314
343
411
422
410
404
412
590
540
533
694
427
601
239
947
506
448
477
483
529
507
500
399
436
375
433
343
428
486
506
470
534
527
380
438
359
419
258
312
280
200
368
283
185
163
129
127
146
177
169
169
187
164
215
169
219
276
343
264
292
213
229
182
187
241
224
234
240
270
330
263
223
244
202
271
340
341
245
217
160
173
261
207
293
121
144
112
116
79
85
37
55
75
96
81
115
130
121
76
99
84
114
127
110
147
159
142
112
129
157
135
143
136
153
136
122
133
97
58
51
23
8
0
155
136
128
177
102
118
90
116
76
93
112
126
124
138
124
128
133
142
173
120
118
125
157
173
183
173
138
161
110
127
144
115
119
126
142
112
137
115
132
137
130
164
81
54
85
216
223
282
249
299
349
193
335
261
281
161
356
323
233
344
380
259
328
299
266
382
257
188
288
200
258
205
227
157
171
110
208
54
166
315
382
362
222
292
334
313
367
433
463
302
262
346
196
251
311
446
331
380
269
268
228
194
288
208
220
218
166
102
159
150
128
191
188
237
183
183
144
147
140
86
123
82
57
42
65
272
253
143
208
205
73
210
215
174
153
191
164
257
245
237
119
187
134
193
94
130
79
63
116
86
144
106
152
72
255
177
262
132
204
173
197
155
140
129
165
200
190
194
205
170
176
113
160
114
229
306
181
213
298
275
277
227
292
212
266
189
245
280
226
307
232
323
274
324
335
327
288
239
328
380
256
234
305
225
295
373
295
313
150
765
247
210
223
288
266
276
233
72
136
179
160
122
3
199
229
239
255
223
226
228
249
232
309
300
289
165
171
130
129
249
244
278
276
170
183
197
273
216
271
276
278
222
239
237
280
123
50
259
333
383
410
456
301
369
438
505
531
414
483
416
475
549
333
374
310
283
314
343
411
422
410
404
412
590
540
533
694
427
601
239
947
506
448
477
483
529
507
500
399
436
375
433
343
428
486
506
470
534
527
380
438
359
419
258
312
280
200
368
283
185
163
129
127
146
177
169
169
187
164
215
169
219
276
343
264
292
213
229
182
187
241
224
234
240
270
330
263
223
244
202
271
340
341
245
217
160
173
261
207
293
121
144
112
116
79
85
37
55
75
96
81
115
130
121
76
99
84
114
127
110
147
159
142
112
129
157
135
143
136
153
136
122
133
97
58
51
23
8
0
