41
238
346
916
1231
615
511
904
588
642
525
931
682
1000
881
509
566
483
536
602
403
272
358
379
383
363
346
262
260
230
151
165
118
165
129
180
630
744
712
786
798
670
682
721
440
673
381
384
304
322
293
452
404
496
238
219
158
134
403
388
416
550
519
230
266
440
273
163
101
43
151
284
603
760
476
712
421
449
494
668
603
523
586
637
479
273
457
630
559
540
420
540
794
706
431
259
188
594
674
618
482
606
477
461
409
405
334
286
159
93
161
209
158
143
209
216
192
209
143
153
261
302
199
219
361
437
367
341
381
286
187
213
180
153
280
338
363
459
388
244
273
180
245
186
295
389
270
302
207
252
228
201
228
276
627
379
383
378
432
468
469
346
542
528
365
292
396
335
297
459
553
569
442
478
369
273
194
134
72
108
263
394
514
426
384
272
592
384
550
388
632
750
478
591
536
451
138
278
630
752
952
665
671
611
653
590
613
798
593
692
790
761
869
931
893
699
906
642
835
886
661
785
748
829
761
828
832
713
671
617
608
362
557
520
640
507
598
592
398
478
430
305
351
289
308
320
446
261
405
421
374
154
201
509
383
623
611
580
643
713
948
719
693
810
663
470
563
309
436
424
280
439
407
486
425
302
523
488
516
521
487
434
541
419
583
582
607
655
595
485
625
496
569
593
635
396
610
519
491
252
238
438
415
385
324
352
480
252
265
492
509
438
320
587
404
381
456
467
487
506
404
337
458
522
455
359
474
406
454
376
309
301
365
412
315
336
6
449
517
180
115
125
165
230
120
115
273
265
186
171
194
179
165
115
122
104
86
143
161
574
468
338
66
211
304
302
269
353
224
238
245
211
288
233
216
245
199
252
202
252
154
213
245
221
246
292
333
396
432
411
408
374
396
381
403
419
432
452
86
642
422
401
443
444
483
427
445
446
435
500
437
315
313
357
380
209
50
103
194
170
273
354
408
286
179
177
209
223
280
314
180
154
238
138
115
101
72
63
101
258
462
371
386
294
388
290
301
319
321
373
527
290
403
263
322
138
252
220
215
216
167
201
186
219
256
287
307
350
317
266
288
290
328
421
421
429
431
386
361
172
540
721
733
634
243
271
266
241
315
617
540
575
751
402
180
86
415
611
413
478
588
486
401
449
757
672
1154
1017
765
772
787
761
746
783
369
180
184
274
400
470
459
407
128
438
401
309
324
212
270
280
205
252
204
236
324
209
205
292
280
119
151
162
266
221
221
180
101
8
20
599
808
736
647
711
579
786
861
731
595
596
690
800
709
733
811
657
670
729
699
686
621
671
440
290
338
435
319
307
374
223
191
209
165
97
374
202
187
167
172
211
245
168
172
172
128
57
158
113
108
224
108
205
238
113
151
86
88
28
288
97
216
144
252
265
429
411
309
311
504
388
375
407
498
436
447
136
249
252
132
50
176
311
259
222
553
542
354
480
464
430
461
329
198
172
114
143
186
230
156
290
348
399
462
523
855
850
868
670
337
678
568
543
756
929
800
427
569
314
482
174
290
295
393
605
628
733
896
838
700
517
729
688
712
717
769
1078
1057
969
1104
950
544
857
920
896
976
938
952
1159
1124
1077
1160
1162
1243
1012
1250
1100
1054
1040
954
998
1050
659
824
804
765
875
835
908
852
1075
1031
993
1166
886
895
904
1081
1047
840
798
623
992
912
961
662
810
806
992
813
1005
927
938
1077
1130
1294
728
938
1119
1241
1104
1273
1087
950
952
1148
929
1215
1029
1049
935
642
1058
1208
964
988
925
769
896
1015
1042
1047
813
751
952
1036
1064
1114
780
625
756
640
532
796
847
651
507
637
773
644
520
710
948
665
780
975
1050
876
955
823
1031
1154
1096
801
971
861
881
921
988
820
873
717
814
836
914
709
689
805
811
826
951
603
603
522
595
646
459
405
372
613
310
364
266
86
38
180
234
352
346
78
332
396
795
648
515
489
406
428
338
206
213
129
320
330
363
381
418
307
446
481
514
544
405
497
490
513
471
446
482
396
86
346
439
346
313
392
453
320
243
369
309
410
342
383
390
407
464
449
473
465
530
384
563
473
534
534
388
569
460
495
411
344
458
565
528
709
630
655
539
632
650
537
400
559
569
533
385
496
511
412
571
420
514
449
482
471
600
427
176
547
345
403
410
429
242
372
457
446
466
455
360
453
515
384
511
327
423
403
402
408
411
417
448
432
392
275
367
303
302
319
315
302
230
263
346
294
284
305
346
210
273
252
353
295
374
346
338
239
288
216
266
149
230
238
142
180
178
621
553
790
381
696
459
245
436
683
393
497
452
489
462
360
640
409
270
297
403
487
363
424
247
177
158
117
93
79
72
67
86
129
109
203
245
218
218
305
245
218
194
173
236
323
346
440
314
384
290
342
347
272
372
346
363
437
363
301
301
324
103
305
346
215
197
309
134
194
123
602
406
404
503
675
534
646
692
515
572
344
415
388
303
282
244
269
288
213
326
385
434
507
244
398
322
376
446
530
500
440
571
580
610
584
411
536
637
411
443
344
276
232
259
250
245
111
158
147
245
237
250
288
143
187
109
288
184
197
273
175
151
107
129
86
376
320
277
336
310
201
247
273
155
203
266
182
172
108
129
139
172
115
111
143
79
32
101
143
176
174
273
195
439
317
285
214
245
258
331
286
586
561
373
266
158
93
111
79
299
158
189
172
266
323
248
288
217
223
279
234
382
359
341
419
394
411
444
494
339
257
250
770
586
752
665
609
404
433
535
494
428
209
142
317
226
236
245
419
429
540
525
692
557
634
757
802
802
798
755
790
950
667
732
739
811
964
1002
835
761
711
680
753
769
796
574
571
407
505
484
369
452
348
273
249
322
388
241
349
342
229
238
99
518
650
505
513
723
673
516
642
476
528
537
544
519
493
593
588
598
602
779
578
569
742
727
689
629
638
507
635
506
546
569
540
606
607
686
478
704
525
515
588
588
692
700
700
674
803
578
671
748
707
690
628
800
863
950
675
562
841
561
292
535
451
550
729
725
641
736
482
605
603
676
560
397
576
361
258
370
586
445
449
452
549
542
488
555
475
709
813
612
740
435
540
375
563
467
596
660
414
475
372
361
277
605
660
707
677
686
742
688
704
681
562
710
639
884
806
680
553
453
302
462
502
555
303
488
478
427
285
505
460
500
486
446
423
469
682
625
752
787
859
769
781
773
817
677
877
814
847
862
856
1079
93
41
238
346
916
1231
615
511
904
588
642
525
931
682
1000
881
509
566
483
536
602
403
272
358
379
383
363
346
262
260
230
151
165
118
165
129
180
630
744
712
786
798
670
682
721
440
673
381
384
304
322
293
452
404
496
238
219
158
134
403
388
416
550
519
230
266
440
273
163
101
43
151
284
603
760
476
712
421
449
494
668
603
523
586
637
479
273
457
630
559
540
420
540
794
706
431
259
188
594
674
618
482
606
477
461
409
405
334
286
159
93
161
209
158
143
209
216
192
209
143
153
261
302
199
219
361
437
367
341
381
286
187
213
180
153
280
338
363
459
388
244
273
180
245
186
295
389
270
302
207
252
228
201
228
276
627
379
383
378
432
468
469
346
542
528
365
292
396
335
297
459
553
569
442
478
369
273
194
134
72
108
263
394
514
426
384
272
592
384
550
388
632
750
478
591
536
451
138
278
630
752
952
665
671
611
653
590
613
798
593
692
790
761
869
931
893
699
906
642
835
886
661
785
748
829
761
828
832
713
671
617
608
362
557
520
640
507
598
592
398
478
430
305
351
289
308
320
446
261
405
421
374
154
201
509
383
623
611
580
643
713
948
719
693
810
663
470
563
309
436
424
280
439
407
486
425
302
523
488
516
521
487
434
541
419
583
582
607
655
595
485
625
496
569
593
635
396
610
519
491
252
238
438
415
385
324
352
480
252
265
492
509
438
320
587
404
381
456
467
487
506
404
337
458
522
455
359
474
406
454
376
309
301
365
412
315
336
6
449
517
180
115
125
165
230
120
115
273
265
186
171
194
179
165
115
122
104
86
143
161
574
468
338
66
211
304
302
269
353
224
238
245
211
288
233
216
245
199
252
202
252
154
213
245
221
246
292
333
396
432
411
408
374
396
381
403
419
432
452
86
642
422
401
443
444
483
427
445
446
435
500
437
315
313
357
380
209
50
103
194
170
273
354
408
286
179
177
209
223
280
314
180
154
238
138
115
101
72
63
101
258
462
371
386
294
388
290
301
319
321
373
527
290
403
263
322
138
252
220
215
216
167
201
186
219
256
287
307
350
317
266
288
290
328
421
421
429
431
386
361
172
540
721
733
634
243
271
266
241
315
617
540
575
751
402
180
86
415
611
413
478
588
486
401
449
757
672
1154
1017
765
772
787
761
746
783
369
180
184
274
400
470
459
407
128
438
401
309
324
212
270
280
205
252
204
236
324
209
205
292
280
119
151
162
266
221
221
180
101
8
20
599
808
736
647
711
579
786
861
731
595
596
690
800
709
733
811
657
670
729
699
686
621
671
440
290
338
435
319
307
374
223
191
209
165
97
374
202
187
167
172
211
245
168
172
172
128
57
158
113
108
224
108
205
238
113
151
86
88
28
288
97
216
144
252
265
429
411
309
311
504
388
375
407
498
436
447
136
249
252
132
50
176
311
259
222
553
542
354
480
464
430
461
329
198
172
114
143
186
230
156
290
348
399
462
523
855
850
868
670
337
678
568
543
756
929
800
427
569
314
482
174
290
295
393
605
628
733
896
838
700
517
729
688
712
717
769
1078
1057
969
1104
950
544
857
920
896
976
938
952
1159
1124
1077
1160
1162
1243
1012
1250
1100
1054
1040
954
998
1050
659
824
804
765
875
835
908
852
1075
1031
993
1166
886
895
904
1081
1047
840
798
623
992
912
961
662
810
806
992
813
1005
927
938
1077
1130
1294
728
938
1119
1241
1104
1273
1087
950
952
1148
929
1215
1029
1049
935
642
1058
1208
964
988
925
769
896
1015
1042
1047
813
751
952
1036
1064
1114
780
625
756
640
532
796
847
651
507
637
773
644
520
710
948
665
780
975
1050
876
955
823
1031
1154
1096
801
971
861
881
921
988
820
873
717
814
836
914
709
689
805
811
826
951
603
603
522
595
646
459
405
372
613
310
364
266
86
38
180
234
352
346
78
332
396
795
648
515
489
406
428
338
206
213
129
320
330
363
381
418
307
446
481
514
544
405
497
490
513
471
446
482
396
86
346
439
346
313
392
453
320
243
369
309
410
342
383
390
407
464
449
473
465
530
384
563
473
534
534
388
569
460
495
411
344
458
565
528
709
630
655
539
632
650
537
400
559
569
533
385
496
511
412
571
420
514
449
482
471
600
427
176
547
345
403
410
429
242
372
457
446
466
455
360
453
515
384
511
327
423
403
402
408
411
417
448
432
392
275
367
303
302
319
315
302
230
263
346
294
284
305
346
210
273
252
353
295
374
346
338
239
288
216
266
149
230
238
142
180
178
621
553
790
381
696
459
245
436
683
393
497
452
489
462
360
640
409
270
297
403
487
363
424
247
177
158
117
93
79
72
67
86
129
109
203
245
218
218
305
245
218
194
173
236
323
346
440
314
384
290
342
347
272
372
346
363
437
363
301
301
324
103
305
346
215
197
309
134
194
123
602
406
404
503
675
534
646
692
515
572
344
415
388
303
282
244
269
288
213
326
385
434
507
244
398
322
376
446
530
500
440
571
580
610
584
411
536
637
411
443
344
276
232
259
250
245
111
158
147
245
237
250
288
143
187
109
288
184
197
273
175
151
107
129
86
376
320
277
336
310
201
247
273
155
203
266
182
172
108
129
139
172
115
111
143
79
32
101
143
176
174
273
195
439
317
285
214
245
258
331
286
586
561
373
266
158
93
111
79
299
158
189
172
266
323
248
288
217
223
279
234
382
359
341
419
394
411
444
494
339
257
250
770
586
752
665
609
404
433
535
494
428
209
142
317
226
236
245
419
429
540
525
692
557
634
757
802
802
798
755
790
950
667
732
739
811
964
1002
835
761
711
680
753
769
796
574
571
407
505
484
369
452
348
273
249
322
388
241
349
342
229
238
99
518
650
505
513
723
673
516
642
476
528
537
544
519
493
593
588
598
602
779
578
569
742
727
689
629
638
507
635
506
546
569
540
606
607
686
478
704
525
515
588
588
692
700
700
674
803
578
671
748
707
690
628
800
863
950
675
562
841
561
292
535
451
550
729
725
641
736
482
605
603
676
560
397
576
361
258
370
586
445
449
452
549
542
488
555
475
709
813
612
740
435
540
375
563
467
596
660
414
475
372
361
277
605
660
707
677
686
742
688
704
681
562
710
639
884
806
680
553
453
302
462
502
555
303
488
478
427
285
505
460
500
486
446
423
469
682
625
752
787
859
769
781
773
817
677
877
814
847
862
856
1079
93
41
238
346
916
1231
615
511
904
588
642
525
931
682
1000
881
509
566
483
536
602
403
272
358
379
383
363
346
262
260
230
151
165
118
165
129
180
630
744
712
786
798
670
682
721
440
673
381
384
304
322
293
452
404
496
238
219
158
134
403
388
416
550
519
230
266
440
273
163
101
43
151
284
603
760
476
712
421
449
494
668
603
523
586
637
479
273
457
630
559
540
420
540
794
706
431
259
188
594
674
618
482
606
477
461
409
405
334
286
159
93
161
209
158
143
209
216
192
209
143
153
261
302
199
219
361
437
367
341
381
286
187
213
180
153
280
338
363
459
388
244
273
180
245
186
295
389
270
302
207
252
228
201
228
276
627
379
383
378
432
468
469
346
542
528
365
292
396
335
297
459
553
569
442
478
369
273
194
134
72
108
263
394
514
426
384
272
592
384
550
388
632
750
478
591
536
451
138
278
630
752
952
665
671
611
653
590
613
798
593
692
790
761
869
931
893
699
906
642
835
886
661
785
748
829
761
828
832
713
671
617
608
362
557
520
640
507
598
592
398
478
430
305
351
289
308
320
446
261
405
421
374
154
201
509
383
623
611
580
643
713
948
719
693
810
663
470
563
309
436
424
280
439
407
486
425
302
523
488
516
521
487
434
541
419
583
582
607
655
595
485
625
496
569
593
635
396
610
519
491
252
238
438
415
385
324
352
480
252
265
492
509
438
320
587
404
381
456
467
487
506
404
337
458
522
455
359
474
406
454
376
309
301
365
412
315
336
6
449
517
180
115
125
165
230
120
115
273
265
186
171
194
179
165
115
122
104
86
143
161
574
468
338
66
211
304
302
269
353
224
238
245
211
288
233
216
245
199
252
202
252
154
213
245
221
246
292
333
396
432
411
408
374
396
381
403
419
432
452
86
642
422
401
443
444
483
427
445
446
435
500
437
315
313
357
380
209
50
103
194
170
273
354
408
286
179
177
209
223
280
314
180
154
238
138
115
101
72
63
101
258
462
371
386
294
388
290
301
319
321
373
527
290
403
263
322
138
252
220
215
216
167
201
186
219
256
287
307
350
317
266
288
290
328
421
421
429
431
386
361
172
540
721
733
634
243
271
266
241
315
617
540
575
751
402
180
86
415
611
413
478
588
486
401
449
757
672
1154
1017
765
772
787
761
746
783
369
180
184
274
400
470
459
407
128
438
401
309
324
212
270
280
205
252
204
236
324
209
205
292
280
119
151
162
266
221
221
180
101
8
20
599
808
736
647
711
579
786
861
731
595
596
690
800
709
733
811
657
670
729
699
686
621
671
440
290
338
435
319
307
374
223
191
209
165
97
374
202
187
167
172
211
245
168
172
172
128
57
158
113
108
224
108
205
238
113
151
86
88
28
288
97
216
144
252
265
429
411
309
311
504
388
375
407
498
436
447
136
249
252
132
50
176
311
259
222
553
542
354
480
464
430
461
329
198
172
114
143
186
230
156
290
348
399
462
523
855
850
868
670
337
678
568
543
756
929
800
427
569
314
482
174
290
295
393
605
628
733
896
838
700
517
729
688
712
717
769
1078
1057
969
1104
950
544
857
920
896
976
938
952
1159
1124
1077
1160
1162
1243
1012
1250
1100
1054
1040
954
998
1050
659
824
804
765
875
835
908
852
1075
1031
993
1166
886
895
904
1081
1047
840
798
623
992
912
961
662
810
806
992
813
1005
927
938
1077
1130
1294
728
938
1119
1241
1104
1273
1087
950
952
1148
929
1215
1029
1049
935
642
1058
1208
964
988
925
769
896
1015
1042
1047
813
751
952
1036
1064
1114
780
625
756
640
532
796
847
651
507
637
773
644
520
710
948
665
780
975
1050
876
955
823
1031
1154
1096
801
971
861
881
921
988
820
873
717
814
836
914
709
689
805
811
826
951
603
603
522
595
646
459
405
372
613
310
364
266
86
38
180
234
352
346
78
332
396
795
648
515
489
406
428
338
206
213
129
320
330
363
381
418
307
446
481
514
544
405
497
490
513
471
446
482
396
86
346
439
346
313
392
453
320
243
369
309
410
342
383
390
407
464
449
473
465
530
384
563
473
534
534
388
569
460
495
411
344
458
565
528
709
630
655
539
632
650
537
400
559
569
533
385
496
511
412
571
420
514
449
482
471
600
427
176
547
345
403
410
429
242
372
457
446
466
455
360
453
515
384
511
327
423
403
402
408
411
417
448
432
392
275
367
303
302
319
315
302
230
263
346
294
284
305
346
210
273
252
353
295
374
346
338
239
288
216
266
149
230
238
142
180
178
621
553
790
381
696
459
245
436
683
393
497
452
489
462
360
640
409
270
297
403
487
363
424
247
177
158
117
93
79
72
67
86
129
109
203
245
218
218
305
245
218
194
173
236
323
346
440
314
384
290
342
347
272
372
346
363
437
363
301
301
324
103
305
346
215
197
309
134
194
123
602
406
404
503
675
534
646
692
515
572
344
415
388
303
282
244
269
288
213
326
385
434
507
244
398
322
376
446
530
500
440
571
580
610
584
411
536
637
411
443
344
276
232
259
250
245
111
158
147
245
237
250
288
143
187
109
288
184
197
273
175
151
107
129
86
376
320
277
336
310
201
247
273
155
203
266
182
172
108
129
139
172
115
111
143
79
32
101
143
176
174
273
195
439
317
285
214
245
258
331
286
586
561
373
266
158
93
111
79
299
158
189
172
266
323
248
288
217
223
279
234
382
359
341
419
394
411
444
494
339
257
250
770
586
752
665
609
404
433
535
494
428
209
142
317
226
236
245
419
429
540
525
692
557
634
757
802
802
798
755
790
950
667
732
739
811
964
1002
835
761
711
680
753
769
796
574
571
407
505
484
369
452
348
273
249
322
388
241
349
342
229
238
99
518
650
505
513
723
673
516
642
476
528
537
544
519
493
593
588
598
602
779
578
569
742
727
689
629
638
507
635
506
546
569
540
606
607
686
478
704
525
515
588
588
692
700
700
674
803
578
671
748
707
690
628
800
863
950
675
562
841
561
292
535
451
550
729
725
641
736
482
605
603
676
560
397
576
361
258
370
586
445
449
452
549
542
488
555
475
709
813
612
740
435
540
375
563
467
596
660
414
475
372
361
277
605
660
707
677
686
742
688
704
681
562
710
639
884
806
680
553
453
302
462
502
555
303
488
478
427
285
505
460
500
486
446
423
469
682
625
752
787
859
769
781
773
817
677
877
814
847
862
856
1079
93
