1616
1359
1482
1688
1133
1083
1453
1409
1158
2042
1924
1832
1578
1891
1137
1020
1057
1096
810
400
525
624
538
834
825
825
1110
896
735
630
563
762
643
1155
1937
1421
1813
1107
1007
980
440
505
565
690
550
781
622
729
740
834
645
746
834
645
827
568
1136
858
778
834
738
1077
949
637
361
505
597
1206
1434
1457
1083
1172
1364
1040
880
696
934
736
374
729
510
663
571
427
683
441
801
1146
1228
856
1297
1609
767
1876
1661
1163
844
1044
1128
1376
1274
1754
1328
919
1514
1373
1431
1244
1089
1044
1103
1434
1322
1464
1133
1229
919
685
936
893
1011
936
1333
1320
1085
840
1190
1379
1214
1163
275
381
735
684
834
26
1070
1133
1182
1283
1353
1077
1114
1104
1122
1010
1250
1487
1313
972
903
827
788
729
958
1281
1489
1154
1163
1362
1628
1602
1280
963
1083
1076
1175
1023
1392
1061
880
374
594
1450
1777
1406
1563
1886
2457
2412
2350
2453
1951
1652
1710
2416
1496
1989
1709
1915
1508
2469
3094
2863
775
3638
1359
1346
1466
1593
1852
2379
2028
2460
2746
2368
2196
1964
2068
2142
1902
1859
2029
2290
2404
1991
1966
2569
2075
2571
2811
344
3700
1937
1667
1616
1494
1163
1333
1301
1235
651
742
516
282
203
85
1554
1138
1320
1189
1274
1097
1182
1040
1103
1340
1156
1221
1268
1020
1188
805
855
1051
969
1016
1092
1025
1189
1202
1229
1248
979
1002
1346
796
793
926
785
617
543
690
450
643
465
696
356
834
652
479
440
535
814
715
515
650
536
624
537
709
580
538
368
558
447
630
476
540
565
445
578
415
571
348
400
460
512
428
381
188
190
79
65
32
374
206
606
625
633
649
655
627
769
550
753
637
948
1455
480
1002
628
764
1176
869
934
894
1193
1202
1353
919
645
1118
920
909
1199
1298
1187
1182
1249
1241
1209
1197
733
1366
1348
1281
1302
1325
1315
1298
1369
1139
1170
1182
1199
1381
1517
1184
1128
1181
1491
1158
978
777
1813
1517
1010
1182
1508
1673
1876
1780
1751
1856
2014
1958
1828
1806
1838
1551
1842
1773
1928
2007
1984
1820
1687
1780
1317
1718
1822
2204
1478
1589
1732
1406
1014
889
1130
1359
935
1295
927
1083
651
860
741
1097
1497
1610
2057
2263
1685
1847
1599
1798
1616
1359
1482
1688
1133
1083
1453
1409
1158
2042
1924
1832
1578
1891
1137
1020
1057
1096
810
400
525
624
538
834
825
825
1110
896
735
630
563
762
643
1155
1937
1421
1813
1107
1007
980
440
505
565
690
550
781
622
729
740
834
645
746
834
645
827
568
1136
858
778
834
738
1077
949
637
361
505
597
1206
1434
1457
1083
1172
1364
1040
880
696
934
736
374
729
510
663
571
427
683
441
801
1146
1228
856
1297
1609
767
1876
1661
1163
844
1044
1128
1376
1274
1754
1328
919
1514
1373
1431
1244
1089
1044
1103
1434
1322
1464
1133
1229
919
685
936
893
1011
936
1333
1320
1085
840
1190
1379
1214
1163
275
381
735
684
834
26
1070
1133
1182
1283
1353
1077
1114
1104
1122
1010
1250
1487
1313
972
903
827
788
729
958
1281
1489
1154
1163
1362
1628
1602
1280
963
1083
1076
1175
1023
1392
1061
880
374
594
1450
1777
1406
1563
1886
2457
2412
2350
2453
1951
1652
1710
2416
1496
1989
1709
1915
1508
2469
3094
2863
775
3638
1359
1346
1466
1593
1852
2379
2028
2460
2746
2368
2196
1964
2068
2142
1902
1859
2029
2290
2404
1991
1966
2569
2075
2571
2811
344
3700
1937
1667
1616
1494
1163
1333
1301
1235
651
742
516
282
203
85
1554
1138
1320
1189
1274
1097
1182
1040
1103
1340
1156
1221
1268
1020
1188
805
855
1051
969
1016
1092
1025
1189
1202
1229
1248
979
1002
1346
796
793
926
785
617
543
690
450
643
465
696
356
834
652
479
440
535
814
715
515
650
536
624
537
709
580
538
368
558
447
630
476
540
565
445
578
415
571
348
400
460
512
428
381
188
190
79
65
32
374
206
606
625
633
649
655
627
769
550
753
637
948
1455
480
1002
628
764
1176
869
934
894
1193
1202
1353
919
645
1118
920
909
1199
1298
1187
1182
1249
1241
1209
1197
733
1366
1348
1281
1302
1325
1315
1298
1369
1139
1170
1182
1199
1381
1517
1184
1128
1181
1491
1158
978
777
1813
1517
1010
1182
1508
1673
1876
1780
1751
1856
2014
1958
1828
1806
1838
1551
1842
1773
1928
2007
1984
1820
1687
1780
1317
1718
1822
2204
1478
1589
1732
1406
1014
889
1130
1359
935
1295
927
1083
651
860
741
1097
1497
1610
2057
2263
1685
1847
1599
1798
1616
1359
1482
1688
1133
1083
1453
1409
1158
2042
1924
1832
1578
1891
1137
1020
1057
1096
810
400
525
624
538
834
825
825
1110
896
735
630
563
762
643
1155
1937
1421
1813
1107
1007
980
440
505
565
690
550
781
622
729
740
834
645
746
834
645
827
568
1136
858
778
834
738
1077
949
637
361
505
597
1206
1434
1457
1083
1172
1364
1040
880
696
934
736
374
729
510
663
571
427
683
441
801
1146
1228
856
1297
1609
767
1876
1661
1163
844
1044
1128
1376
1274
1754
1328
919
1514
1373
1431
1244
1089
1044
1103
1434
1322
1464
1133
1229
919
685
936
893
1011
936
1333
1320
1085
840
1190
1379
1214
1163
275
381
735
684
834
26
1070
1133
1182
1283
1353
1077
1114
1104
1122
1010
1250
1487
1313
972
903
827
788
729
958
1281
1489
1154
1163
1362
1628
1602
1280
963
1083
1076
1175
1023
1392
1061
880
374
594
1450
1777
1406
1563
1886
2457
2412
2350
2453
1951
1652
1710
2416
1496
1989
1709
1915
1508
2469
3094
2863
775
3638
1359
1346
1466
1593
1852
2379
2028
2460
2746
2368
2196
1964
2068
2142
1902
1859
2029
2290
2404
1991
1966
2569
2075
2571
2811
344
3700
1937
1667
1616
1494
1163
1333
1301
1235
651
742
516
282
203
85
1554
1138
1320
1189
1274
1097
1182
1040
1103
1340
1156
1221
1268
1020
1188
805
855
1051
969
1016
1092
1025
1189
1202
1229
1248
979
1002
1346
796
793
926
785
617
543
690
450
643
465
696
356
834
652
479
440
535
814
715
515
650
536
624
537
709
580
538
368
558
447
630
476
540
565
445
578
415
571
348
400
460
512
428
381
188
190
79
65
32
374
206
606
625
633
649
655
627
769
550
753
637
