1911
1744
2272
1678
2199
2780
2200
2336
1123
5711
1839
1564
1666
2151
1987
2060
1738
539
1014
1332
1194
909
20
1482
1707
1784
1906
1667
1689
1703
1859
1731
2306
2241
2156
1230
1274
972
961
1861
1824
2072
2062
1270
1363
1471
2040
1614
2019
2062
2074
1659
1786
1771
2091
920
370
1934
2488
2856
3061
3400
2243
2752
3267
3768
3964
3092
3606
3105
3541
4095
2483
2790
2311
2114
2345
2556
3065
3146
3059
3018
3076
4400
4028
3978
5180
3189
4483
1785
7068
3774
3345
3557
3604
3944
3780
3732
2980
3250
2799
3232
2558
3193
3626
3774
3506
3985
3933
2834
3266
2675
3129
1923
2325
2093
1494
2748
2114
1380
1215
961
951
1089
1322
1259
1258
1395
1223
1607
1258
1634
2063
2558
1972
2178
1589
1712
1354
1394
1797
1672
1749
1787
2018
2463
1960
1664
1824
1504
2019
2537
2548
1829
1617
1192
1288
1944
1542
2188
899
1078
835
863
591
634
274
410
558
719
603
856
972
901
570
740
629
851
951
820
1095
1183
1060
833
959
1173
1006
1070
1017
1141
1012
913
995
721
433
380
169
63
0
1153
1014
954
1318
763
878
670
865
567
698
836
939
926
1032
922
957
995
1060
1290
897
883
930
1170
1294
1367
1290
1032
1205
819
947
1078
857
889
937
1057
833
1025
859
987
1025
967
1226
602
401
634
1610
1666
2106
1855
2235
2602
1437
2500
1950
2100
1204
2655
2408
1737
2568
2834
1933
2447
2230
1983
2854
1921
1402
2146
1492
1923
1526
1692
1173
1279
823
1553
401
1239
2352
2854
2698
1659
2177
2495
2339
2739
3232
3452
2252
1954
2579
1466
1876
2320
3330
2467
2834
2009
1999
1700
1449
2146
1554
1640
1628
1237
764
1183
1121
957
1427
1401
1765
1366
1363
1073
1099
1046
642
920
612
422
316
486
2030
1885
1070
1552
1532
542
1564
1605
1298
1141
1424
1226
1915
1832
1765
889
1394
999
1438
700
972
591
467
867
643
1078
791
1131
538
1902
1321
1955
988
1522
1290
1469
1158
1046
961
1229
1495
1414
1448
1529
1270
1311
841
1194
848
1707
2283
1350
1590
2220
2054
2066
1692
2178
1580
1987
1411
1829
2093
1687
2293
1732
2410
2046
2417
2496
2442
2150
1780
2450
2833
1911
1744
2272
1678
2199
2780
2200
2336
1123
5711
1839
1564
1666
2151
1987
2060
1738
539
1014
1332
1194
909
20
1482
1707
1784
1906
1667
1689
1703
1859
1731
2306
2241
2156
1230
1274
972
961
1861
1824
2072
2062
1270
1363
1471
2040
1614
2019
2062
2074
1659
1786
1771
2091
920
370
1934
2488
2856
3061
3400
2243
2752
3267
3768
3964
3092
3606
3105
3541
4095
2483
2790
2311
2114
2345
2556
3065
3146
3059
3018
3076
4400
4028
3978
5180
3189
4483
1785
7068
3774
3345
3557
3604
3944
3780
3732
2980
3250
2799
3232
2558
3193
3626
3774
3506
3985
3933
2834
3266
2675
3129
1923
2325
2093
1494
2748
2114
1380
1215
961
951
1089
1322
1259
1258
1395
1223
1607
1258
1634
2063
2558
1972
2178
1589
1712
1354
1394
1797
1672
1749
1787
2018
2463
1960
1664
1824
1504
2019
2537
2548
1829
1617
1192
1288
1944
1542
2188
899
1078
835
863
591
634
274
410
558
719
603
856
972
901
570
740
629
851
951
820
1095
1183
1060
833
959
1173
1006
1070
1017
1141
1012
913
995
721
433
380
169
63
0
1153
1014
954
1318
763
878
670
865
567
698
836
939
926
1032
922
957
995
1060
1290
897
883
930
1170
1294
1367
1290
1032
1205
819
947
1078
857
889
937
1057
833
1025
859
987
1025
967
1226
602
401
634
1610
1666
2106
1855
2235
2602
1437
2500
1950
2100
1204
2655
2408
1737
2568
2834
1933
2447
2230
1983
2854
1921
1402
2146
1492
1923
1526
1692
1173
1279
823
1553
401
1239
2352
2854
2698
1659
2177
2495
2339
2739
3232
3452
2252
1954
2579
1466
1876
2320
3330
2467
2834
2009
1999
1700
1449
2146
1554
1640
1628
1237
764
1183
1121
957
1427
1401
1765
1366
1363
1073
1099
1046
642
920
612
422
316
486
2030
1885
1070
1552
1532
542
1564
1605
1298
1141
1424
1226
1915
1832
1765
889
1394
999
1438
700
972
591
467
867
643
1078
791
1131
538
1902
1321
1955
988
1522
1290
1469
1158
1046
961
1229
1495
1414
1448
1529
1270
1311
841
1194
848
1707
2283
1350
1590
2220
2054
2066
1692
2178
1580
1987
1411
1829
2093
1687
2293
1732
2410
2046
2417
2496
2442
2150
1780
2450
2833
1911
1744
2272
1678
2199
2780
2200
2336
1123
5711
1839
1564
1666
2151
1987
2060
1738
539
1014
1332
1194
909
20
1482
1707
1784
1906
1667
1689
1703
1859
1731
2306
2241
2156
1230
1274
972
961
1861
1824
2072
2062
1270
1363
1471
2040
1614
2019
2062
2074
1659
1786
1771
2091
920
370
1934
2488
2856
3061
3400
2243
2752
3267
3768
3964
3092
3606
3105
3541
4095
2483
2790
2311
2114
2345
2556
3065
3146
3059
3018
3076
4400
4028
3978
5180
3189
4483
1785
7068
3774
3345
3557
3604
3944
3780
3732
2980
3250
2799
3232
2558
3193
3626
3774
3506
3985
3933
2834
3266
2675
3129
1923
2325
2093
1494
2748
2114
1380
1215
961
951
1089
1322
1259
1258
1395
1223
1607
1258
1634
2063
2558
1972
2178
1589
1712
1354
1394
1797
1672
1749
1787
2018
2463
1960
1664
1824
1504
2019
2537
2548
1829
1617
1192
1288
1944
1542
2188
899
1078
835
863
591
634
274
410
558
719
603
856
972
901
570
740
629
851
951
820
1095
1183
1060
833
959
1173
1006
1070
1017
1141
1012
913
995
721
433
380
169
63
0
