1732
2138
713
1182
952
1051
1591
1315
1493
1639
1717
2244
1694
1233
1589
1670
1639
2202
1738
1666
1827
1423
1518
1781
1747
1778
1846
1676
1836
1887
1864
1840
1941
1735
1751
1610
1829
1771
2048
1781
1497
1303
752
1592
2331
2544
2300
3257
3055
2930
2758
3166
2678
2194
2547
3055
3765
3397
3251
2984
1988
2964
3774
3669
3564
3693
2585
1781
2132
1346
1341
1685
1265
1498
1207
1415
1372
950
1363
3086
2496
2506
2375
2410
2524
2181
2560
2191
1802
2631
2730
2398
2289
2587
2560
1886
2160
813
1229
1269
1322
1085
698
1127
887
1108
1247
1070
1359
1331
911
1155
1164
1101
1462
1230
1266
1219
1036
772
893
1504
2034
2196
2094
2367
2538
2033
1229
726
1826
1533
1313
1071
968
1378
870
1024
381
370
1396
1518
1972
2112
1431
1343
1794
1502
1070
516
1275
937
1359
1289
1427
1639
973
1089
707
837
660
940
1383
1158
2151
2316
2277
1962
1709
1182
1286
1490
1586
1792
2250
2411
2083
2216
1617
2142
1946
1863
2216
1976
223
4723
1825
1727
1974
1942
1646
2029
1773
1555
1920
1462
1452
2146
1741
1600
1232
46
1731
1330
1442
1666
1809
1857
2272
1643
1732
1595
1820
2616
2017
2160
2169
1799
1920
1769
1143
1172
773
1349
1054
1760
1442
1560
1498
1022
447
1014
1986
2095
1834
1603
1522
1517
1011
1706
1266
562
1909
3072
3561
3087
2039
2562
2846
3360
2536
3546
3082
1142
1788
1954
2272
2530
3050
2843
3189
4003
3820
3840
3873
3198
3861
3129
2997
176
6067
3492
2872
2872
2849
3725
4056
3761
3654
2772
3500
2929
2133
8591
3538
3994
3809
3260
3594
2942
3233
3398
3142
3324
2593
3007
2998
1013
5640
1331
1639
1145
1117
837
260
1290
1359
1304
1703
1439
1946
1428
1956
1788
911
1603
1703
1513
1351
1461
1629
1140
1349
1149
1448
1437
1918
2029
1657
1666
1750
1404
1730
1749
1759
1463
1498
834
903
856
898
1517
1073
1322
922
726
381
270
317
391
334
277
381
409
284
475
521
442
474
726
514
652
432
505
568
460
514
608
493
375
425
558
395
502
342
484
391
334
301
260
251
27
74
14
130
232
180
217
298
73
1732
2138
713
1182
952
1051
1591
1315
1493
1639
1717
2244
1694
1233
1589
1670
1639
2202
1738
1666
1827
1423
1518
1781
1747
1778
1846
1676
1836
1887
1864
1840
1941
1735
1751
1610
1829
1771
2048
1781
1497
1303
752
1592
2331
2544
2300
3257
3055
2930
2758
3166
2678
2194
2547
3055
3765
3397
3251
2984
1988
2964
3774
3669
3564
3693
2585
1781
2132
1346
1341
1685
1265
1498
1207
1415
1372
950
1363
3086
2496
2506
2375
2410
2524
2181
2560
2191
1802
2631
2730
2398
2289
2587
2560
1886
2160
813
1229
1269
1322
1085
698
1127
887
1108
1247
1070
1359
1331
911
1155
1164
1101
1462
1230
1266
1219
1036
772
893
1504
2034
2196
2094
2367
2538
2033
1229
726
1826
1533
1313
1071
968
1378
870
1024
381
370
1396
1518
1972
2112
1431
1343
1794
1502
1070
516
1275
937
1359
1289
1427
1639
973
1089
707
837
660
940
1383
1158
2151
2316
2277
1962
1709
1182
1286
1490
1586
1792
2250
2411
2083
2216
1617
2142
1946
1863
2216
1976
223
4723
1825
1727
1974
1942
1646
2029
1773
1555
1920
1462
1452
2146
1741
1600
1232
46
1731
1330
1442
1666
1809
1857
2272
1643
1732
1595
1820
2616
2017
2160
2169
1799
1920
1769
1143
1172
773
1349
1054
1760
1442
1560
1498
1022
447
1014
1986
2095
1834
1603
1522
1517
1011
1706
1266
562
1909
3072
3561
3087
2039
2562
2846
3360
2536
3546
3082
1142
1788
1954
2272
2530
3050
2843
3189
4003
3820
3840
3873
3198
3861
3129
2997
176
6067
3492
2872
2872
2849
3725
4056
3761
3654
2772
3500
2929
2133
8591
3538
3994
3809
3260
3594
2942
3233
3398
3142
3324
2593
3007
2998
1013
5640
1331
1639
1145
1117
837
260
1290
1359
1304
1703
1439
1946
1428
1956
1788
911
1603
1703
1513
1351
1461
1629
1140
1349
1149
1448
1437
1918
2029
1657
1666
1750
1404
1730
1749
1759
1463
1498
834
903
856
898
1517
1073
1322
922
726
381
270
317
391
334
277
381
409
284
475
521
442
474
726
514
652
432
505
568
460
514
608
493
375
425
558
395
502
342
484
391
334
301
260
251
27
74
14
130
232
180
217
298
73
1732
2138
713
1182
952
1051
1591
1315
1493
1639
1717
2244
1694
1233
1589
1670
1639
2202
1738
1666
1827
1423
1518
1781
1747
1778
1846
1676
1836
1887
1864
1840
1941
1735
1751
1610
1829
1771
2048
1781
1497
1303
752
1592
2331
2544
2300
3257
3055
2930
2758
3166
2678
2194
2547
3055
3765
3397
3251
2984
1988
2964
3774
3669
3564
3693
2585
1781
2132
1346
1341
1685
1265
1498
1207
1415
1372
950
1363
3086
2496
2506
2375
2410
2524
2181
2560
2191
1802
2631
2730
2398
2289
2587
2560
1886
2160
813
1229
1269
1322
1085
698
1127
887
1108
1247
1070
1359
1331
911
1155
1164
1101
1462
1230
1266
1219
1036
772
893
1504
2034
2196
2094
2367
2538
2033
1229
726
1826
1533
1313
1071
968
1378
870
1024
381
370
1396
1518
1972
2112
1431
1343
1794
1502
1070
516
1275
937
1359
1289
1427
1639
973
1089
707
837
660
940
1383
1158
2151
2316
2277
1962
1709
1182
1286
1490
1586
1792
2250
2411
2083
2216
1617
2142
1946
1863
2216
1976
223
4723
1825
1727
1974
1942
1646
2029
1773
1555
1920
1462
1452
2146
1741
1600
1232
46
1731
1330
1442
1666
1809
1857
2272
1643
1732
1595
1820
2616
2017
2160
2169
1799
1920
1769
1143
1172
773
1349
1054
1760
1442
1560
1498
1022
447
1014
1986
2095
1834
1603
1522
1517
1011
1706
1266
562
1909
3072
3561
3087
2039
2562
2846
3360
2536
3546
3082
1142
1788
1954
2272
2530
3050
2843
3189
4003
3820
3840
3873
3198
3861
3129
2997
176
6067
3492
2872
2872
2849
3725
4056
3761
3654
2772
3500
2929
2133
8591
3538
3994
3809
3260
3594
2942
3233
3398
3142
3324
2593
3007
2998
1013
5640
1331
1639
1145
1117
837
260
1290
1359
1304
1703
1439
1946
1428
1956
1788
911
1603
1703
1513
1351
1461
1629
1140
1349
1149
1448
1437
1918
2029
1657
1666
1750
1404
1730
1749
1759
1463
1498
834
903
856
898
1517
1073
1322
922
726
381
270
317
391
334
277
381
409
284
475
521
442
474
726
514
652
432
505
568
460
514
608
493
375
425
558
395
502
342
484
391
334
301
260
251
27
74
14
130
232
180
217
298
73
