567
483
715
518
547
543
412
255
394
374
319
476
467
588
455
454
358
366
349
214
307
204
141
105
162
677
628
357
517
511
181
521
535
433
380
475
409
638
611
588
296
465
333
479
233
324
197
156
289
214
359
264
377
179
634
440
652
329
507
430
490
386
349
320
410
498
471
483
510
423
437
280
398
283
569
761
450
530
740
685
689
564
726
527
662
470
610
698
562
764
577
803
682
806
832
814
717
593
817
944
637
581
757
559
733
927
733
779
374
1904
613
521
555
717
662
687
579
180
338
444
398
303
7
494
569
595
635
556
563
568
620
577
769
747
719
410
425
324
320
620
608
691
687
423
454
490
680
538
673
687
691
553
595
590
697
307
123
645
829
952
1020
1133
748
917
1089
1256
1321
1031
1202
1035
1180
1365
828
930
770
705
782
852
1022
1049
1020
1006
1025
1467
1343
1326
1727
1063
1494
595
2356
1258
1115
1186
1201
1315
1260
1244
993
1083
933
1077
853
1064
1209
1258
1169
1328
1311
945
1089
892
1043
641
775
698
498
916
705
460
405
320
317
363
441
420
419
465
408
536
419
545
688
853
657
726
530
571
451
465
599
557
583
596
673
821
653
555
608
501
673
846
849
610
539
397
429
648
514
729
300
359
278
288
197
211
91
137
186
240
201
285
324
300
190
247
210
284
317
273
365
394
353
278
320
391
335
357
339
380
337
304
332
240
144
127
56
21
0
384
338
318
439
254
293
223
288
189
233
279
313
309
344
307
319
332
353
430
299
294
310
390
431
456
430
344
402
273
316
359
286
296
312
352
278
342
286
329
342
322
409
201
134
211
537
555
702
618
745
867
479
833
650
700
401
885
803
579
856
945
644
816
743
661
951
640
467
715
497
641
509
564
391
426
274
518
134
413
784
951
899
553
726
832
780
913
1077
1151
751
651
860
489
625
773
1110
822
945
670
666
567
483
715
518
547
543
412
255
394
374
319
476
467
588
455
454
358
366
349
214
307
204
141
105
162
677
628
357
517
511
181
521
535
433
380
475
409
638
611
588
296
465
333
479
233
324
197
156
289
214
359
264
377
179
634
440
652
329
507
430
490
386
349
320
410
498
471
483
510
423
437
280
398
283
569
761
450
530
740
685
689
564
726
527
662
470
610
698
562
764
577
803
682
806
832
814
717
593
817
944
637
581
757
559
733
927
733
779
374
1904
613
521
555
717
662
687
579
180
338
444
398
303
7
494
569
595
635
556
563
568
620
577
769
747
719
410
425
324
320
620
608
691
687
423
454
490
680
538
673
687
691
553
595
590
697
307
123
645
829
952
1020
1133
748
917
1089
1256
1321
1031
1202
1035
1180
1365
828
930
770
705
782
852
1022
1049
1020
1006
1025
1467
1343
1326
1727
1063
1494
595
2356
1258
1115
1186
1201
1315
1260
1244
993
1083
933
1077
853
1064
1209
1258
1169
1328
1311
945
1089
892
1043
641
775
698
498
916
705
460
405
320
317
363
441
420
419
465
408
536
419
545
688
853
657
726
530
571
451
465
599
557
583
596
673
821
653
555
608
501
673
846
849
610
539
397
429
648
514
729
300
359
278
288
197
211
91
137
186
240
201
285
324
300
190
247
210
284
317
273
365
394
353
278
320
391
335
357
339
380
337
304
332
240
144
127
56
21
0
384
338
318
439
254
293
223
288
189
233
279
313
309
344
307
319
332
353
430
299
294
310
390
431
456
430
344
402
273
316
359
286
296
312
352
278
342
286
329
342
322
409
201
134
211
537
555
702
618
745
867
479
833
650
700
401
885
803
579
856
945
644
816
743
661
951
640
467
715
497
641
509
564
391
426
274
518
134
413
784
951
899
553
726
832
780
913
1077
1151
751
651
860
489
625
773
1110
822
945
670
666
567
483
715
518
547
543
412
255
394
374
319
476
467
588
455
454
358
366
349
214
307
204
141
105
162
677
628
357
517
511
181
521
535
433
380
475
409
638
611
588
296
465
333
479
233
324
197
156
289
214
359
264
377
179
634
440
652
329
507
430
490
386
349
320
410
498
471
483
510
423
437
280
398
283
569
761
450
530
740
685
689
564
726
527
662
470
610
698
562
764
577
803
682
806
832
814
717
593
817
944
637
581
757
559
733
927
733
779
374
1904
613
521
555
717
662
687
579
180
338
444
398
303
7
494
569
595
635
556
563
568
620
577
769
747
719
410
425
324
320
620
608
691
687
423
454
490
680
538
673
687
691
553
595
590
697
307
123
645
829
952
1020
1133
748
917
1089
1256
1321
1031
1202
1035
1180
1365
828
930
770
705
782
852
1022
1049
1020
1006
1025
1467
1343
1326
1727
1063
1494
595
2356
1258
1115
1186
1201
1315
1260
1244
993
1083
933
1077
853
1064
1209
1258
1169
1328
1311
945
1089
892
1043
641
775
698
498
916
705
460
405
320
317
363
441
420
419
465
408
536
419
545
688
853
657
726
530
571
451
465
599
557
583
596
673
821
653
555
608
501
673
846
849
610
539
397
429
648
514
729
300
359
278
288
197
211
91
137
186
240
201
285
324
300
190
247
210
284
317
273
365
394
353
278
320
391
335
357
339
380
337
304
332
240
144
127
56
21
0
