205
8
289
222
240
278
301
309
379
274
289
266
303
436
336
360
361
300
320
295
190
195
129
225
176
293
240
260
250
170
74
169
331
349
306
267
254
253
168
284
211
94
318
512
593
514
340
427
474
560
423
591
514
190
298
326
379
422
508
474
531
667
637
640
646
533
644
521
499
29
1011
582
479
479
475
621
676
627
609
462
583
488
356
1432
590
666
635
543
599
490
539
566
524
554
432
501
500
169
940
222
273
191
186
140
43
215
226
217
284
240
324
238
326
298
152
267
284
252
225
243
272
190
225
191
241
240
320
338
276
278
292
234
288
292
293
244
250
139
150
143
150
253
179
220
154
121
64
45
53
65
56
46
64
68
47
79
87
74
79
121
86
109
72
84
95
77
86
101
82
63
71
93
66
84
57
81
65
56
50
43
42
5
12
2
22
39
30
36
50
12
289
356
119
197
159
175
265
219
249
273
286
374
282
205
265
278
273
367
290
278
304
237
253
297
291
296
308
279
306
315
311
307
323
289
292
268
305
295
341
297
250
217
125
265
389
424
383
543
509
488
460
528
446
366
425
509
627
566
542
497
331
494
629
611
594
615
431
297
355
224
223
281
211
250
201
236
229
158
227
514
416
418
396
402
421
363
427
365
300
438
455
400
381
431
427
314
360
136
205
211
220
181
116
188
148
185
208
178
226
222
152
192
194
183
244
205
211
203
173
129
149
251
339
366
349
395
423
339
205
121
304
256
219
179
161
230
145
171
64
62
233
253
329
352
239
224
299
250
178
86
213
156
226
215
238
273
162
182
118
140
110
157
231
193
358
386
379
327
285
197
214
248
264
299
375
402
347
369
270
357
324
310
369
329
37
787
304
288
329
324
274
338
296
259
320
244
242
358
290
267
205
8
289
222
240
278
301
309
379
274
289
266
303
436
336
360
361
300
320
295
190
195
129
225
176
293
240
260
250
170
74
169
331
349
306
267
254
253
168
284
211
94
318
512
593
514
340
427
474
560
423
591
514
190
298
326
379
422
508
474
531
667
637
640
646
533
644
521
499
29
1011
582
479
479
475
621
676
627
609
462
583
488
356
1432
590
666
635
543
599
490
539
566
524
554
432
501
500
169
940
222
273
191
186
140
43
215
226
217
284
240
324
238
326
298
152
267
284
252
225
243
272
190
225
191
241
240
320
338
276
278
292
234
288
292
293
244
250
139
150
143
150
253
179
220
154
121
64
45
53
65
56
46
64
68
47
79
87
74
79
121
86
109
72
84
95
77
86
101
82
63
71
93
66
84
57
81
65
56
50
43
42
5
12
2
22
39
30
36
50
12
289
356
119
197
159
175
265
219
249
273
286
374
282
205
265
278
273
367
290
278
304
237
253
297
291
296
308
279
306
315
311
307
323
289
292
268
305
295
341
297
250
217
125
265
389
424
383
543
509
488
460
528
446
366
425
509
627
566
542
497
331
494
629
611
594
615
431
297
355
224
223
281
211
250
201
236
229
158
227
514
416
418
396
402
421
363
427
365
300
438
455
400
381
431
427
314
360
136
205
211
220
181
116
188
148
185
208
178
226
222
152
192
194
183
244
205
211
203
173
129
149
251
339
366
349
395
423
339
205
121
304
256
219
179
161
230
145
171
64
62
233
253
329
352
239
224
299
250
178
86
213
156
226
215
238
273
162
182
118
140
110
157
231
193
358
386
379
327
285
197
214
248
264
299
375
402
347
369
270
357
324
310
369
329
37
787
304
288
329
324
274
338
296
259
320
244
242
358
290
267
205
8
289
222
240
278
301
309
379
274
289
266
303
436
336
360
361
300
320
295
190
195
129
225
176
293
240
260
250
170
74
169
331
349
306
267
254
253
168
284
211
94
318
512
593
514
340
427
474
560
423
591
514
190
298
326
379
422
508
474
531
667
637
640
646
533
644
521
499
29
1011
582
479
479
475
621
676
627
609
462
583
488
356
1432
590
666
635
543
599
490
539
566
524
554
432
501
500
169
940
222
273
191
186
140
43
215
226
217
284
240
324
238
326
298
152
267
284
252
225
243
272
190
225
191
241
240
320
338
276
278
292
234
288
292
293
244
250
139
150
143
150
253
179
220
154
121
64
45
53
65
56
46
64
68
47
79
87
74
79
121
86
109
72
84
95
77
86
101
82
63
71
93
66
84
57
81
65
56
50
43
42
5
12
2
22
39
30
36
50
12
