474
728
240
501
314
382
588
435
467
447
597
601
676
460
322
559
460
454
600
649
593
591
624
620
604
599
367
683
674
640
651
662
658
649
685
569
585
591
599
691
759
592
564
591
745
579
489
388
907
759
505
591
754
836
938
890
875
928
1007
979
914
903
919
776
921
886
964
1004
992
910
844
890
659
859
911
1102
739
794
866
703
507
444
565
680
468
647
463
542
325
430
371
549
749
805
1029
1131
842
923
800
899
808
679
741
844
566
542
727
705
579
1021
962
916
789
946
568
510
528
548
405
200
263
312
269
417
413
412
555
448
368
315
281
381
322
578
969
711
907
553
503
490
220
253
282
345
275
391
311
364
370
417
322
373
417
323
414
284
568
429
389
417
369
538
474
318
180
253
299
603
717
728
542
586
682
520
440
348
467
368
187
365
255
332
285
213
342
221
401
573
614
428
648
805
384
938
831
581
422
522
564
688
637
877
664
460
757
686
715
622
545
522
552
717
661
732
567
614
460
343
468
447
506
468
667
660
543
420
595
690
607
581
138
190
368
342
417
13
535
566
591
642
676
538
557
552
561
505
625
743
657
486
452
414
394
364
479
641
745
577
582
681
814
801
640
481
542
538
588
512
696
531
440
187
297
725
888
703
781
943
1228
1206
1175
1226
975
826
855
1208
748
995
854
957
754
1235
1547
1432
388
1819
680
673
733
797
926
1189
1014
1230
1373
1184
1098
982
1034
1071
951
929
1015
1145
1202
995
983
1284
1038
1286
1406
172
1850
969
834
808
747
582
667
651
617
325
371
258
141
102
43
777
569
660
594
637
548
591
520
551
670
578
611
634
510
594
403
427
525
485
508
546
512
594
601
614
624
489
501
673
398
396
463
393
308
271
345
225
322
232
348
178
417
326
239
220
268
407
358
257
325
268
312
268
354
290
269
184
279
223
315
238
270
282
223
289
208
286
174
200
230
256
214
190
94
95
39
33
16
187
103
303
313
316
324
327
313
385
275
376
318
474
728
240
501
314
382
588
435
467
447
597
601
676
460
322
559
460
454
600
649
593
591
624
620
604
599
367
683
674
640
651
662
658
649
685
569
585
591
599
691
759
592
564
591
745
579
489
388
907
759
505
591
754
836
938
890
875
928
1007
979
914
903
919
776
921
886
964
1004
992
910
844
890
659
859
911
1102
739
794
866
703
507
444
565
680
468
647
463
542
325
430
371
549
749
805
1029
1131
842
923
800
899
808
679
741
844
566
542
727
705
579
1021
962
916
789
946
568
510
528
548
405
200
263
312
269
417
413
412
555
448
368
315
281
381
322
578
969
711
907
553
503
490
220
253
282
345
275
391
311
364
370
417
322
373
417
323
414
284
568
429
389
417
369
538
474
318
180
253
299
603
717
728
542
586
682
520
440
348
467
368
187
365
255
332
285
213
342
221
401
573
614
428
648
805
384
938
831
581
422
522
564
688
637
877
664
460
757
686
715
622
545
522
552
717
661
732
567
614
460
343
468
447
506
468
667
660
543
420
595
690
607
581
138
190
368
342
417
13
535
566
591
642
676
538
557
552
561
505
625
743
657
486
452
414
394
364
479
641
745
577
582
681
814
801
640
481
542
538
588
512
696
531
440
187
297
725
888
703
781
943
1228
1206
1175
1226
975
826
855
1208
748
995
854
957
754
1235
1547
1432
388
1819
680
673
733
797
926
1189
1014
1230
1373
1184
1098
982
1034
1071
951
929
1015
1145
1202
995
983
1284
1038
1286
1406
172
1850
969
834
808
747
582
667
651
617
325
371
258
141
102
43
777
569
660
594
637
548
591
520
551
670
578
611
634
510
594
403
427
525
485
508
546
512
594
601
614
624
489
501
673
398
396
463
393
308
271
345
225
322
232
348
178
417
326
239
220
268
407
358
257
325
268
312
268
354
290
269
184
279
223
315
238
270
282
223
289
208
286
174
200
230
256
214
190
94
95
39
33
16
187
103
303
313
316
324
327
313
385
275
376
318
474
728
240
501
314
382
588
435
467
447
597
601
676
460
322
559
460
454
600
649
593
591
624
620
604
599
367
683
674
640
651
662
658
649
685
569
585
591
599
691
759
592
564
591
745
579
489
388
907
759
505
591
754
836
938
890
875
928
1007
979
914
903
919
776
921
886
964
1004
992
910
844
890
659
859
911
1102
739
794
866
703
507
444
565
680
468
647
463
542
325
430
371
549
749
805
1029
1131
842
923
800
899
808
679
741
844
566
542
727
705
579
1021
962
916
789
946
568
510
528
548
405
200
263
312
269
417
413
412
555
448
368
315
281
381
322
578
969
711
907
553
503
490
220
253
282
345
275
391
311
364
370
417
322
373
417
323
414
284
568
429
389
417
369
538
474
318
180
253
299
603
717
728
542
586
682
520
440
348
467
368
187
365
255
332
285
213
342
221
401
573
614
428
648
805
384
938
831
581
422
522
564
688
637
877
664
460
757
686
715
622
545
522
552
717
661
732
567
614
460
343
468
447
506
468
667
660
543
420
595
690
607
581
138
190
368
342
417
13
535
566
591
642
676
538
557
552
561
505
625
743
657
486
452
414
394
364
479
641
745
577
582
681
814
801
640
481
542
538
588
512
696
531
440
187
297
725
888
703
781
943
1228
1206
1175
1226
975
826
855
1208
748
995
854
957
754
1235
1547
1432
388
1819
680
673
733
797
926
1189
1014
1230
1373
1184
1098
982
1034
1071
951
929
1015
1145
1202
995
983
1284
1038
1286
1406
172
1850
969
834
808
747
582
667
651
617
325
371
258
141
102
43
777
569
660
594
637
548
591
520
551
670
578
611
634
510
594
403
427
525
485
508
546
512
594
601
614
624
489
501
673
398
396
463
393
308
271
345
225
322
232
348
178
417
326
239
220
268
407
358
257
325
268
312
268
354
290
269
184
279
223
315
238
270
282
223
289
208
286
174
200
230
256
214
190
94
95
39
33
16
187
103
303
313
316
324
327
313
385
275
376
318
