404
340
370
422
283
271
363
352
289
511
481
458
394
473
284
255
264
274
202
100
131
156
135
208
206
206
277
224
184
158
141
190
161
289
484
355
453
277
252
245
110
126
141
172
138
195
156
182
185
208
161
187
208
161
207
142
284
214
194
208
184
269
237
159
90
126
149
301
359
364
271
293
341
260
220
174
233
184
93
182
128
166
143
107
171
110
200
287
307
214
324
402
192
469
415
291
211
261
282
344
319
438
332
230
378
343
358
311
272
261
276
358
331
366
283
307
230
171
234
223
253
234
333
330
271
210
298
345
303
291
69
95
184
171
208
6
268
283
296
321
338
269
278
276
281
253
313
372
328
243
226
207
197
182
240
320
372
289
291
340
407
401
320
241
271
269
294
256
348
265
220
93
149
363
444
351
391
472
614
603
588
613
488
413
427
604
374
497
427
479
377
617
773
716
194
910
340
337
367
398
463
595
507
615
686
592
549
491
517
536
475
465
507
572
601
498
492
642
519
643
703
86
925
484
417
404
374
291
333
325
309
163
185
129
71
51
21
388
284
330
297
319
274
295
260
276
335
289
305
317
255
297
201
214
263
242
254
273
256
297
300
307
312
245
250
337
199
198
232
196
154
136
172
112
161
116
174
89
208
163
120
110
134
204
179
129
163
134
156
134
177
145
135
92
140
112
158
119
135
141
111
144
104
143
87
100
115
128
107
95
47
48
20
16
8
93
52
151
156
158
162
164
157
192
137
188
159
237
364
120
250
157
191
294
217
234
224
298
300
338
230
161
279
230
227
300
324
297
295
312
310
302
299
183
342
337
320
325
331
329
324
342
285
292
295
300
345
379
296
282
295
373
290
245
194
453
379
253
296
377
418
469
445
438
464
503
489
457
451
460
388
460
443
482
502
496
455
422
445
329
430
455
551
369
397
433
351
254
222
282
340
234
324
232
271
163
215
185
274
374
403
514
566
421
462
400
450
404
340
370
422
283
271
363
352
289
511
481
458
394
473
284
255
264
274
202
100
131
156
135
208
206
206
277
224
184
158
141
190
161
289
484
355
453
277
252
245
110
126
141
172
138
195
156
182
185
208
161
187
208
161
207
142
284
214
194
208
184
269
237
159
90
126
149
301
359
364
271
293
341
260
220
174
233
184
93
182
128
166
143
107
171
110
200
287
307
214
324
402
192
469
415
291
211
261
282
344
319
438
332
230
378
343
358
311
272
261
276
358
331
366
283
307
230
171
234
223
253
234
333
330
271
210
298
345
303
291
69
95
184
171
208
6
268
283
296
321
338
269
278
276
281
253
313
372
328
243
226
207
197
182
240
320
372
289
291
340
407
401
320
241
271
269
294
256
348
265
220
93
149
363
444
351
391
472
614
603
588
613
488
413
427
604
374
497
427
479
377
617
773
716
194
910
340
337
367
398
463
595
507
615
686
592
549
491
517
536
475
465
507
572
601
498
492
642
519
643
703
86
925
484
417
404
374
291
333
325
309
163
185
129
71
51
21
388
284
330
297
319
274
295
260
276
335
289
305
317
255
297
201
214
263
242
254
273
256
297
300
307
312
245
250
337
199
198
232
196
154
136
172
112
161
116
174
89
208
163
120
110
134
204
179
129
163
134
156
134
177
145
135
92
140
112
158
119
135
141
111
144
104
143
87
100
115
128
107
95
47
48
20
16
8
93
52
151
156
158
162
164
157
192
137
188
159
237
364
120
250
157
191
294
217
234
224
298
300
338
230
161
279
230
227
300
324
297
295
312
310
302
299
183
342
337
320
325
331
329
324
342
285
292
295
300
345
379
296
282
295
373
290
245
194
453
379
253
296
377
418
469
445
438
464
503
489
457
451
460
388
460
443
482
502
496
455
422
445
329
430
455
551
369
397
433
351
254
222
282
340
234
324
232
271
163
215
185
274
374
403
514
566
421
462
400
450
404
340
370
422
283
271
363
352
289
511
481
458
394
473
284
255
264
274
202
100
131
156
135
208
206
206
277
224
184
158
141
190
161
289
484
355
453
277
252
245
110
126
141
172
138
195
156
182
185
208
161
187
208
161
207
142
284
214
194
208
184
269
237
159
90
126
149
301
359
364
271
293
341
260
220
174
233
184
93
182
128
166
143
107
171
110
200
287
307
214
324
402
192
469
415
291
211
261
282
344
319
438
332
230
378
343
358
311
272
261
276
358
331
366
283
307
230
171
234
223
253
234
333
330
271
210
298
345
303
291
69
95
184
171
208
6
268
283
296
321
338
269
278
276
281
253
313
372
328
243
226
207
197
182
240
320
372
289
291
340
407
401
320
241
271
269
294
256
348
265
220
93
149
363
444
351
391
472
614
603
588
613
488
413
427
604
374
497
427
479
377
617
773
716
194
910
340
337
367
398
463
595
507
615
686
592
549
491
517
536
475
465
507
572
601
498
492
642
519
643
703
86
925
484
417
404
374
291
333
325
309
163
185
129
71
51
21
388
284
330
297
319
274
295
260
276
335
289
305
317
255
297
201
214
263
242
254
273
256
297
300
307
312
245
250
337
199
198
232
196
154
136
172
112
161
116
174
89
208
163
120
110
134
204
179
129
163
134
156
134
177
145
135
92
140
112
158
119
135
141
111
144
104
143
87
100
115
128
107
95
47
48
20
16
8
93
52
151
156
158
162
164
157
192
137
188
159
