441
362
233
376
296
369
416
357
453
444
304
385
388
367
487
410
422
406
345
257
298
501
678
732
698
789
846
678
410
242
609
511
438
357
323
459
290
341
127
123
465
506
657
704
477
448
598
501
357
172
425
312
453
430
476
546
324
363
236
279
220
313
461
386
717
772
759
654
570
394
429
497
529
597
750
804
694
739
539
714
649
621
739
659
74
1574
608
576
658
647
549
676
591
518
640
487
484
715
580
533
411
15
577
443
481
555
603
619
757
548
577
532
607
872
672
720
723
600
640
590
381
391
258
450
351
587
481
520
499
341
149
338
662
698
611
534
507
506
337
569
422
187
636
1024
1187
1029
680
854
949
1120
845
1182
1027
381
596
651
757
843
1017
948
1063
1334
1273
1280
1291
1066
1287
1043
999
59
2022
1164
957
957
950
1242
1352
1254
1218
924
1167
976
711
2864
1179
1331
1270
1087
1198
981
1078
1133
1047
1108
864
1002
999
338
1880
444
546
382
372
279
87
430
453
435
568
480
649
476
652
596
304
534
568
504
450
487
543
380
450
383
483
479
639
676
552
555
583
468
577
583
586
488
499
278
301
285
299
506
358
441
307
242
127
90
106
130
111
92
127
136
95
158
174
147
158
242
171
217
144
168
189
153
171
203
164
125
142
186
132
167
114
161
130
111
100
87
84
9
25
5
43
77
60
72
99
24
577
713
238
394
317
350
530
438
498
546
572
748
565
411
530
557
546
734
579
555
609
474
506
594
582
593
615
559
612
629
621
613
647
578
584
537
610
590
683
594
499
434
251
531
777
848
767
1086
1018
977
919
1055
893
731
849
1018
1255
1132
1084
995
663
988
1258
1223
1188
1231
862
594
711
449
447
562
422
499
402
472
457
317
454
1029
832
835
792
803
841
727
853
730
601
877
910
799
763
862
853
629
720
271
410
423
441
362
233
376
296
369
416
357
453
444
304
385
388
367
487
410
422
406
345
257
298
501
678
732
698
789
846
678
410
242
609
511
438
357
323
459
290
341
127
123
465
506
657
704
477
448
598
501
357
172
425
312
453
430
476
546
324
363
236
279
220
313
461
386
717
772
759
654
570
394
429
497
529
597
750
804
694
739
539
714
649
621
739
659
74
1574
608
576
658
647
549
676
591
518
640
487
484
715
580
533
411
15
577
443
481
555
603
619
757
548
577
532
607
872
672
720
723
600
640
590
381
391
258
450
351
587
481
520
499
341
149
338
662
698
611
534
507
506
337
569
422
187
636
1024
1187
1029
680
854
949
1120
845
1182
1027
381
596
651
757
843
1017
948
1063
1334
1273
1280
1291
1066
1287
1043
999
59
2022
1164
957
957
950
1242
1352
1254
1218
924
1167
976
711
2864
1179
1331
1270
1087
1198
981
1078
1133
1047
1108
864
1002
999
338
1880
444
546
382
372
279
87
430
453
435
568
480
649
476
652
596
304
534
568
504
450
487
543
380
450
383
483
479
639
676
552
555
583
468
577
583
586
488
499
278
301
285
299
506
358
441
307
242
127
90
106
130
111
92
127
136
95
158
174
147
158
242
171
217
144
168
189
153
171
203
164
125
142
186
132
167
114
161
130
111
100
87
84
9
25
5
43
77
60
72
99
24
577
713
238
394
317
350
530
438
498
546
572
748
565
411
530
557
546
734
579
555
609
474
506
594
582
593
615
559
612
629
621
613
647
578
584
537
610
590
683
594
499
434
251
531
777
848
767
1086
1018
977
919
1055
893
731
849
1018
1255
1132
1084
995
663
988
1258
1223
1188
1231
862
594
711
449
447
562
422
499
402
472
457
317
454
1029
832
835
792
803
841
727
853
730
601
877
910
799
763
862
853
629
720
271
410
423
441
362
233
376
296
369
416
357
453
444
304
385
388
367
487
410
422
406
345
257
298
501
678
732
698
789
846
678
410
242
609
511
438
357
323
459
290
341
127
123
465
506
657
704
477
448
598
501
357
172
425
312
453
430
476
546
324
363
236
279
220
313
461
386
717
772
759
654
570
394
429
497
529
597
750
804
694
739
539
714
649
621
739
659
74
1574
608
576
658
647
549
676
591
518
640
487
484
715
580
533
411
15
577
443
481
555
603
619
757
548
577
532
607
872
672
720
723
600
640
590
381
391
258
450
351
587
481
520
499
341
149
338
662
698
611
534
507
506
337
569
422
187
636
1024
1187
1029
680
854
949
1120
845
1182
1027
381
596
651
757
843
1017
948
1063
1334
1273
1280
1291
1066
1287
1043
999
59
2022
1164
957
957
950
1242
1352
1254
1218
924
1167
976
711
2864
1179
1331
1270
1087
1198
981
1078
1133
1047
1108
864
1002
999
338
1880
444
546
382
372
279
87
430
453
435
568
480
649
476
652
596
304
534
568
504
450
487
543
380
450
383
483
479
639
676
552
555
583
468
577
583
586
488
499
278
301
285
299
506
358
441
307
242
127
90
106
130
111
92
127
136
95
158
174
147
158
242
171
217
144
168
189
153
171
203
164
125
142
186
132
167
114
161
130
111
100
87
84
9
25
5
43
77
60
72
99
24
