318
291
379
280
366
463
367
389
187
952
307
261
278
359
331
343
290
90
169
222
199
152
3
247
285
297
318
278
281
284
310
289
384
374
359
205
212
162
160
310
304
345
344
212
227
245
340
269
337
344
346
276
298
295
348
153
62
322
415
476
510
567
374
459
545
628
661
515
601
517
590
683
414
465
385
352
391
426
511
524
510
503
513
733
671
663
863
532
747
298
1178
629
557
593
601
657
630
622
497
542
466
539
426
532
604
629
584
664
655
472
544
446
522
321
388
349
249
458
352
230
203
160
158
181
220
210
210
233
204
268
210
272
344
426
329
363
265
285
226
232
299
279
291
298
336
410
327
277
304
251
337
423
425
305
270
199
215
324
257
365
150
180
139
144
99
106
46
68
93
120
100
143
162
150
95
123
105
142
158
137
182
197
177
139
160
195
168
178
170
190
169
152
166
120
72
63
28
10
0
192
169
159
220
127
146
112
144
95
116
139
157
154
172
154
160
166
177
215
150
147
155
195
216
228
215
172
201
137
158
180
143
148
156
176
139
171
143
165
171
161
204
100
67
106
268
278
351
309
372
434
239
417
325
350
201
442
401
290
428
472
322
408
372
331
476
320
234
358
249
321
254
282
195
213
137
259
67
206
392
476
450
276
363
416
390
456
539
575
375
326
430
244
313
387
555
411
472
335
333
283
242
358
259
273
271
206
127
197
187
160
238
233
294
228
227
179
183
174
107
153
102
70
53
81
338
314
178
259
255
90
261
267
216
190
237
204
319
305
294
148
232
166
240
117
162
99
78
144
107
180
132
189
90
317
220
326
165
254
215
245
193
174
160
205
249
236
241
255
212
218
140
199
141
285
380
225
265
370
342
344
282
363
263
331
235
305
349
281
382
289
402
341
403
416
407
358
297
408
472
318
291
379
280
366
463
367
389
187
952
307
261
278
359
331
343
290
90
169
222
199
152
3
247
285
297
318
278
281
284
310
289
384
374
359
205
212
162
160
310
304
345
344
212
227
245
340
269
337
344
346
276
298
295
348
153
62
322
415
476
510
567
374
459
545
628
661
515
601
517
590
683
414
465
385
352
391
426
511
524
510
503
513
733
671
663
863
532
747
298
1178
629
557
593
601
657
630
622
497
542
466
539
426
532
604
629
584
664
655
472
544
446
522
321
388
349
249
458
352
230
203
160
158
181
220
210
210
233
204
268
210
272
344
426
329
363
265
285
226
232
299
279
291
298
336
410
327
277
304
251
337
423
425
305
270
199
215
324
257
365
150
180
139
144
99
106
46
68
93
120
100
143
162
150
95
123
105
142
158
137
182
197
177
139
160
195
168
178
170
190
169
152
166
120
72
63
28
10
0
192
169
159
220
127
146
112
144
95
116
139
157
154
172
154
160
166
177
215
150
147
155
195
216
228
215
172
201
137
158
180
143
148
156
176
139
171
143
165
171
161
204
100
67
106
268
278
351
309
372
434
239
417
325
350
201
442
401
290
428
472
322
408
372
331
476
320
234
358
249
321
254
282
195
213
137
259
67
206
392
476
450
276
363
416
390
456
539
575
375
326
430
244
313
387
555
411
472
335
333
283
242
358
259
273
271
206
127
197
187
160
238
233
294
228
227
179
183
174
107
153
102
70
53
81
338
314
178
259
255
90
261
267
216
190
237
204
319
305
294
148
232
166
240
117
162
99
78
144
107
180
132
189
90
317
220
326
165
254
215
245
193
174
160
205
249
236
241
255
212
218
140
199
141
285
380
225
265
370
342
344
282
363
263
331
235
305
349
281
382
289
402
341
403
416
407
358
297
408
472
318
291
379
280
366
463
367
389
187
952
307
261
278
359
331
343
290
90
169
222
199
152
3
247
285
297
318
278
281
284
310
289
384
374
359
205
212
162
160
310
304
345
344
212
227
245
340
269
337
344
346
276
298
295
348
153
62
322
415
476
510
567
374
459
545
628
661
515
601
517
590
683
414
465
385
352
391
426
511
524
510
503
513
733
671
663
863
532
747
298
1178
629
557
593
601
657
630
622
497
542
466
539
426
532
604
629
584
664
655
472
544
446
522
321
388
349
249
458
352
230
203
160
158
181
220
210
210
233
204
268
210
272
344
426
329
363
265
285
226
232
299
279
291
298
336
410
327
277
304
251
337
423
425
305
270
199
215
324
257
365
150
180
139
144
99
106
46
68
93
120
100
143
162
150
95
123
105
142
158
137
182
197
177
139
160
195
168
178
170
190
169
152
166
120
72
63
28
10
0
