1155
1425
475
788
635
701
1061
876
995
1092
1145
1496
1129
822
1059
1113
1092
1468
1159
1111
1218
949
1012
1187
1165
1186
1231
1117
1224
1258
1243
1226
1294
1157
1167
1073
1220
1181
1365
1187
998
869
501
1061
1554
1696
1533
2171
2036
1954
1839
2111
1785
1463
1698
2036
2510
2265
2167
1989
1326
1976
2516
2446
2376
2462
1723
1187
1421
897
894
1123
843
999
804
943
915
633
909
2057
1664
1670
1583
1607
1683
1454
1707
1461
1201
1754
1820
1598
1526
1725
1707
1258
1440
542
819
846
881
723
465
751
592
739
832
714
906
887
608
770
776
734
975
820
844
813
691
514
596
1003
1356
1464
1396
1578
1692
1355
819
484
1217
1022
875
714
646
918
580
682
254
247
931
1012
1315
1408
954
895
1196
1001
714
344
850
625
906
859
951
1092
648
726
471
558
440
627
922
772
1434
1544
1518
1308
1140
788
858
993
1057
1195
1500
1608
1389
1477
1078
1428
1297
1242
1477
1317
149
3149
1217
1151
1316
1294
1098
1353
1182
1037
1280
975
968
1431
1161
1067
821
31
1154
887
961
1111
1206
1238
1515
1095
1155
1064
1213
1744
1344
1440
1446
1199
1280
1179
762
782
515
900
703
1173
961
1040
999
681
298
676
1324
1397
1222
1069
1015
1011
674
1137
844
375
1273
2048
2374
2058
1359
1708
1897
2240
1691
2364
2055
761
1192
1302
1515
1687
2034
1895
2126
2669
2547
2560
2582
2132
2574
2086
1998
117
4044
2328
1914
1914
1899
2483
2704
2507
2436
1848
2334
1953
1422
5727
2359
2663
2539
2173
2396
1961
2155
2266
2095
2216
1729
2005
1998
675
3760
887
1092
763
745
558
174
860
906
870
1136
959
1297
952
1304
1192
608
1069
1136
1009
901
974
1086
760
900
766
965
958
1279
1353
1105
1111
1167
936
1153
1166
1172
975
999
556
602
571
599
1011
715
881
615
484
254
180
211
260
223
185
254
273
189
317
347
295
316
484
343
434
288
337
378
307
343
405
329
250
283
372
263
335
228
323
260
223
201
174
167
18
49
9
87
155
120
145
199
49
1155
1425
475
788
635
701
1061
876
995
1092
1145
1496
1129
822
1059
1113
1092
1468
1159
1111
1218
949
1012
1187
1165
1186
1231
1117
1224
1258
1243
1226
1294
1157
1167
1073
1220
1181
1365
1187
998
869
501
1061
1554
1696
1533
2171
2036
1954
1839
2111
1785
1463
1698
2036
2510
2265
2167
1989
1326
1976
2516
2446
2376
2462
1723
1187
1421
897
894
1123
843
999
804
943
915
633
909
2057
1664
1670
1583
1607
1683
1454
1707
1461
1201
1754
1820
1598
1526
1725
1707
1258
1440
542
819
846
881
723
465
751
592
739
832
714
906
887
608
770
776
734
975
820
844
813
691
514
596
1003
1356
1464
1396
1578
1692
1355
819
484
1217
1022
875
714
646
918
580
682
254
247
931
1012
1315
1408
954
895
1196
1001
714
344
850
625
906
859
951
1092
648
726
471
558
440
627
922
772
1434
1544
1518
1308
1140
788
858
993
1057
1195
1500
1608
1389
1477
1078
1428
1297
1242
1477
1317
149
3149
1217
1151
1316
1294
1098
1353
1182
1037
1280
975
968
1431
1161
1067
821
31
1154
887
961
1111
1206
1238
1515
1095
1155
1064
1213
1744
1344
1440
1446
1199
1280
1179
762
782
515
900
703
1173
961
1040
999
681
298
676
1324
1397
1222
1069
1015
1011
674
1137
844
375
1273
2048
2374
2058
1359
1708
1897
2240
1691
2364
2055
761
1192
1302
1515
1687
2034
1895
2126
2669
2547
2560
2582
2132
2574
2086
1998
117
4044
2328
1914
1914
1899
2483
2704
2507
2436
1848
2334
1953
1422
5727
2359
2663
2539
2173
2396
1961
2155
2266
2095
2216
1729
2005
1998
675
3760
887
1092
763
745
558
174
860
906
870
1136
959
1297
952
1304
1192
608
1069
1136
1009
901
974
1086
760
900
766
965
958
1279
1353
1105
1111
1167
936
1153
1166
1172
975
999
556
602
571
599
1011
715
881
615
484
254
180
211
260
223
185
254
273
189
317
347
295
316
484
343
434
288
337
378
307
343
405
329
250
283
372
263
335
228
323
260
223
201
174
167
18
49
9
87
155
120
145
199
49
1155
1425
475
788
635
701
1061
876
995
1092
1145
1496
1129
822
1059
1113
1092
1468
1159
1111
1218
949
1012
1187
1165
1186
1231
1117
1224
1258
1243
1226
1294
1157
1167
1073
1220
1181
1365
1187
998
869
501
1061
1554
1696
1533
2171
2036
1954
1839
2111
1785
1463
1698
2036
2510
2265
2167
1989
1326
1976
2516
2446
2376
2462
1723
1187
1421
897
894
1123
843
999
804
943
915
633
909
2057
1664
1670
1583
1607
1683
1454
1707
1461
1201
1754
1820
1598
1526
1725
1707
1258
1440
542
819
846
881
723
465
751
592
739
832
714
906
887
608
770
776
734
975
820
844
813
691
514
596
1003
1356
1464
1396
1578
1692
1355
819
484
1217
1022
875
714
646
918
580
682
254
247
931
1012
1315
1408
954
895
1196
1001
714
344
850
625
906
859
951
1092
648
726
471
558
440
627
922
772
1434
1544
1518
1308
1140
788
858
993
1057
1195
1500
1608
1389
1477
1078
1428
1297
1242
1477
1317
149
3149
1217
1151
1316
1294
1098
1353
1182
1037
1280
975
968
1431
1161
1067
821
31
1154
887
961
1111
1206
1238
1515
1095
1155
1064
1213
1744
1344
1440
1446
1199
1280
1179
762
782
515
900
703
1173
961
1040
999
681
298
676
1324
1397
1222
1069
1015
1011
674
1137
844
375
1273
2048
2374
2058
1359
1708
1897
2240
1691
2364
2055
761
1192
1302
1515
1687
2034
1895
2126
2669
2547
2560
2582
2132
2574
2086
1998
117
4044
2328
1914
1914
1899
2483
2704
2507
2436
1848
2334
1953
1422
5727
2359
2663
2539
2173
2396
1961
2155
2266
2095
2216
1729
2005
1998
675
3760
887
1092
763
745
558
174
860
906
870
1136
959
1297
952
1304
1192
608
1069
1136
1009
901
974
1086
760
900
766
965
958
1279
1353
1105
1111
1167
936
1153
1166
1172
975
999
556
602
571
599
1011
715
881
615
484
254
180
211
260
223
185
254
273
189
317
347
295
316
484
343
434
288
337
378
307
343
405
329
250
283
372
263
335
228
323
260
223
201
174
167
18
49
9
87
155
120
145
199
49
