2424
2038
2223
2532
1699
1625
2180
2114
1737
3064
2886
2748
2367
2837
1705
1530
1585
1644
1214
600
788
935
808
1250
1238
1237
1665
1344
1103
945
844
1142
965
1733
2906
2132
2720
1660
1510
1470
660
758
847
1034
826
1172
934
1093
1110
1250
967
1119
1250
968
1241
852
1704
1286
1167
1250
1106
1615
1423
955
541
758
896
1809
2152
2185
1625
1758
2046
1559
1320
1044
1401
1104
561
1094
765
995
856
640
1025
662
1202
1720
1842
1285
1945
2414
1151
2814
2492
1744
1267
1566
1693
2063
1911
2631
1991
1379
2270
2059
2146
1865
1634
1566
1655
2151
1983
2197
1700
1843
1379
1028
1404
1340
1517
1404
2000
1980
1628
1260
1785
2069
1820
1744
413
571
1103
1026
1250
39
1605
1699
1774
1925
2029
1615
1671
1657
1684
1515
1875
2230
1970
1458
1355
1241
1182
1093
1438
1922
2234
1731
1745
2043
2442
2404
1920
1444
1625
1614
1763
1535
2089
1592
1320
561
891
2175
2665
2108
2344
2830
3685
3618
3525
3679
2926
2478
2565
3624
2244
2984
2563
2872
2262
3704
4641
4295
1163
5457
2039
2019
2199
2390
2777
3568
3042
3690
4119
3552
3294
2947
3101
3213
2853
2788
3044
3435
3606
2986
2949
3853
3113
3857
4217
516
5550
2906
2501
2424
2242
1745
2000
1952
1852
976
1113
774
423
305
128
2331
1707
1980
1783
1911
1645
1773
1560
1654
2009
1734
1832
1901
1530
1783
1208
1282
1576
1454
1524
1639
1537
1783
1802
1843
1872
1468
1503
2019
1194
1189
1389
1178
925
814
1034
674
965
697
1044
534
1250
979
718
660
803
1222
1073
772
975
804
935
805
1063
870
808
552
837
670
945
714
810
847
668
867
623
857
522
600
690
768
642
571
282
285
118
98
49
561
310
908
938
949
973
982
940
1154
825
1129
955
1422
2183
720
1503
942
1146
1764
1304
1402
1341
1790
1802
2029
1379
967
1676
1380
1363
1799
1946
1780
1773
1873
1861
1813
1796
1100
2049
2022
1921
1953
1987
1973
1946
2054
1708
1755
1773
1798
2072
2276
1776
1693
1772
2236
1738
1467
1165
2720
2276
1515
1774
2262
2509
2813
2670
2626
2785
3020
2937
2742
2709
2758
2327
2763
2659
2893
3011
2975
2730
2531
2669
1976
2577
2732
3306
2216
2383
2597
2108
1521
1333
1694
2039
1403
1942
1390
1625
976
1290
1112
1646
2246
2415
3086
3394
2527
2770
2399
2697
2424
2038
2223
2532
1699
1625
2180
2114
1737
3064
2886
2748
2367
2837
1705
1530
1585
1644
1214
600
788
935
808
1250
1238
1237
1665
1344
1103
945
844
1142
965
1733
2906
2132
2720
1660
1510
1470
660
758
847
1034
826
1172
934
1093
1110
1250
967
1119
1250
968
1241
852
1704
1286
1167
1250
1106
1615
1423
955
541
758
896
1809
2152
2185
1625
1758
2046
1559
1320
1044
1401
1104
561
1094
765
995
856
640
1025
662
1202
1720
1842
1285
1945
2414
1151
2814
2492
1744
1267
1566
1693
2063
1911
2631
1991
1379
2270
2059
2146
1865
1634
1566
1655
2151
1983
2197
1700
1843
1379
1028
1404
1340
1517
1404
2000
1980
1628
1260
1785
2069
1820
1744
413
571
1103
1026
1250
39
1605
1699
1774
1925
2029
1615
1671
1657
1684
1515
1875
2230
1970
1458
1355
1241
1182
1093
1438
1922
2234
1731
1745
2043
2442
2404
1920
1444
1625
1614
1763
1535
2089
1592
1320
561
891
2175
2665
2108
2344
2830
3685
3618
3525
3679
2926
2478
2565
3624
2244
2984
2563
2872
2262
3704
4641
4295
1163
5457
2039
2019
2199
2390
2777
3568
3042
3690
4119
3552
3294
2947
3101
3213
2853
2788
3044
3435
3606
2986
2949
3853
3113
3857
4217
516
5550
2906
2501
2424
2242
1745
2000
1952
1852
976
1113
774
423
305
128
2331
1707
1980
1783
1911
1645
1773
1560
1654
2009
1734
1832
1901
1530
1783
1208
1282
1576
1454
1524
1639
1537
1783
1802
1843
1872
1468
1503
2019
1194
1189
1389
1178
925
814
1034
674
965
697
1044
534
1250
979
718
660
803
1222
1073
772
975
804
935
805
1063
870
808
552
837
670
945
714
810
847
668
867
623
857
522
600
690
768
642
571
282
285
118
98
49
561
310
908
938
949
973
982
940
1154
825
1129
955
1422
2183
720
1503
942
1146
1764
1304
1402
1341
1790
1802
2029
1379
967
1676
1380
1363
1799
1946
1780
1773
1873
1861
1813
1796
1100
2049
2022
1921
1953
1987
1973
1946
2054
1708
1755
1773
1798
2072
2276
1776
1693
1772
2236
1738
1467
1165
2720
2276
1515
1774
2262
2509
2813
2670
2626
2785
3020
2937
2742
2709
2758
2327
2763
2659
2893
3011
2975
2730
2531
2669
1976
2577
2732
3306
2216
2383
2597
2108
1521
1333
1694
2039
1403
1942
1390
1625
976
1290
1112
1646
2246
2415
3086
3394
2527
2770
2399
2697
2424
2038
2223
2532
1699
1625
2180
2114
1737
3064
2886
2748
2367
2837
1705
1530
1585
1644
1214
600
788
935
808
1250
1238
1237
1665
1344
1103
945
844
1142
965
1733
2906
2132
2720
1660
1510
1470
660
758
847
1034
826
1172
934
1093
1110
1250
967
1119
1250
968
1241
852
1704
1286
1167
1250
1106
1615
1423
955
541
758
896
1809
2152
2185
1625
1758
2046
1559
1320
1044
1401
1104
561
1094
765
995
856
640
1025
662
1202
1720
1842
1285
1945
2414
1151
2814
2492
1744
1267
1566
1693
2063
1911
2631
1991
1379
2270
2059
2146
1865
1634
1566
1655
2151
1983
2197
1700
1843
1379
1028
1404
1340
1517
1404
2000
1980
1628
1260
1785
2069
1820
1744
413
571
1103
1026
1250
39
1605
1699
1774
1925
2029
1615
1671
1657
1684
1515
1875
2230
1970
1458
1355
1241
1182
1093
1438
1922
2234
1731
1745
2043
2442
2404
1920
1444
1625
1614
1763
1535
2089
1592
1320
561
891
2175
2665
2108
2344
2830
3685
3618
3525
3679
2926
2478
2565
3624
2244
2984
2563
2872
2262
3704
4641
4295
1163
5457
2039
2019
2199
2390
2777
3568
3042
3690
4119
3552
3294
2947
3101
3213
2853
2788
3044
3435
3606
2986
2949
3853
3113
3857
4217
516
5550
2906
2501
2424
2242
1745
2000
1952
1852
976
1113
774
423
305
128
2331
1707
1980
1783
1911
1645
1773
1560
1654
2009
1734
1832
1901
1530
1783
1208
1282
1576
1454
1524
1639
1537
1783
1802
1843
1872
1468
1503
2019
1194
1189
1389
1178
925
814
1034
674
965
697
1044
534
1250
979
718
660
803
1222
1073
772
975
804
935
805
1063
870
808
552
837
670
945
714
810
847
668
867
623
857
522
600
690
768
642
571
282
285
118
98
49
561
310
908
938
949
973
982
940
1154
825
1129
955
