1274
1163
1515
1119
1466
1854
1467
1557
748
3808
1226
1043
1110
1434
1325
1373
1159
359
676
888
796
606
14
988
1138
1190
1271
1112
1126
1135
1239
1154
1537
1494
1438
820
850
648
641
1240
1216
1381
1374
847
909
981
1360
1076
1346
1374
1383
1106
1191
1181
1394
613
247
1289
1658
1904
2040
2266
1495
1835
2178
2512
2643
2062
2404
2070
2360
2730
1655
1860
1541
1409
1563
1704
2044
2097
2039
2012
2051
2934
2685
2652
3453
2126
2988
1190
4712
2516
2230
2371
2403
2629
2520
2488
1987
2167
1866
2154
1705
2129
2417
2516
2337
2657
2622
1890
2178
1783
2086
1282
1550
1395
996
1832
1409
920
810
641
634
726
881
839
839
930
815
1071
839
1089
1375
1705
1315
1452
1059
1141
903
929
1198
1115
1166
1191
1345
1642
1307
1109
1216
1003
1346
1691
1698
1219
1078
795
859
1296
1028
1459
600
719
556
575
394
422
183
273
372
479
402
571
648
601
380
493
419
567
634
547
730
789
707
555
640
782
670
714
678
761
675
609
663
480
289
253
113
42
0
769
676
636
878
509
585
447
576
378
465
557
626
618
688
614
638
663
707
860
598
589
620
780
862
911
860
688
803
546
631
719
571
593
625
705
555
683
573
658
683
645
817
401
267
422
1074
1110
1404
1237
1490
1734
958
1667
1300
1400
802
1770
1606
1158
1712
1890
1289
1631
1486
1322
1903
1280
935
1430
994
1282
1018
1128
782
853
549
1036
267
826
1568
1903
1799
1106
1451
1664
1559
1826
2155
2301
1501
1303
1720
977
1251
1546
2220
1645
1890
1340
1333
1134
966
1430
1036
1094
1085
824
509
789
747
638
951
934
1177
911
909
716
733
698
428
613
408
281
211
324
1353
1257
714
1035
1021
361
1043
1070
866
761
949
817
1277
1221
1177
593
929
666
958
467
648
394
311
578
429
719
527
754
359
1268
880
1304
659
1014
860
980
772
698
641
819
996
943
965
1020
847
874
561
796
565
1138
1522
900
1060
1480
1369
1378
1128
1452
1053
1325
941
1219
1395
1125
1529
1155
1607
1364
1611
1664
1628
1433
1187
1633
1888
1274
1163
1515
1119
1466
1854
1467
1557
748
3808
1226
1043
1110
1434
1325
1373
1159
359
676
888
796
606
14
988
1138
1190
1271
1112
1126
1135
1239
1154
1537
1494
1438
820
850
648
641
1240
1216
1381
1374
847
909
981
1360
1076
1346
1374
1383
1106
1191
1181
1394
613
247
1289
1658
1904
2040
2266
1495
1835
2178
2512
2643
2062
2404
2070
2360
2730
1655
1860
1541
1409
1563
1704
2044
2097
2039
2012
2051
2934
2685
2652
3453
2126
2988
1190
4712
2516
2230
2371
2403
2629
2520
2488
1987
2167
1866
2154
1705
2129
2417
2516
2337
2657
2622
1890
2178
1783
2086
1282
1550
1395
996
1832
1409
920
810
641
634
726
881
839
839
930
815
1071
839
1089
1375
1705
1315
1452
1059
1141
903
929
1198
1115
1166
1191
1345
1642
1307
1109
1216
1003
1346
1691
1698
1219
1078
795
859
1296
1028
1459
600
719
556
575
394
422
183
273
372
479
402
571
648
601
380
493
419
567
634
547
730
789
707
555
640
782
670
714
678
761
675
609
663
480
289
253
113
42
0
769
676
636
878
509
585
447
576
378
465
557
626
618
688
614
638
663
707
860
598
589
620
780
862
911
860
688
803
546
631
719
571
593
625
705
555
683
573
658
683
645
817
401
267
422
1074
1110
1404
1237
1490
1734
958
1667
1300
1400
802
1770
1606
1158
1712
1890
1289
1631
1486
1322
1903
1280
935
1430
994
1282
1018
1128
782
853
549
1036
267
826
1568
1903
1799
1106
1451
1664
1559
1826
2155
2301
1501
1303
1720
977
1251
1546
2220
1645
1890
1340
1333
1134
966
1430
1036
1094
1085
824
509
789
747
638
951
934
1177
911
909
716
733
698
428
613
408
281
211
324
1353
1257
714
1035
1021
361
1043
1070
866
761
949
817
1277
1221
1177
593
929
666
958
467
648
394
311
578
429
719
527
754
359
1268
880
1304
659
1014
860
980
772
698
641
819
996
943
965
1020
847
874
561
796
565
1138
1522
900
1060
1480
1369
1378
1128
1452
1053
1325
941
1219
1395
1125
1529
1155
1607
1364
1611
1664
1628
1433
1187
1633
1888
1274
1163
1515
1119
1466
1854
1467
1557
748
3808
1226
1043
1110
1434
1325
1373
1159
359
676
888
796
606
14
988
1138
1190
1271
1112
1126
1135
1239
1154
1537
1494
1438
820
850
648
641
1240
1216
1381
1374
847
909
981
1360
1076
1346
1374
1383
1106
1191
1181
1394
613
247
1289
1658
1904
2040
2266
1495
1835
2178
2512
2643
2062
2404
2070
2360
2730
1655
1860
1541
1409
1563
1704
2044
2097
2039
2012
2051
2934
2685
2652
3453
2126
2988
1190
4712
2516
2230
2371
2403
2629
2520
2488
1987
2167
1866
2154
1705
2129
2417
2516
2337
2657
2622
1890
2178
1783
2086
1282
1550
1395
996
1832
1409
920
810
641
634
726
881
839
839
930
815
1071
839
1089
1375
1705
1315
1452
1059
1141
903
929
1198
1115
1166
1191
1345
1642
1307
1109
1216
1003
1346
1691
1698
1219
1078
795
859
1296
1028
1459
600
719
556
575
394
422
183
273
372
479
402
571
648
601
380
493
419
567
634
547
730
789
707
555
640
782
670
714
678
761
675
609
663
480
289
253
113
42
0
