548
296
213
140
304
557
875
725
913
1027
649
593
640
657
692
405
272
184
48
853
284
260
388
297
372
829
1001
992
853
745
819
749
626
651
809
503
545
1035
617
564
577
516
237
304
332
493
364
140
316
577
787
661
700
597
645
659
653
748
677
787
717
725
604
433
640
569
608
332
229
376
368
320
381
608
509
372
324
329
528
312
308
649
661
468
344
322
408
336
408
365
540
433
556
488
242
368
472
425
524
581
608
449
592
649
624
589
420
372
481
624
537
583
216
180
233
324
312
425
752
621
680
569
452
456
254
596
384
389
488
389
520
536
357
416
472
597
945
901
852
637
544
549
655
453
651
725
663
821
629
544
360
453
712
701
708
393
592
569
735
833
933
845
715
709
969
684
529
344
520
633
885
891
833
929
949
1115
825
909
725
984
1181
1049
709
865
836
1173
1393
1269
1315
1445
1517
1633
1391
1183
1137
1275
1265
1125
1201
1155
1005
945
1041
1069
1049
913
967
1153
1305
1225
749
332
297
503
636
725
845
921
1011
937
989
997
821
1136
1029
717
444
581
993
1030
754
817
825
795
545
1057
1171
901
961
1013
1141
921
976
853
645
787
737
785
1241
1185
1041
1064
937
1081
1161
1049
1085
1149
1029
1029
848
777
781
920
1089
1077
957
1361
773
628
545
739
373
620
404
413
913
1137
696
777
871
529
717
1213
1185
1237
1193
1161
1035
913
885
1461
1413
1177
965
789
748
809
905
1201
921
1137
1197
1197
1205
1056
1069
909
1029
985
836
929
1089
1317
1385
1213
1343
1197
1205
1127
937
797
769
867
709
769
939
881
725
904
545
659
653
773
908
781
621
832
657
828
501
676
517
769
836
757
801
1019
713
769
1023
877
857
937
981
1007
721
669
879
573
934
787
765
845
967
853
757
992
677
645
520
573
579
464
457
643
497
739
573
560
381
532
673
832
777
612
605
649
704
569
688
677
651
589
840
741
693
856
805
837
891
617
665
676
637
996
821
721
917
803
749
869
935
717
713
784
725
853
1007
513
873
879
833
681
824
809
761
856
781
781
904
881
805
904
781
757
1089
1101
1053
1041
1147
1061
1037
1001
937
1033
993
1165
1132
1057
1101
1013
1105
1061
961
1029
1117
1099
1117
1077
909
681
760
677
941
1117
1136
1065
1045
965
1013
945
1013
959
521
544
461
704
437
476
376
357
612
765
955
785
617
904
841
841
821
756
637
684
529
848
841
757
840
725
605
924
769
757
840
717
729
836
717
841
891
833
865
811
789
901
905
992
877
809
901
904
813
741
963
861
877
825
947
937
869
889
951
789
725
564
396
393
464
461
532
511
501
647
577
647
581
752
669
557
568
480
225
144
176
284
48
709
528
445
324
340
388
353
408
264
288
333
532
541
548
453
568
548
489
616
561
624
569
727
557
516
329
575
505
579
507
485
552
461
500
488
509
596
473
624
505
575
369
292
148
124
96
100
92
76
60
60
56
98
252
372
276
240
157
204
180
140
104
92
84
100
128
137
168
164
168
176
132
136
129
112
124
104
68
84
92
104
128
104
104
108
81
80
60
68
56
40
48
40
28
40
64
52
32
24
20
40
44
56
48
16
32
48
32
24
24
24
24
24
24
24
20
16
30
108
100
180
256
320
341
376
324
256
229
212
248
320
333
332
244
260
312
433
392
465
548
320
309
548
452
361
575
272
305
224
148
124
108
52
36
60
64
28
293
988
953
805
729
848
853
564
525
692
333
368
552
453
696
717
801
981
1000
941
801
845
920
905
713
791
669
841
1011
629
709
931
801
921
929
852
857
937
180
1121
841
963
957
777
957
1075
1045
997
1001
993
849
844
805
985
879
617
769
1045
1071
901
813
1013
1013
799
581
989
663
881
929
1117
1151
917
893
713
776
605
836
753
957
945
1029
1060
925
1001
977
825
976
949
913
869
867
617
571
413
188
316
488
357
196
16
16
16
16
16
16
16
16
16
16
16
16
12
12
16
16
16
16
16
16
12
12
12
12
12
12
12
12
12
12
12
12
12
12
12
12
12
12
12
12
12
12
12
12
12
12
12
12
9
16
24
16
16
16
16
16
16
16
12
16
16
16
16
16
20
24
204
702
295
643
457
444
484
349
444
188
64
28
56
217
628
505
583
511
437
444
417
528
484
385
528
505
587
540
529
604
513
507
389
600
589
640
453
596
585
731
597
811
761
701
764
537
332
4
544
461
756
589
252
981
777
815
665
889
920
717
845
895
725
717
676
549
488
380
326
412
316
316
217
344
368
240
178
240
232
164
192
132
44
96
90
140
124
160
120
100
72
72
96
80
100
90
56
52
228
168
188
152
76
116
136
73
264
228
60
116
60
48
923
624
488
628
473
587
641
472
248
149
148
216
148
176
164
156
129
208
152
172
312
341
464
356
374
295
460
384
229
136
84
124
84
152
348
409
803
797
861
784
545
484
453
640
649
548
296
213
140
304
557
875
725
913
1027
649
593
640
657
692
405
272
184
48
853
284
260
388
297
372
829
1001
992
853
745
819
749
626
651
809
503
545
1035
617
564
577
516
237
304
332
493
364
140
316
577
787
661
700
597
645
659
653
748
677
787
717
725
604
433
640
569
608
332
229
376
368
320
381
608
509
372
324
329
528
312
308
649
661
468
344
322
408
336
408
365
540
433
556
488
242
368
472
425
524
581
608
449
592
649
624
589
420
372
481
624
537
583
216
180
233
324
312
425
752
621
680
569
452
456
254
596
384
389
488
389
520
536
357
416
472
597
945
901
852
637
544
549
655
453
651
725
663
821
629
544
360
453
712
701
708
393
592
569
735
833
933
845
715
709
969
684
529
344
520
633
885
891
833
929
949
1115
825
909
725
984
1181
1049
709
865
836
1173
1393
1269
1315
1445
1517
1633
1391
1183
1137
1275
1265
1125
1201
1155
1005
945
1041
1069
1049
913
967
1153
1305
1225
749
332
297
503
636
725
845
921
1011
937
989
997
821
1136
1029
717
444
581
993
1030
754
817
825
795
545
1057
1171
901
961
1013
1141
921
976
853
645
787
737
785
1241
1185
1041
1064
937
1081
1161
1049
1085
1149
1029
1029
848
777
781
920
1089
1077
957
1361
773
628
545
739
373
620
404
413
913
1137
696
777
871
529
717
1213
1185
1237
1193
1161
1035
913
885
1461
1413
1177
965
789
748
809
905
1201
921
1137
1197
1197
1205
1056
1069
909
1029
985
836
929
1089
1317
1385
1213
1343
1197
1205
1127
937
797
769
867
709
769
939
881
725
904
545
659
653
773
908
781
621
832
657
828
501
676
517
769
836
757
801
1019
713
769
1023
877
857
937
981
1007
721
669
879
573
934
787
765
845
967
853
757
992
677
645
520
573
579
464
457
643
497
739
573
560
381
532
673
832
777
612
605
649
704
569
688
677
651
589
840
741
693
856
805
837
891
617
665
676
637
996
821
721
917
803
749
869
935
717
713
784
725
853
1007
513
873
879
833
681
824
809
761
856
781
781
904
881
805
904
781
757
1089
1101
1053
1041
1147
1061
1037
1001
937
1033
993
1165
1132
1057
1101
1013
1105
1061
961
1029
1117
1099
1117
1077
909
681
760
677
941
1117
1136
1065
1045
965
1013
945
1013
959
521
544
461
704
437
476
376
357
612
765
955
785
617
904
841
841
821
756
637
684
529
848
841
757
840
725
605
924
769
757
840
717
729
836
717
841
891
833
865
811
789
901
905
992
877
809
901
904
813
741
963
861
877
825
947
937
869
889
951
789
725
564
396
393
464
461
532
511
501
647
577
647
581
752
669
557
568
480
225
144
176
284
48
709
528
445
324
340
388
353
408
264
288
333
532
541
548
453
568
548
489
616
561
624
569
727
557
516
329
575
505
579
507
485
552
461
500
488
509
596
473
624
505
575
369
292
148
124
96
100
92
76
60
60
56
98
252
372
276
240
157
204
180
140
104
92
84
100
128
137
168
164
168
176
132
136
129
112
124
104
68
84
92
104
128
104
104
108
81
80
60
68
56
40
48
40
28
40
64
52
32
24
20
40
44
56
48
16
32
48
32
24
24
24
24
24
24
24
20
16
30
108
100
180
256
320
341
376
324
256
229
212
248
320
333
332
244
260
312
433
392
465
548
320
309
548
452
361
575
272
305
224
148
124
108
52
36
60
64
28
293
988
953
805
729
848
853
564
525
692
333
368
552
453
696
717
801
981
1000
941
801
845
920
905
713
791
669
841
1011
629
709
931
801
921
929
852
857
937
180
1121
841
963
957
777
957
1075
1045
997
1001
993
849
844
805
985
879
617
769
1045
1071
901
813
1013
1013
799
581
989
663
881
929
1117
1151
917
893
713
776
605
836
753
957
945
1029
1060
925
1001
977
825
976
949
913
869
867
617
571
413
188
316
488
357
196
16
16
16
16
16
16
16
16
16
16
16
16
12
12
16
16
16
16
16
16
12
12
12
12
12
12
12
12
12
12
12
12
12
12
12
12
12
12
12
12
12
12
12
12
12
12
12
12
9
16
24
16
16
16
16
16
16
16
12
16
16
16
16
16
20
24
204
702
295
643
457
444
484
349
444
188
64
28
56
217
628
505
583
511
437
444
417
528
484
385
528
505
587
540
529
604
513
507
389
600
589
640
453
596
585
731
597
811
761
701
764
537
332
4
544
461
756
589
252
981
777
815
665
889
920
717
845
895
725
717
676
549
488
380
326
412
316
316
217
344
368
240
178
240
232
164
192
132
44
96
90
140
124
160
120
100
72
72
96
80
100
90
56
52
228
168
188
152
76
116
136
73
264
228
60
116
60
48
923
624
488
628
473
587
641
472
248
149
148
216
148
176
164
156
129
208
152
172
312
341
464
356
374
295
460
384
229
136
84
124
84
152
348
409
803
797
861
784
545
484
453
640
649
548
296
213
140
304
557
875
725
913
1027
649
593
640
657
692
405
272
184
48
853
284
260
388
297
372
829
1001
992
853
745
819
749
626
651
809
503
545
1035
617
564
577
516
237
304
332
493
364
140
316
577
787
661
700
597
645
659
653
748
677
787
717
725
604
433
640
569
608
332
229
376
368
320
381
608
509
372
324
329
528
312
308
649
661
468
344
322
408
336
408
365
540
433
556
488
242
368
472
425
524
581
608
449
592
649
624
589
420
372
481
624
537
583
216
180
233
324
312
425
752
621
680
569
452
456
254
596
384
389
488
389
520
536
357
416
472
597
945
901
852
637
544
549
655
453
651
725
663
821
629
544
360
453
712
701
708
393
592
569
735
833
933
845
715
709
969
684
529
344
520
633
885
891
833
929
949
1115
825
909
725
984
1181
1049
709
865
836
1173
1393
1269
1315
1445
1517
1633
1391
1183
1137
1275
1265
1125
1201
1155
1005
945
1041
1069
1049
913
967
1153
1305
1225
749
332
297
503
636
725
845
921
1011
937
989
997
821
1136
1029
717
444
581
993
1030
754
817
825
795
545
1057
1171
901
961
1013
1141
921
976
853
645
787
737
785
1241
1185
1041
1064
937
1081
1161
1049
1085
1149
1029
1029
848
777
781
920
1089
1077
957
1361
773
628
545
739
373
620
404
413
913
1137
696
777
871
529
717
1213
1185
1237
1193
1161
1035
913
885
1461
1413
1177
965
789
748
809
905
1201
921
1137
1197
1197
1205
1056
1069
909
1029
985
836
929
1089
1317
1385
1213
1343
1197
1205
1127
937
797
769
867
709
769
939
881
725
904
545
659
653
773
908
781
621
832
657
828
501
676
517
769
836
757
801
1019
713
769
1023
877
857
937
981
1007
721
669
879
573
934
787
765
845
967
853
757
992
677
645
520
573
579
464
457
643
497
739
573
560
381
532
673
832
777
612
605
649
704
569
688
677
651
589
840
741
693
856
805
837
891
617
665
676
637
996
821
721
917
803
749
869
935
717
713
784
725
853
1007
513
873
879
833
681
824
809
761
856
781
781
904
881
805
904
781
757
