1068
1141
1176
807
1055
1268
983
1092
819
942
1050
585
175
175
422
396
234
162
19
26
26
39
26
26
26
26
26
26
26
19
39
39
32
19
12
19
12
6
39
52
84
58
71
65
65
65
91
10
58
91
78
84
65
91
84
78
78
65
84
65
91
65
65
97
58
65
78
221
26
14
58
91
84
91
110
78
39
84
58
12
39
45
32
39
6
19
464
1034
1136
1332
1264
1416
1070
1083
1268
1348
1261
1288
1450
1001
970
1098
1364
1527
1135
1222
1142
871
728
78
1476
864
779
968
886
988
634
572
634
221
409
507
622
585
500
572
611
572
673
637
331
520
838
591
468
141
123
383
240
566
195
292
662
936
665
1059
607
643
611
627
637
473
760
818
871
816
656
494
468
189
318
260
156
468
605
494
233
643
552
481
266
129
169
355
357
611
676
299
195
319
345
435
474
156
116
143
58
52
221
481
299
345
116
32
377
448
208
165
136
149
78
58
97
65
71
71
71
65
71
78
65
71
71
71
6
573
887
1329
1245
1290
1088
1047
902
1123
988
1682
1196
1697
2208
2440
1139
1736
1550
1663
2001
1456
1623
1038
1455
1869
1514
1288
1755
1863
1754
1979
1567
1950
2358
2415
2019
2236
2076
2178
1986
2184
2544
2102
1830
2964
2111
2661
2073
2403
2471
2349
2446
2239
2162
1821
1882
1056
2177
2067
2336
2506
2599
2850
2351
2578
2281
1827
1856
2046
1978
2747
2054
1863
2118
2017
2433
2392
2038
1792
2409
1985
2533
422
39
39
172
1629
2429
2105
1908
1540
1295
1325
1573
1158
1632
2228
1854
1534
1413
1814
956
1514
1079
1716
1354
1786
993
1274
835
1372
1321
1346
1305
1595
2286
2165
1674
2314
2590
2775
2433
1906
1631
1765
1991
1283
1956
2302
2518
1934
1819
2493
2721
2570
2691
2733
2526
2314
2500
2623
2551
2357
2017
2435
2171
2605
2072
2747
2087
2519
1868
2294
1986
2699
2567
2380
2714
2523
2137
2743
1903
2574
2478
2610
2633
2458
1880
2443
2080
2518
2390
2703
2232
2137
2719
2724
1065
2106
2757
2838
2691
2156
2649
2323
2118
1963
1855
2282
2256
2003
2791
2566
2368
1858
1588
2269
1787
1495
2429
1907
2192
2200
2162
143
3716
1343
1710
1730
2245
1993
2139
2500
2168
1702
1619
1449
2166
2569
2174
2419
1561
1266
1345
1661
1386
2248
2048
1871
1411
1391
811
1079
1151
1694
1261
83
3707
1834
1692
2242
995
1113
1174
1562
1736
1072
1176
997
1242
136
552
696
624
574
877
754
767
962
590
1066
1046
330
3745
1640
1701
1053
715
829
1348
1683
1199
1262
1299
923
1227
1372
1221
1136
965
1070
960
957
747
834
750
1059
1044
949
877
993
1148
1281
1290
1232
1279
1233
845
577
890
1377
1547
1106
1085
835
1186
1059
1268
962
1339
1553
1209
1787
1278
1657
1236
928
606
1053
977
874
1261
870
1072
1044
1289
1104
908
462
1300
1309
962
1391
1498
1482
1808
1400
907
488
788
1018
1451
1208
1751
2197
1595
1693
1239
2005
1246
1873
1248
1919
2162
1659
2087
1599
2310
1658
1908
2044
2362
1558
2321
2153
2333
2177
1154
1943
1586
2032
1698
1955
1557
1938
1950
1438
1956
1861
2152
2084
1877
2105
1467
1858
1575
1358
1649
1436
1139
1082
1841
1895
1733
1457
1742
1806
1809
931
1156
1269
1266
1799
1590
1970
1530
1881
1737
1035
1059
2192
2181
2004
2178
1956
2185
2204
1434
1662
2216
2011
1362
2185
1640
1635
1910
1688
2349
1370
1934
1814
1670
1164
1019
1625
1106
1954
2128
2102
2294
2292
1567
1905
1536
2049
1744
2055
2059
1690
1630
1708
1961
1964
2237
1972
1626
1216
1228
1661
956
1329
1404
1235
1363
1216
1588
1163
1462
1602
1256
1541
1449
1453
1424
1683
1436
1353
1580
1492
1667
1675
2364
2434
1855
2536
2440
1866
1877
1857
2017
1863
1556
2725
1980
2269
2236
1966
2426
1931
2448
1910
2006
1803
1855
1900
1843
2309
1840
2013
1837
2479
2443
1928
2604
2172
1408
1756
1801
1823
2004
1911
1940
1780
2175
2506
2406
2249
2422
2286
2045
2334
2232
1713
2156
2198
1151
1129
1217
1683
1681
1741
2402
2496
2198
1866
1793
1768
2030
1797
1640
786
1220
1246
1200
945
1534
1818
1720
1312
1486
1513
1548
1324
1340
1663
1622
1171
1882
1887
1496
1976
1070
2007
1162
1428
1513
1716
1634
1819
2373
1979
1927
2039
2090
2040
1144
1572
1344
1317
1911
1795
1663
1958
2506
2481
2344
2768
2510
2333
2507
175
3857
1299
1475
1439
1380
1456
975
851
1228
1745
1334
2355
2490
2352
2478
2441
1812
78
1721
1606
1667
2034
1864
1950
1896
1985
789
1582
1701
1803
1894
2171
1908
1871
1747
1908
1789
1908
1909
1749
1724
1726
1509
1465
1430
1471
1573
1165
1339
990
918
1157
862
975
851
533
355
481
52
2657
1151
1300
1018
1224
1326
1233
838
478
877
664
442
611
377
513
605
318
253
579
925
1271
1398
1331
1155
975
788
429
359
305
195
260
559
437
598
620
481
260
253
275
345
260
299
350
266
181
240
318
136
136
175
156
156
214
235
357
559
520
402
403
383
345
228
149
144
169
214
214
175
253
201
247
253
221
154
266
403
500
78
828
208
228
455
442
422
172
214
182
175
247
169
169
52
65
65
65
58
65
71
65
58
52
52
26
39
306
331
233
188
273
201
97
39
123
208
136
136
175
123
84
78
435
52
91
58
12
364
342
195
143
84
71
91
123
169
129
162
175
110
6
149
188
247
350
260
195
84
240
136
145
162
572
104
221
208
331
201
208
156
237
312
188
228
143
143
767
845
1085
921
806
377
123
156
228
182
240
137
208
116
78
116
116
149
182
221
260
228
19
19
12
12
12
12
12
12
12
12
12
19
26
19
19
12
12
6
12
30
871
1280
1235
1035
1176
1051
1502
1171
1245
1404
1297
1275
1183
1417
1196
907
1228
925
1059
396
1430
909
895
1144
1209
920
1163
1489
994
624
253
307
200
116
58
65
65
65
65
71
71
71
65
65
71
71
65
65
65
65
65
65
65
71
65
223
708
740
949
769
1131
1391
1526
1722
967
767
1680
1851
1599
1068
1141
1176
807
1055
1268
983
1092
819
942
1050
585
175
175
422
396
234
162
19
26
26
39
26
26
26
26
26
26
26
19
39
39
32
19
12
19
12
6
39
52
84
58
71
65
65
65
91
10
58
91
78
84
65
91
84
78
78
65
84
65
91
65
65
97
58
65
78
221
26
14
58
91
84
91
110
78
39
84
58
12
39
45
32
39
6
19
464
1034
1136
1332
1264
1416
1070
1083
1268
1348
1261
1288
1450
1001
970
1098
1364
1527
1135
1222
1142
871
728
78
1476
864
779
968
886
988
634
572
634
221
409
507
622
585
500
572
611
572
673
637
331
520
838
591
468
141
123
383
240
566
195
292
662
936
665
1059
607
643
611
627
637
473
760
818
871
816
656
494
468
189
318
260
156
468
605
494
233
643
552
481
266
129
169
355
357
611
676
299
195
319
345
435
474
156
116
143
58
52
221
481
299
345
116
32
377
448
208
165
136
149
78
58
97
65
71
71
71
65
71
78
65
71
71
71
6
573
887
1329
1245
1290
1088
1047
902
1123
988
1682
1196
1697
2208
2440
1139
1736
1550
1663
2001
1456
1623
1038
1455
1869
1514
1288
1755
1863
1754
1979
1567
1950
2358
2415
2019
2236
2076
2178
1986
2184
2544
2102
1830
2964
2111
2661
2073
2403
2471
2349
2446
2239
2162
1821
1882
1056
2177
2067
2336
2506
2599
2850
2351
2578
2281
1827
1856
2046
1978
2747
2054
1863
2118
2017
2433
2392
2038
1792
2409
1985
2533
422
39
39
172
1629
2429
2105
1908
1540
1295
1325
1573
1158
1632
2228
1854
1534
1413
1814
956
1514
1079
1716
1354
1786
993
1274
835
1372
1321
1346
1305
1595
2286
2165
1674
2314
2590
2775
2433
1906
1631
1765
1991
1283
1956
2302
2518
1934
1819
2493
2721
2570
2691
2733
2526
2314
2500
2623
2551
2357
2017
2435
2171
2605
2072
2747
2087
2519
1868
2294
1986
2699
2567
2380
2714
2523
2137
2743
1903
2574
2478
2610
2633
2458
1880
2443
2080
2518
2390
2703
2232
2137
2719
2724
1065
2106
2757
2838
2691
2156
2649
2323
2118
1963
1855
2282
2256
2003
2791
2566
2368
1858
1588
2269
1787
1495
2429
1907
2192
2200
2162
143
3716
1343
1710
1730
2245
1993
2139
2500
2168
1702
1619
1449
2166
2569
2174
2419
1561
1266
1345
1661
1386
2248
2048
1871
1411
1391
811
1079
1151
1694
1261
83
3707
1834
1692
2242
995
1113
1174
1562
1736
1072
1176
997
1242
136
552
696
624
574
877
754
767
962
590
1066
1046
330
3745
1640
1701
1053
715
829
1348
1683
1199
1262
1299
923
1227
1372
1221
1136
965
1070
960
957
747
834
750
1059
1044
949
877
993
1148
1281
1290
1232
1279
1233
845
577
890
1377
1547
1106
1085
835
1186
1059
1268
962
1339
1553
1209
1787
1278
1657
1236
928
606
1053
977
874
1261
870
1072
1044
1289
1104
908
462
1300
1309
962
1391
1498
1482
1808
1400
907
488
788
1018
1451
1208
1751
2197
1595
1693
1239
2005
1246
1873
1248
1919
2162
1659
2087
1599
2310
1658
1908
2044
2362
1558
2321
2153
2333
2177
1154
1943
1586
2032
1698
1955
1557
1938
1950
1438
1956
1861
2152
2084
1877
2105
1467
1858
1575
1358
1649
1436
1139
1082
1841
1895
1733
1457
1742
1806
1809
931
1156
1269
1266
1799
1590
1970
1530
1881
1737
1035
1059
2192
2181
2004
2178
1956
2185
2204
1434
1662
2216
2011
1362
2185
1640
1635
1910
1688
2349
1370
1934
1814
1670
1164
1019
1625
1106
1954
2128
2102
2294
2292
1567
1905
1536
2049
1744
2055
2059
1690
1630
1708
1961
1964
2237
1972
1626
1216
1228
1661
956
1329
1404
1235
1363
1216
1588
1163
1462
1602
1256
1541
1449
1453
1424
1683
1436
1353
1580
1492
1667
1675
2364
2434
1855
2536
2440
1866
1877
1857
2017
1863
1556
2725
1980
2269
2236
1966
2426
1931
2448
1910
2006
1803
1855
1900
1843
2309
1840
2013
1837
2479
2443
1928
2604
2172
1408
1756
1801
1823
2004
1911
1940
1780
2175
2506
2406
2249
2422
2286
2045
2334
2232
1713
2156
2198
1151
1129
1217
1683
1681
1741
2402
2496
2198
1866
1793
1768
2030
1797
1640
786
1220
1246
1200
945
1534
1818
1720
1312
1486
1513
1548
1324
1340
1663
1622
1171
1882
1887
1496
1976
1070
2007
1162
1428
1513
1716
1634
1819
2373
1979
1927
2039
2090
2040
1144
1572
1344
1317
1911
1795
1663
1958
2506
2481
2344
2768
2510
2333
2507
175
3857
1299
1475
1439
1380
1456
975
851
1228
1745
1334
2355
2490
2352
2478
2441
1812
78
1721
1606
1667
2034
1864
1950
1896
1985
789
1582
1701
1803
1894
2171
1908
1871
1747
1908
1789
1908
1909
1749
1724
1726
1509
1465
1430
1471
1573
1165
1339
990
918
1157
862
975
851
533
355
481
52
2657
1151
1300
1018
1224
1326
1233
838
478
877
664
442
611
377
513
605
318
253
579
925
1271
1398
1331
1155
975
788
429
359
305
195
260
559
437
598
620
481
260
253
275
345
260
299
350
266
181
240
318
136
136
175
156
156
214
235
357
559
520
402
403
383
345
228
149
144
169
214
214
175
253
201
247
253
221
154
266
403
500
78
828
208
228
455
442
422
172
214
182
175
247
169
169
52
65
65
65
58
65
71
65
58
52
52
26
39
306
331
233
188
273
201
97
39
123
208
136
136
175
123
84
78
435
52
91
58
12
364
342
195
143
84
71
91
123
169
129
162
175
110
6
149
188
247
350
260
195
84
240
136
145
162
572
104
221
208
331
201
208
156
237
312
188
228
143
143
767
845
1085
921
806
377
123
156
228
182
240
137
208
116
78
116
116
149
182
221
260
228
19
19
12
12
12
12
12
12
12
12
12
19
26
19
19
12
12
6
12
30
871
1280
1235
1035
1176
1051
1502
1171
1245
1404
1297
1275
1183
1417
1196
907
1228
925
1059
396
1430
909
895
1144
1209
920
1163
1489
994
624
253
307
200
116
58
65
65
65
65
71
71
71
65
65
71
71
65
65
65
65
65
65
65
71
65
223
708
740
949
769
1131
1391
1526
1722
967
767
1680
1851
1599
1068
1141
1176
807
1055
1268
983
1092
819
942
1050
585
175
175
422
396
234
162
19
26
26
39
26
26
26
26
26
26
26
19
39
39
32
19
12
19
12
6
39
52
84
58
71
65
65
65
91
10
58
91
78
84
65
91
84
78
78
65
84
65
91
65
65
97
58
65
78
221
26
14
58
91
84
91
110
78
39
84
58
12
39
45
32
39
6
19
464
1034
1136
1332
1264
1416
1070
1083
1268
1348
1261
1288
1450
1001
970
1098
1364
1527
1135
1222
1142
871
728
78
1476
864
779
968
886
988
634
572
634
221
409
507
622
585
500
572
611
572
673
637
331
520
838
591
468
141
123
383
240
566
195
292
662
936
665
1059
607
643
611
627
637
473
760
818
871
816
656
494
468
189
318
260
156
468
605
494
233
643
552
481
266
129
169
355
357
611
676
299
195
319
345
435
474
156
116
143
58
52
221
481
299
345
116
32
377
448
208
165
136
149
78
58
97
65
71
71
71
65
71
78
65
71
71
71
6
573
887
1329
1245
1290
1088
1047
902
1123
988
1682
1196
1697
2208
2440
1139
1736
1550
1663
2001
1456
1623
1038
1455
1869
1514
1288
1755
1863
1754
1979
1567
1950
2358
2415
2019
2236
2076
2178
1986
2184
2544
2102
1830
2964
2111
2661
2073
2403
2471
2349
2446
2239
2162
1821
1882
1056
2177
2067
2336
2506
2599
2850
2351
2578
2281
1827
1856
2046
1978
2747
2054
1863
2118
2017
2433
2392
2038
1792
2409
1985
2533
422
39
39
172
1629
2429
2105
1908
1540
1295
1325
1573
1158
1632
2228
1854
1534
1413
1814
956
1514
1079
1716
1354
1786
993
1274
835
1372
1321
1346
1305
1595
2286
2165
1674
2314
2590
2775
2433
1906
1631
1765
1991
1283
1956
2302
2518
1934
1819
2493
2721
2570
2691
2733
2526
2314
2500
2623
2551
2357
2017
2435
2171
2605
2072
2747
2087
2519
1868
2294
1986
2699
2567
2380
2714
2523
2137
2743
1903
2574
2478
2610
2633
2458
1880
2443
2080
2518
2390
2703
2232
2137
2719
2724
1065
2106
2757
2838
2691
2156
2649
2323
2118
1963
1855
2282
2256
2003
2791
2566
2368
1858
1588
2269
1787
1495
2429
1907
2192
2200
2162
143
3716
1343
1710
1730
2245
1993
2139
2500
2168
1702
1619
1449
2166
2569
2174
2419
1561
1266
1345
1661
1386
2248
2048
1871
1411
1391
811
1079
1151
1694
1261
83
3707
1834
1692
2242
995
1113
1174
1562
1736
1072
1176
997
1242
136
552
696
624
574
877
754
767
962
590
1066
1046
330
3745
1640
1701
1053
715
829
1348
1683
1199
1262
1299
923
1227
1372
1221
1136
965
1070
960
957
747
834
750
1059
1044
949
877
993
1148
1281
1290
1232
1279
1233
845
577
890
1377
1547
1106
1085
835
1186
1059
1268
962
1339
1553
1209
1787
1278
1657
1236
928
606
1053
977
874
1261
870
1072
1044
1289
1104
908
462
1300
1309
962
1391
1498
1482
