1643
887
640
420
911
1672
2626
2176
2739
3082
1948
1780
1919
1972
2075
1216
815
551
144
2559
852
779
1163
892
1115
2487
3003
2975
2559
2236
2458
2248
1879
1952
2428
1510
1635
3106
1851
1691
1732
1547
712
911
995
1480
1091
420
947
1732
2362
1984
2099
1792
1936
1978
1960
2243
2032
2362
2152
2176
1811
1300
1919
1708
1823
995
688
1127
1103
959
1144
1823
1528
1115
971
988
1583
935
923
1948
1984
1403
1031
965
1223
1007
1223
1096
1619
1300
1667
1463
725
1103
1415
1276
1571
1744
1823
1348
1775
1948
1871
1768
1259
1115
1444
1871
1612
1750
647
539
700
971
935
1276
2255
1863
2039
1708
1355
1367
761
1787
1151
1168
1463
1168
1559
1607
1072
1247
1415
1792
2836
2703
2555
1912
1631
1647
1966
1360
1954
2176
1990
2464
1887
1631
1079
1360
2135
2103
2123
1180
1775
1708
2206
2499
2799
2535
2146
2127
2907
2051
1588
1031
1559
1899
2656
2674
2499
2787
2848
3346
2476
2727
2176
2951
3544
3147
2127
2595
2507
3519
4179
3807
3944
4335
4551
4898
4172
3550
3411
3824
3795
3375
3603
3466
3015
2836
3123
3207
3147
2739
2902
3459
3915
3675
2248
995
892
1510
1907
2176
2535
2763
3034
2811
2967
2991
2464
3407
3088
2152
1331
1744
2979
3090
2263
2452
2476
2386
1635
3171
3514
2703
2884
3039
3423
2763
2927
2559
1936
2362
2212
2355
3723
3555
3123
3191
2811
3243
3483
3147
3255
3447
3088
3088
2543
2331
2343
2759
3267
3231
2872
4083
2319
1883
1635
2218
1120
1859
1211
1240
2739
3411
2087
2331
2614
1588
2152
3639
3555
3711
3579
3483
3106
2739
2656
4383
4238
3532
2896
2368
2243
2428
2715
3603
2763
3411
3591
3591
3615
3167
3207
2727
3088
2955
2507
2787
3267
3951
4155
3639
4028
3591
3615
3382
2811
2392
2307
2602
2127
2307
2818
2644
2176
2711
1635
1978
1960
2319
2723
2343
1864
2495
1972
2483
1504
2027
1552
2307
2507
2271
2404
3058
2140
2307
3070
2632
2571
2811
2943
3022
2164
2008
2638
1720
2803
2360
2295
2535
2902
2559
2271
2975
2032
1936
1559
1720
1738
1391
1372
1930
1492
2218
1720
1679
1144
1595
2020
2495
2331
1835
1816
1948
2111
1708
2063
2032
1954
1768
2519
2224
2079
2567
2416
2511
2674
1851
1996
2027
1912
2987
2464
2164
2751
2410
2248
2608
2806
2152
2140
2351
2176
2559
3022
1540
2620
2638
2499
2044
2471
2428
2283
2567
2343
2343
2711
2644
2416
2711
2343
2271
3267
3304
3159
3123
3442
3183
3112
3003
2811
3100
2979
3495
3395
3171
3304
3039
3316
3183
2884
3088
3351
3298
3351
3231
2727
2044
2279
2032
2823
3351
3407
3195
3135
2896
3039
2836
3039
2878
1564
1631
1384
2111
1312
1427
1127
1072
1835
2295
2866
2355
1851
2711
2523
2523
2464
2267
1912
2051
1588
2543
2523
2271
2519
2176
1816
2771
2307
2271
2519
2152
2188
2507
2152
2523
2674
2499
2595
2434
2368
2703
2715
2975
2632
2428
2703
2711
2440
2224
2890
2583
2632
2476
2842
2811
2608
2668
2854
2368
2176
1691
1187
1180
1391
1384
1595
1534
1504
1942
1732
1942
1744
2255
2008
1672
1703
1439
676
431
527
852
144
2127
1583
1336
971
1019
1163
1060
1223
791
863
1000
1595
1623
1643
1360
1703
1643
1468
1847
1684
1871
1708
2182
1672
1547
988
1726
1516
1738
1522
1456
1655
1384
1499
1463
1528
1787
1419
1871
1516
1726
1108
875
443
372
287
299
275
227
180
180
168
293
755
1115
828
719
472
612
539
420
311
275
251
299
384
412
503
491
503
527
396
408
388
335
372
311
204
251
275
311
384
311
311
323
244
239
180
204
168
119
144
119
83
119
192
156
95
71
59
119
132
168
144
47
95
144
95
71
71
71
71
71
71
71
59
47
89
323
299
539
767
959
1024
1127
971
767
688
636
743
959
1000
995
731
779
935
1300
1175
1396
1643
959
928
1643
1355
1084
1726
815
916
671
443
372
323
156
107
180
192
83
880
2963
2860
2416
2188
2543
2559
1691
1576
2075
1000
1103
1655
1360
2087
2152
2404
2943
2999
2823
2404
2535
2759
2715
2140
2374
2008
2523
3034
1887
2127
2794
2404
2763
2787
2555
2571
2811
539
3363
2523
2890
2872
2331
2872
3226
3135
2991
3003
2979
2547
2531
2416
2955
2638
1851
2307
3135
3214
2703
2440
3039
3039
2398
1744
2967
1990
2644
2787
3351
3454
2751
2680
2140
2327
1816
2507
2260
2872
2836
3088
3179
2775
3003
2931
2476
2927
2848
2739
2608
2602
1851
1714
1240
563
947
1463
1072
587
47
47
47
47
47
47
47
47
47
47
47
47
35
35
47
47
47
47
47
47
35
35
35
35
35
35
35
35
35
35
35
35
35
35
35
35
35
35
35
35
35
35
35
35
35
35
35
35
28
47
71
47
47
47
47
47
47
47
35
47
47
47
47
47
59
71
612
2107
885
1930
1372
1331
1451
1048
1331
563
192
83
168
652
1883
1516
1750
1534
1312
1331
1252
1583
1451
1156
1583
1516
1762
1619
1588
1811
1540
1522
1168
1799
1768
1919
1360
1787
1756
2194
1792
2434
2283
2103
2291
1612
995
11
1631
1384
2267
1768
755
2944
2331
2446
1996
2668
2759
2152
2535
2686
2176
2152
2027
1647
1463
1139
977
1235
947
947
652
1031
1103
719
533
719
695
491
575
396
132
287
269
420
372
479
360
299
215
215
287
239
299
269
168
156
683
503
563
455
227
347
408
220
791
683
180
347
180
144
2769
1871
1463
1883
1419
1762
1924
1415
743
448
443
647
443
527
491
467
388
624
455
515
935
1024
1391
1068
1123
885
1379
1151
688
408
251
372
251
455
1043
1228
2410
2392
2583
2351
1635
1451
1360
1919
1948
1643
887
640
420
911
1672
2626
2176
2739
3082
1948
1780
1919
1972
2075
1216
815
551
144
2559
852
779
1163
892
1115
2487
3003
2975
2559
2236
2458
2248
1879
1952
2428
1510
1635
3106
1851
1691
1732
1547
712
911
995
1480
1091
420
947
1732
2362
1984
2099
1792
1936
1978
1960
2243
2032
2362
2152
2176
1811
1300
1919
1708
1823
995
688
1127
1103
959
1144
1823
1528
1115
971
988
1583
935
923
1948
1984
1403
1031
965
1223
1007
1223
1096
1619
1300
1667
1463
725
1103
1415
1276
1571
1744
1823
1348
1775
1948
1871
1768
1259
1115
1444
1871
1612
1750
647
539
700
971
935
1276
2255
1863
2039
1708
1355
1367
761
1787
1151
1168
1463
1168
1559
1607
1072
1247
1415
1792
2836
2703
2555
1912
1631
1647
1966
1360
1954
2176
1990
2464
1887
1631
1079
1360
2135
2103
2123
1180
1775
1708
2206
2499
2799
2535
2146
2127
2907
2051
1588
1031
1559
1899
2656
2674
2499
2787
2848
3346
2476
2727
2176
2951
3544
3147
2127
2595
2507
3519
4179
3807
3944
4335
4551
4898
4172
3550
3411
3824
3795
3375
3603
3466
3015
2836
3123
3207
3147
2739
2902
3459
3915
3675
2248
995
892
1510
1907
2176
2535
2763
3034
2811
2967
2991
2464
3407
3088
2152
1331
1744
2979
3090
2263
2452
2476
2386
1635
3171
3514
2703
2884
3039
3423
2763
2927
2559
1936
2362
2212
2355
3723
3555
3123
3191
2811
3243
3483
3147
3255
3447
3088
3088
2543
2331
2343
2759
3267
3231
2872
4083
2319
1883
1635
2218
1120
1859
1211
1240
2739
3411
2087
2331
2614
1588
2152
3639
3555
3711
3579
3483
3106
2739
2656
4383
4238
3532
2896
2368
2243
2428
2715
3603
2763
3411
3591
3591
3615
3167
3207
2727
3088
2955
2507
2787
3267
3951
4155
3639
4028
3591
3615
3382
2811
2392
2307
2602
2127
2307
2818
2644
2176
2711
1635
1978
1960
2319
2723
2343
1864
2495
1972
2483
1504
2027
1552
2307
2507
2271
2404
3058
2140
2307
3070
2632
2571
2811
2943
3022
2164
2008
2638
1720
2803
2360
2295
2535
2902
2559
2271
2975
2032
1936
1559
1720
1738
1391
1372
1930
1492
2218
1720
1679
1144
1595
2020
2495
2331
1835
1816
1948
2111
1708
2063
2032
1954
1768
2519
2224
2079
2567
2416
2511
2674
1851
1996
2027
1912
2987
2464
2164
2751
2410
2248
2608
2806
2152
2140
2351
2176
2559
3022
1540
2620
2638
2499
2044
2471
2428
2283
2567
2343
2343
2711
2644
2416
2711
2343
2271
3267
3304
3159
3123
3442
3183
3112
3003
2811
3100
2979
3495
3395
3171
3304
3039
3316
3183
2884
3088
3351
3298
3351
3231
2727
2044
2279
2032
2823
3351
3407
3195
3135
2896
3039
2836
3039
2878
1564
1631
1384
2111
1312
1427
1127
1072
1835
2295
2866
2355
1851
2711
2523
2523
2464
2267
1912
2051
1588
2543
2523
2271
2519
2176
1816
2771
2307
2271
2519
2152
2188
2507
2152
2523
2674
2499
2595
2434
2368
2703
2715
2975
2632
2428
2703
2711
2440
2224
2890
2583
2632
2476
2842
2811
2608
2668
2854
2368
2176
1691
1187
1180
1391
1384
1595
1534
1504
1942
1732
1942
1744
2255
2008
1672
1703
1439
676
431
527
852
144
2127
1583
1336
971
1019
1163
1060
1223
791
863
1000
1595
1623
1643
1360
1703
1643
1468
1847
1684
1871
1708
2182
1672
1547
988
1726
1516
1738
1522
1456
1655
1384
1499
1463
1528
1787
1419
1871
1516
1726
1108
875
443
372
287
299
275
227
180
180
168
293
755
1115
828
719
472
612
539
420
311
275
251
299
384
412
503
491
503
527
396
408
388
335
372
311
204
251
275
311
384
311
311
323
244
239
180
204
168
119
144
119
83
119
192
156
95
71
59
119
132
168
144
47
95
144
95
71
71
71
71
71
71
71
59
47
89
323
299
539
767
959
1024
1127
971
767
688
636
743
959
1000
995
731
779
935
1300
1175
1396
1643
959
928
1643
1355
1084
1726
815
916
671
443
372
323
156
107
180
192
83
880
2963
2860
2416
2188
2543
2559
1691
1576
2075
1000
1103
1655
1360
2087
2152
2404
2943
2999
2823
2404
2535
2759
2715
2140
2374
2008
2523
3034
1887
2127
2794
2404
2763
2787
2555
2571
2811
539
3363
2523
2890
2872
2331
2872
3226
3135
2991
3003
2979
2547
2531
2416
2955
2638
1851
2307
3135
3214
2703
2440
3039
3039
2398
1744
2967
1990
2644
2787
3351
3454
2751
2680
2140
2327
1816
2507
2260
2872
2836
3088
3179
2775
3003
2931
2476
2927
2848
2739
2608
2602
1851
1714
1240
563
947
1463
1072
587
47
47
47
47
47
47
47
47
47
47
47
47
35
35
47
47
47
47
47
47
35
35
35
35
35
35
35
35
35
35
35
35
35
35
35
35
35
35
35
35
35
35
35
35
35
35
35
35
28
47
71
47
47
47
47
47
47
47
35
47
47
47
47
47
59
71
612
2107
885
1930
1372
1331
1451
1048
1331
563
192
83
168
652
1883
1516
1750
1534
1312
1331
1252
1583
1451
1156
1583
1516
1762
1619
1588
1811
1540
1522
1168
1799
1768
1919
1360
1787
1756
2194
1792
2434
2283
2103
2291
1612
995
11
1631
1384
2267
1768
755
2944
2331
2446
1996
2668
2759
2152
2535
2686
2176
2152
2027
1647
1463
1139
977
1235
947
947
652
1031
1103
719
533
719
695
491
575
396
132
287
269
420
372
479
360
299
215
215
287
239
299
269
168
156
683
503
563
455
227
347
408
220
791
683
180
347
180
144
2769
1871
1463
1883
1419
1762
1924
1415
743
448
443
647
443
527
491
467
388
624
455
515
935
1024
1391
1068
1123
885
1379
1151
688
408
251
372
251
455
1043
1228
2410
2392
2583
2351
1635
1451
1360
1919
1948
1643
887
640
420
911
1672
2626
2176
2739
3082
1948
1780
1919
1972
2075
1216
815
551
144
2559
852
779
1163
892
1115
2487
3003
2975
2559
2236
2458
2248
1879
1952
2428
1510
1635
3106
1851
1691
1732
1547
712
911
995
1480
1091
420
947
1732
2362
1984
2099
1792
1936
1978
1960
2243
2032
2362
2152
2176
1811
1300
1919
1708
1823
995
688
1127
1103
959
1144
1823
1528
1115
971
988
1583
935
923
1948
1984
1403
1031
965
1223
1007
1223
1096
1619
1300
1667
1463
725
1103
1415
1276
1571
1744
1823
1348
1775
1948
1871
1768
1259
1115
1444
1871
1612
1750
647
539
700
971
935
1276
2255
1863
2039
1708
1355
1367
761
1787
1151
1168
1463
1168
1559
1607
1072
1247
1415
1792
2836
2703
2555
1912
1631
1647
1966
1360
1954
2176
1990
2464
1887
1631
1079
1360
2135
2103
2123
1180
1775
1708
2206
2499
2799
2535
2146
2127
2907
2051
1588
1031
1559
1899
2656
2674
2499
2787
2848
3346
2476
2727
2176
2951
3544
3147
2127
2595
2507
3519
4179
3807
3944
4335
4551
4898
4172
3550
3411
3824
3795
3375
3603
3466
3015
2836
3123
3207
3147
2739
2902
3459
3915
3675
2248
995
892
1510
1907
2176
2535
2763
3034
2811
2967
2991
2464
3407
3088
2152
1331
1744
2979
3090
2263
2452
2476
2386
1635
3171
3514
2703
2884
3039
3423
2763
2927
2559
1936
2362
2212
2355
3723
3555
3123
3191
2811
3243
3483
3147
3255
3447
3088
3088
2543
2331
2343
2759
3267
3231
2872
4083
2319
1883
1635
2218
1120
1859
1211
1240
2739
3411
2087
2331
2614
1588
2152
3639
3555
3711
3579
3483
3106
2739
2656
4383
4238
3532
2896
2368
2243
2428
2715
3603
2763
3411
3591
3591
3615
3167
3207
2727
3088
2955
2507
2787
3267
3951
4155
3639
4028
3591
3615
3382
2811
2392
2307
2602
2127
2307
2818
2644
2176
2711
1635
1978
1960
2319
2723
2343
1864
2495
1972
2483
1504
2027
1552
2307
2507
2271
2404
3058
2140
2307
3070
2632
2571
2811
2943
3022
2164
2008
2638
1720
2803
2360
2295
2535
2902
2559
2271
2975
2032
1936
1559
1720
1738
1391
1372
1930
1492
2218
1720
1679
1144
1595
2020
2495
2331
1835
1816
1948
2111
1708
2063
2032
1954
1768
2519
2224
2079
2567
2416
2511
2674
1851
1996
2027
1912
2987
2464
2164
2751
2410
2248
2608
2806
2152
2140
2351
2176
2559
3022
1540
2620
2638
2499
2044
2471
2428
2283
2567
2343
2343
2711
2644
2416
2711
2343
2271
