1713
1572
1764
1943
1818
1620
1766
1626
1888
1306
1630
1251
1305
1356
1200
1300
1421
1372
1428
1684
1582
1628
1825
1364
1376
1569
1550
2045
2488
2412
1835
2032
1852
1349
1356
1015
780
1151
936
896
913
815
1196
1311
1772
1351
1594
1402
1356
1057
1072
815
585
461
318
327
310
318
283
249
452
504
620
487
413
496
434
504
292
196
239
248
248
318
318
372
283
235
248
203
168
203
106
106
62
70
88
88
88
88
97
97
97
97
97
88
79
70
70
36
151
168
221
257
230
185
142
44
115
79
88
97
8
53
53
26
26
26
62
26
26
35
35
44
35
53
26
17
41
44
53
62
8
53
44
26
8
26
62
35
53
26
35
53
62
53
53
62
70
70
79
79
97
88
88
53
88
70
97
88
79
62
106
414
44
53
35
17
70
53
44
44
44
62
44
35
8
35
363
70
53
115
124
79
62
124
62
88
70
97
106
70
35
44
26
26
35
8
53
23
44
70
79
97
133
70
97
88
97
88
17
62
88
44
106
276
33
97
142
168
159
124
133
124
70
106
177
66
168
168
159
194
203
159
203
116
177
53
815
106
133
26
70
18
88
97
17
53
44
79
53
70
79
97
70
35
106
558
62
26
53
62
15
44
53
53
53
35
44
44
26
26
8
35
53
88
70
88
35
53
70
106
177
35
53
44
35
35
26
106
53
79
168
44
70
79
53
79
88
44
35
26
26
8
8
17
8
8
8
26
35
35
17
26
35
150
62
62
17
138
44
79
62
79
79
79
106
79
97
58
62
53
53
106
106
79
70
53
70
53
53
34
44
62
88
97
124
45
106
79
70
53
8
53
44
16
26
35
26
35
35
8
253
53
79
53
8
53
35
53
38
62
88
79
62
70
65
44
44
53
35
26
123
27
278
1188
1139
521
358
402
785
1215
1177
1466
1705
1733
1632
1071
1054
1007
1341
1513
1130
1349
1237
1981
1951
1679
1808
1820
1908
1789
1675
677
762
398
1019
859
892
1967
1762
1352
1380
1512
1545
1605
1701
1364
1513
1576
1719
389
700
1449
1642
2003
2023
1756
2074
2047
1511
1438
1329
991
1072
762
1257
1539
1709
1821
2339
1994
1471
594
398
443
106
337
354
194
1553
1790
867
487
789
756
797
744
354
310
345
434
611
193
151
815
487
461
381
159
336
1497
1017
655
913
632
345
257
416
856
1266
1103
1191
1196
1056
1183
1339
1506
1286
807
1063
715
1160
972
990
963
1364
1210
814
709
939
904
937
858
1010
1090
375
1063
1117
1683
1454
850
389
647
1036
558
1198
2189
1807
1689
1426
1462
857
2029
1888
2020
1559
1270
1435
1280
1573
1920
1931
1639
1618
2278
2410
2009
1904
1820
1935
2520
2436
2081
2327
2349
3378
2694
2239
1994
2250
1967
1669
2135
2628
2847
2707
2934
1618
2003
1788
1963
1836
1775
2116
1613
1685
1938
2472
2263
2463
2141
2362
2354
2282
2043
1710
1767
1411
2463
1377
1816
1957
1388
948
1309
1781
1434
1821
1861
1286
2047
1742
2720
2036
1758
2420
2960
2082
2240
2423
2344
2188
1594
1130
1283
1755
1701
1424
1338
894
1241
1668
2342
1968
2374
1750
1036
1798
1214
1866
2432
2161
1843
1530
2020
1104
1284
1280
1749
1792
2304
2313
2533
2252
1847
2330
1927
1265
1362
1401
1719
1546
1719
1633
2403
1815
1908
2266
97
4897
2304
1568
1710
1683
1715
1637
1913
1975
2050
1468
1755
1558
2357
1480
2047
1659
2871
2244
2135
1462
1940
1931
1533
83
5582
1542
1533
1329
1320
1723
2800
1948
1594
1904
2773
1825
1949
1010
1036
340
4481
1019
824
744
691
956
521
709
735
1108
1031
824
877
939
640
1036
1125
2357
1963
2322
1798
1232
841
1594
551
4933
1870
1331
1976
1657
1241
948
487
762
106
3012
637
301
1019
1994
1619
1284
1251
2322
1643
1834
1081
913
1834
1426
1594
1305
1479
1247
1701
1522
1944
1995
1862
1965
35
372
88
753
283
398
452
455
336
266
239
244
221
185
180
133
62
329
1087
1216
1213
1495
2277
2431
2347
2384
2383
1821
2361
2119
1815
692
2227
1406
1709
2741
2233
2117
2226
2326
2143
2606
2476
2174
1919
2119
2684
2236
2569
2934
2253
2505
3130
1909
2431
2352
2569
1818
2652
3305
1833
2156
2818
2211
1313
1812
2523
2327
2258
2635
2135
2133
2040
2164
1871
2066
1732
1228
1522
1302
1163
1417
1223
1984
1881
879
1151
1775
1806
1666
1318
1143
564
1143
2279
2104
2202
2740
2385
2977
109
2903
3680
3341
2639
2484
2278
1576
1539
1964
2160
2324
1422
1752
1630
1449
1394
1599
1639
1125
1151
1441
1696
2213
2237
2461
2661
1994
513
1161
2000
2749
2628
3043
2928
2754
2806
2251
2570
2032
1942
1555
1539
1479
1386
1440
2004
1862
2485
1939
2138
2352
2323
2181
1678
1472
1462
1108
1550
1714
1950
2077
1870
1338
1361
1286
1346
1385
1431
1235
1222
1324
1431
1275
1167
1418
1326
1428
1511
1313
1213
1258
1151
699
1329
2075
2056
2255
1466
1611
1769
1798
1129
1506
1363
1519
2048
2494
2631
1906
2221
1828
2374
2030
2110
2706
2890
2336
2854
2516
2071
2478
2616
2611
1958
1258
933
1866
1999
2493
1984
1112
1569
1606
2679
2509
1853
1961
1783
1956
1620
2191
2107
1776
2217
2735
2616
2709
2313
1709
1322
1139
1700
1783
2597
1838
2135
2532
2131
3319
2812
1563
1774
2499
2522
2526
2305
1648
2207
1648
2284
2543
1956
1480
1565
1662
1715
2179
2096
2382
2857
2711
2546
2824
2237
2370
1701
2220
1986
1737
1952
2461
2227
2475
1657
2110
1773
1773
1826
1909
1472
1976
1717
1632
1602
1625
1446
1355
1175
1101
1380
1713
1572
1764
1943
1818
1620
1766
1626
1888
1306
1630
1251
1305
1356
1200
1300
1421
1372
1428
1684
1582
1628
1825
1364
1376
1569
1550
2045
2488
2412
1835
2032
1852
1349
1356
1015
780
1151
936
896
913
815
1196
1311
1772
1351
1594
1402
1356
1057
1072
815
585
461
318
327
310
318
283
249
452
504
620
487
413
496
434
504
292
196
239
248
248
318
318
372
283
235
248
203
168
203
106
106
62
70
88
88
88
88
97
97
97
97
97
88
79
70
70
36
151
168
221
257
230
185
142
44
115
79
88
97
8
53
53
26
26
26
62
26
26
35
35
44
35
53
26
17
41
44
53
62
8
53
44
26
8
26
62
35
53
26
35
53
62
53
53
62
70
70
79
79
97
88
88
53
88
70
97
88
79
62
106
414
44
53
35
17
70
53
44
44
44
62
44
35
8
35
363
70
53
115
124
79
62
124
62
88
70
97
106
70
35
44
26
26
35
8
53
23
44
70
79
97
133
70
97
88
97
88
17
62
88
44
106
276
33
97
142
168
159
124
133
124
70
106
177
66
168
168
159
194
203
159
203
116
177
53
815
106
133
26
70
18
88
97
17
53
44
79
53
70
79
97
70
35
106
558
62
26
53
62
15
44
53
53
53
35
44
44
26
26
8
35
53
88
70
88
35
53
70
106
177
35
53
44
35
35
26
106
53
79
168
44
70
79
53
79
88
44
35
26
26
8
8
17
8
8
8
26
35
35
17
26
35
150
62
62
17
138
44
79
62
79
79
79
106
79
97
58
62
53
53
106
106
79
70
53
70
53
53
34
44
62
88
97
124
45
106
79
70
53
8
53
44
16
26
35
26
35
35
8
253
53
79
53
8
53
35
53
38
62
88
79
62
70
65
44
44
53
35
26
123
27
278
1188
1139
521
358
402
785
1215
1177
1466
1705
1733
1632
1071
1054
1007
1341
1513
1130
1349
1237
1981
1951
1679
1808
1820
1908
1789
1675
677
762
398
1019
859
892
1967
1762
1352
1380
1512
1545
1605
1701
1364
1513
1576
1719
389
700
1449
1642
2003
2023
1756
2074
2047
1511
1438
1329
991
1072
762
1257
1539
1709
1821
2339
1994
1471
594
398
443
106
337
354
194
1553
1790
867
487
789
756
797
744
354
310
345
434
611
193
151
815
487
461
381
159
336
1497
1017
655
913
632
345
257
416
856
1266
1103
1191
1196
1056
1183
1339
1506
1286
807
1063
715
1160
972
990
963
1364
1210
814
709
939
904
937
858
1010
1090
375
1063
1117
1683
1454
850
389
647
1036
558
1198
2189
1807
1689
1426
1462
857
2029
1888
2020
1559
1270
1435
1280
1573
1920
1931
1639
1618
2278
2410
2009
1904
1820
1935
2520
2436
2081
2327
2349
3378
2694
2239
1994
2250
1967
1669
2135
2628
2847
2707
2934
1618
2003
1788
1963
1836
1775
2116
1613
1685
1938
2472
2263
2463
2141
2362
2354
2282
2043
1710
1767
1411
2463
1377
1816
1957
1388
948
1309
1781
1434
1821
1861
1286
2047
1742
2720
2036
1758
2420
2960
2082
2240
2423
2344
2188
1594
1130
1283
1755
1701
1424
1338
894
1241
1668
2342
1968
2374
1750
1036
1798
1214
1866
2432
2161
1843
1530
2020
1104
1284
1280
1749
1792
2304
2313
2533
2252
1847
2330
1927
1265
1362
1401
1719
1546
1719
1633
2403
1815
1908
2266
97
4897
2304
1568
1710
1683
1715
1637
1913
1975
2050
1468
1755
1558
2357
1480
2047
1659
2871
2244
2135
1462
1940
1931
1533
83
5582
1542
1533
1329
1320
1723
2800
1948
1594
1904
2773
1825
1949
1010
1036
340
4481
1019
824
744
691
956
521
709
735
1108
1031
824
877
939
640
1036
1125
2357
1963
2322
1798
1232
841
1594
551
4933
1870
1331
1976
1657
1241
948
487
762
106
3012
637
301
1019
1994
1619
1284
1251
2322
1643
1834
1081
913
1834
1426
1594
1305
1479
1247
1701
1522
1944
1995
1862
1965
35
372
88
753
283
398
452
455
336
266
239
244
221
185
180
133
62
329
1087
1216
1213
1495
2277
2431
2347
2384
2383
1821
2361
2119
1815
692
2227
1406
1709
2741
2233
2117
2226
2326
2143
2606
2476
2174
1919
2119
2684
2236
2569
2934
2253
2505
3130
1909
2431
2352
2569
1818
2652
3305
1833
2156
2818
2211
1313
1812
2523
2327
2258
2635
2135
2133
2040
2164
1871
2066
1732
1228
1522
1302
1163
1417
1223
1984
1881
879
1151
1775
1806
1666
1318
1143
564
1143
2279
2104
2202
2740
2385
2977
109
2903
3680
3341
2639
2484
2278
1576
1539
1964
2160
2324
1422
1752
1630
1449
1394
1599
1639
1125
1151
1441
1696
2213
2237
2461
2661
1994
513
1161
2000
2749
2628
3043
2928
2754
2806
2251
2570
2032
1942
1555
1539
1479
1386
1440
2004
1862
2485
1939
2138
2352
2323
2181
1678
1472
1462
1108
1550
1714
1950
2077
1870
1338
1361
1286
1346
1385
1431
1235
1222
1324
1431
1275
1167
1418
1326
1428
1511
1313
1213
1258
1151
699
1329
2075
2056
2255
1466
1611
1769
1798
1129
1506
1363
1519
2048
2494
2631
1906
2221
1828
2374
2030
2110
2706
2890
2336
2854
2516
2071
2478
2616
2611
1958
1258
933
1866
1999
2493
1984
1112
1569
1606
2679
2509
1853
1961
1783
1956
1620
2191
2107
1776
2217
2735
2616
2709
2313
1709
1322
1139
1700
1783
2597
1838
2135
2532
2131
3319
2812
1563
1774
2499
2522
2526
2305
1648
2207
1648
2284
2543
1956
1480
1565
1662
1715
2179
2096
2382
2857
2711
2546
2824
2237
2370
1701
2220
1986
1737
1952
2461
2227
2475
1657
2110
1773
1773
1826
1909
1472
1976
1717
1632
1602
1625
1446
1355
1175
1101
1380
1713
1572
1764
1943
1818
1620
1766
1626
1888
1306
1630
1251
1305
1356
1200
1300
1421
1372
1428
1684
1582
1628
1825
1364
1376
1569
1550
2045
2488
2412
1835
2032
1852
1349
1356
1015
780
1151
936
896
913
815
1196
1311
1772
1351
1594
1402
1356
1057
1072
815
585
461
318
327
310
318
283
249
452
504
620
487
413
496
434
504
292
196
239
248
248
318
318
372
283
235
248
203
168
203
106
106
62
70
88
88
88
88
97
97
97
97
97
88
79
70
70
36
151
168
221
257
230
185
142
44
115
79
88
97
8
53
53
26
26
26
62
26
26
35
35
44
35
53
26
17
41
44
53
62
8
53
44
26
8
26
62
35
53
26
35
53
62
53
53
62
70
70
79
79
97
88
88
53
88
70
97
88
79
62
106
414
44
53
35
17
70
53
44
44
44
62
44
35
8
35
363
70
53
115
124
79
62
124
62
88
70
97
106
70
35
44
26
26
35
8
53
23
44
70
79
97
133
70
97
88
97
88
17
62
88
44
106
276
33
97
142
168
159
124
133
124
70
106
177
66
168
168
159
194
203
159
203
116
177
53
815
106
133
26
70
18
88
97
17
53
44
79
53
70
79
97
70
35
106
558
62
26
53
62
15
44
53
53
53
35
44
44
26
26
8
35
53
88
70
88
35
53
70
106
177
35
53
44
35
35
26
106
53
79
168
44
70
79
53
79
88
44
35
26
26
8
8
17
8
8
8
26
35
35
17
26
35
150
62
62
17
138
44
79
62
79
79
79
106
79
97
58
62
53
53
106
106
79
70
53
70
53
53
34
44
62
88
97
124
45
106
79
70
53
8
53
44
16
26
35
26
35
35
8
253
53
79
53
8
53
35
53
38
62
88
79
62
70
65
44
44
53
35
26
123
27
278
1188
1139
521
358
402
785
1215
1177
1466
1705
1733
1632
1071
1054
1007
1341
1513
1130
1349
1237
1981
1951
1679
1808
1820
1908
1789
1675
677
762
398
1019
859
892
1967
1762
1352
1380
1512
1545
1605
1701
1364
1513
1576
1719
389
700
1449
1642
2003
2023
1756
2074
2047
1511
1438
1329
991
1072
762
1257
1539
1709
1821
2339
1994
1471
594
398
443
106
337
354
194
1553
1790
867
487
789
756
797
744
354
310
345
434
611
193
151
815
487
461
381
159
336
1497
1017
655
913
632
345
257
416
856
1266
1103
1191
1196
1056
1183
1339
1506
1286
807
1063
715
1160
972
990
963
1364
1210
814
709
939
904
937
858
1010
1090
375
1063
1117
1683
1454
850
389
647
1036
558
1198
2189
1807
1689
1426
1462
857
2029
1888
2020
1559
1270
1435
1280
1573
1920
1931
1639
1618
2278
2410
2009
1904
1820
1935
2520
2436
2081
2327
2349
3378
2694
2239
1994
2250
1967
1669
2135
2628
2847
2707
2934
1618
2003
1788
1963
1836
1775
2116
1613
1685
1938
2472
2263
2463
2141
2362
2354
2282
2043
1710
1767
1411
2463
1377
1816
1957
1388
948
1309
1781
1434
1821
1861
1286
2047
1742
2720
2036
1758
2420
2960
2082
2240
2423
2344
2188
1594
1130
1283
1755
1701
1424
1338
894
1241
1668
2342
1968
2374
1750
1036
1798
1214
1866
2432
2161
1843
1530
2020
1104
1284
1280
1749
1792
2304
2313
2533
2252
1847
2330
1927
1265
1362
1401
1719
1546
1719
1633
2403
1815
1908
2266
97
4897
2304
1568
1710
1683
1715
1637
1913
1975
2050
1468
1755
1558
2357
1480
2047
1659
2871
2244
2135
1462
1940
1931
1533
83
5582
1542
1533
1329
1320
1723
2800
1948
1594
1904
2773
1825
1949
1010
1036
340
4481
1019
824
744
691
956
521
709
735
1108
1031
824
877
939
640
1036
1125
2357
1963
2322
1798
1232
841
1594
551
4933
1870
1331
1976
1657
1241
948
487
762
106
3012
637
301
1019
1994
1619
1284
1251
2322
1643
1834
1081
913
1834
1426
1594
1305
1479
1247
1701
1522
1944
1995
1862
1965
35
