534
571
588
403
527
634
491
546
410
471
525
292
88
88
211
198
117
81
10
13
13
19
13
13
13
13
13
13
13
10
19
19
16
10
6
10
6
3
19
26
42
29
36
32
32
32
45
5
29
45
39
42
32
45
42
39
39
32
42
32
45
32
32
49
29
32
39
110
13
7
29
45
42
45
55
39
19
42
29
6
19
23
16
19
3
10
232
517
568
666
632
708
535
541
634
674
631
644
725
500
485
549
682
764
568
611
571
435
364
39
738
432
390
484
443
494
317
286
317
110
205
253
311
292
250
286
305
286
337
318
166
260
419
296
234
71
61
192
120
283
97
146
331
468
332
530
303
322
305
313
318
237
380
409
435
408
328
247
234
95
159
130
78
234
303
247
117
322
276
240
133
65
84
178
179
305
338
149
97
159
172
218
237
78
58
71
29
26
110
240
149
172
58
16
188
224
104
82
68
75
39
29
49
32
36
36
36
32
36
39
32
36
36
36
3
286
443
665
623
645
544
524
451
561
494
841
598
848
1104
1220
570
868
775
831
1001
728
811
519
728
935
757
644
877
931
877
989
784
975
1179
1207
1010
1118
1038
1089
993
1092
1272
1051
915
1482
1055
1331
1037
1202
1235
1175
1223
1119
1081
910
941
528
1088
1033
1168
1253
1300
1425
1176
1289
1141
913
928
1023
989
1374
1027
931
1059
1009
1217
1196
1019
896
1204
993
1266
211
19
19
86
814
1214
1052
954
770
647
663
786
579
816
1114
927
767
707
907
478
757
539
858
677
893
497
637
417
686
660
673
653
797
1143
1082
837
1157
1295
1388
1216
953
816
883
996
641
978
1151
1259
967
909
1247
1360
1285
1345
1366
1263
1157
1250
1311
1276
1179
1009
1217
1086
1302
1036
1373
1043
1259
934
1147
993
1349
1283
1190
1357
1262
1069
1372
951
1287
1239
1305
1316
1229
940
1222
1040
1259
1195
1351
1116
1068
1360
1362
533
1053
1378
1419
1345
1078
1324
1162
1059
982
928
1141
1128
1002
1396
1283
1184
929
794
1135
894
748
1214
953
1096
1100
1081
71
1858
671
855
865
1123
996
1069
1250
1084
851
809
724
1083
1284
1087
1209
780
633
673
830
693
1124
1024
936
706
696
406
539
575
847
631
41
1853
917
846
1121
498
557
587
781
868
536
588
499
621
68
276
348
312
287
439
377
383
481
295
533
523
165
1872
820
851
526
357
415
674
842
599
631
650
461
613
686
611
568
483
535
480
478
374
417
375
530
522
474
439
496
574
640
645
616
639
616
422
289
445
688
773
553
543
417
593
530
634
481
669
777
605
894
639
829
618
464
303
526
488
437
631
435
536
522
645
552
454
231
650
655
481
696
749
741
904
700
454
244
394
509
726
604
876
1098
797
846
620
1003
623
936
624
960
1081
830
1043
799
1155
829
954
1022
1181
779
1160
1077
1167
1089
577
972
793
1016
849
977
778
969
975
719
978
931
1076
1042
938
1052
733
929
788
679
825
718
570
541
920
947
866
728
871
903
904
466
578
635
633
900
795
985
765
941
868
517
529
1096
1091
1002
1089
978
1093
1102
717
831
1108
1005
681
1092
820
817
955
844
1175
685
967
907
835
582
509
812
553
977
1064
1051
1147
1146
784
953
768
1024
872
1027
1029
845
815
854
980
982
1119
986
813
608
614
830
478
664
702
617
681
608
794
581
731
801
628
770
724
726
712
841
718
677
790
746
834
838
1182
1217
927
1268
1220
933
939
928
1008
931
778
1362
990
1134
1118
983
1213
965
1224
955
1003
902
928
950
921
1154
920
1006
918
1239
1221
964
1302
1086
704
878
901
912
1002
955
970
890
1087
1253
1203
1124
1211
1143
1022
1167
1116
856
1078
1099
575
564
609
841
840
871
1201
1248
1099
933
897
884
1015
898
820
393
610
623
600
473
767
909
860
656
743
756
774
662
670
831
811
585
941
944
748
988
535
1003
581
714
756
858
817
909
1186
989
964
1019
1045
1020
572
786
672
658
955
897
831
979
1253
1241
1172
1384
1255
1167
1254
88
1929
650
737
720
690
728
487
426
614
873
667
1178
1245
1176
1239
1220
906
39
860
803
834
1017
932
975
948
992
395
791
851
901
947
1085
954
936
874
954
894
954
954
875
862
863
754
732
715
736
786
582
669
495
459
579
431
487
426
266
178
240
26
1328
575
650
509
612
663
616
419
239
439
332
221
305
188
257
302
159
127
289
462
635
699
666
578
487
394
214
179
153
97
130
279
218
299
310
240
130
127
138
172
130
149
175
133
91
120
159
68
68
88
78
78
107
117
179
279
260
201
201
192
172
114
75
72
84
107
107
88
127
101
123
127
110
77
133
201
250
39
414
104
114
228
221
211
86
107
91
88
123
84
84
26
32
32
32
29
32
36
32
29
26
26
13
19
153
166
117
94
136
101
49
19
61
104
68
68
88
61
42
39
218
26
45
29
6
182
171
97
71
42
36
45
61
84
65
81
88
55
3
75
94
123
175
130
97
42
120
68
72
81
286
52
110
104
166
101
104
78
119
156
94
114
71
71
383
423
543
460
403
188
61
78
114
91
120
69
104
58
39
58
58
75
91
110
130
114
10
10
6
6
6
6
6
6
6
6
6
10
13
10
10
6
6
3
6
15
435
640
617
518
588
526
751
585
623
702
648
638
592
708
598
454
614
462
530
198
715
454
447
572
604
460
581
744
497
312
127
153
100
58
29
32
32
32
32
36
36
36
32
32
36
36
32
32
32
32
32
32
32
36
32
111
354
370
474
384
566
696
763
861
484
383
840
925
800
534
571
588
403
527
634
491
546
410
471
525
292
88
88
211
198
117
81
10
13
13
19
13
13
13
13
13
13
13
10
19
19
16
10
6
10
6
3
19
26
42
29
36
32
32
32
45
5
29
45
39
42
32
45
42
39
39
32
42
32
45
32
32
49
29
32
39
110
13
7
29
45
42
45
55
39
19
42
29
6
19
23
16
19
3
10
232
517
568
666
632
708
535
541
634
674
631
644
725
500
485
549
682
764
568
611
571
435
364
39
738
432
390
484
443
494
317
286
317
110
205
253
311
292
250
286
305
286
337
318
166
260
419
296
234
71
61
192
120
283
97
146
331
468
332
530
303
322
305
313
318
237
380
409
435
408
328
247
234
95
159
130
78
234
303
247
117
322
276
240
133
65
84
178
179
305
338
149
97
159
172
218
237
78
58
71
29
26
110
240
149
172
58
16
188
224
104
82
68
75
39
29
49
32
36
36
36
32
36
39
32
36
36
36
3
286
443
665
623
645
544
524
451
561
494
841
598
848
1104
1220
570
868
775
831
1001
728
811
519
728
935
757
644
877
931
877
989
784
975
1179
1207
1010
1118
1038
1089
993
1092
1272
1051
915
1482
1055
1331
1037
1202
1235
1175
1223
1119
1081
910
941
528
1088
1033
1168
1253
1300
1425
1176
1289
1141
913
928
1023
989
1374
1027
931
1059
1009
1217
1196
1019
896
1204
993
1266
211
19
19
86
814
1214
1052
954
770
647
663
786
579
816
1114
927
767
707
907
478
757
539
858
677
893
497
637
417
686
660
673
653
797
1143
1082
837
1157
1295
1388
1216
953
816
883
996
641
978
1151
1259
967
909
1247
1360
1285
1345
1366
1263
1157
1250
1311
1276
1179
1009
1217
1086
1302
1036
1373
1043
1259
934
1147
993
1349
1283
1190
1357
1262
1069
1372
951
1287
1239
1305
1316
1229
940
1222
1040
1259
1195
1351
1116
1068
1360
1362
533
1053
1378
1419
1345
1078
1324
1162
1059
982
928
1141
1128
1002
1396
1283
1184
929
794
1135
894
748
1214
953
1096
1100
1081
71
1858
671
855
865
1123
996
1069
1250
1084
851
809
724
1083
1284
1087
1209
780
633
673
830
693
1124
1024
936
706
696
406
539
575
847
631
41
1853
917
846
1121
498
557
587
781
868
536
588
499
621
68
276
348
312
287
439
377
383
481
295
533
523
165
1872
820
851
526
357
415
674
842
599
631
650
461
613
686
611
568
483
535
480
478
374
417
375
530
522
474
439
496
574
640
645
616
639
616
422
289
445
688
773
553
543
417
593
530
634
481
669
777
605
894
639
829
618
464
303
526
488
437
631
435
536
522
645
552
454
231
650
655
481
696
749
741
904
700
454
244
394
509
726
604
876
1098
797
846
620
1003
623
936
624
960
1081
830
1043
799
1155
829
954
1022
1181
779
1160
1077
1167
1089
577
972
793
1016
849
977
778
969
975
719
978
931
1076
1042
938
1052
733
929
788
679
825
718
570
541
920
947
866
728
871
903
904
466
578
635
633
900
795
985
765
941
868
517
529
1096
1091
1002
1089
978
1093
1102
717
831
1108
1005
681
1092
820
817
955
844
1175
685
967
907
835
582
509
812
553
977
1064
1051
1147
1146
784
953
768
1024
872
1027
1029
845
815
854
980
982
1119
986
813
608
614
830
478
664
702
617
681
608
794
581
731
801
628
770
724
726
712
841
718
677
790
746
834
838
1182
1217
927
1268
1220
933
939
928
1008
931
778
1362
990
1134
1118
983
1213
965
1224
955
1003
902
928
950
921
1154
920
1006
918
1239
1221
964
1302
1086
704
878
901
912
1002
955
970
890
1087
1253
1203
1124
1211
1143
1022
1167
1116
856
1078
1099
575
564
609
841
840
871
1201
1248
1099
933
897
884
1015
898
820
393
610
623
600
473
767
909
860
656
743
756
774
662
670
831
811
585
941
944
748
988
535
1003
581
714
756
858
817
909
1186
989
964
1019
1045
1020
572
786
672
658
955
897
831
979
1253
1241
1172
1384
1255
1167
1254
88
1929
650
737
720
690
728
487
426
614
873
667
1178
1245
1176
1239
1220
906
39
860
803
834
1017
932
975
948
992
395
791
851
901
947
1085
954
936
874
954
894
954
954
875
862
863
754
732
715
736
786
582
669
495
459
579
431
487
426
266
178
240
26
1328
575
650
509
612
663
616
419
239
439
332
221
305
188
257
302
159
127
289
462
635
699
666
578
487
394
214
179
153
97
130
279
218
299
310
240
130
127
138
172
130
149
175
133
91
120
159
68
68
88
78
78
107
117
179
279
260
201
201
192
172
114
75
72
84
107
107
88
127
101
123
127
110
77
133
201
250
39
414
104
114
228
221
211
86
107
91
88
123
84
84
26
32
32
32
29
32
36
32
29
26
26
13
19
153
166
117
94
136
101
49
19
61
104
68
68
88
61
42
39
218
26
45
29
6
182
171
97
71
42
36
45
61
84
65
81
88
55
3
75
94
123
175
130
97
42
120
68
72
81
286
52
110
104
166
101
104
78
119
156
94
114
71
71
383
423
543
460
403
188
61
78
114
91
120
69
104
58
39
58
58
75
91
110
130
114
10
10
6
6
6
6
6
6
6
6
6
10
13
10
10
6
6
3
6
15
435
640
617
518
588
526
751
585
623
702
648
638
592
708
598
454
614
462
530
198
715
454
447
572
604
460
581
744
497
312
127
153
100
58
29
32
32
32
32
36
36
36
32
32
36
36
32
32
32
32
32
32
32
36
32
111
354
370
474
384
566
696
763
861
484
383
840
925
800
534
571
588
403
527
634
491
546
410
471
525
292
88
88
211
198
117
81
10
13
13
19
13
13
13
13
13
13
13
10
19
19
16
10
6
10
6
3
19
26
42
29
36
32
32
32
45
5
29
45
39
42
32
45
42
39
39
32
42
32
45
32
32
49
29
32
39
110
13
7
29
45
42
45
55
39
19
42
29
6
19
23
16
19
3
10
232
517
568
666
632
708
535
541
634
674
631
644
725
500
485
549
682
764
568
611
571
435
364
39
738
432
390
484
443
494
317
286
317
110
205
253
311
292
250
286
305
286
337
318
166
260
419
296
234
71
61
192
120
283
97
146
331
468
332
530
303
322
305
313
318
237
380
409
435
408
328
247
234
95
159
130
78
234
303
247
117
322
276
240
133
65
84
178
179
305
338
149
97
159
172
218
237
78
58
71
29
26
110
240
149
172
58
16
188
224
104
82
68
75
39
29
49
32
36
36
36
32
36
39
32
36
36
36
3
286
443
665
623
645
544
524
451
561
494
841
598
848
1104
1220
570
868
775
831
1001
728
811
519
728
935
757
644
877
931
877
989
784
975
1179
1207
1010
1118
1038
1089
993
1092
1272
1051
915
1482
1055
1331
1037
1202
1235
1175
1223
1119
1081
910
941
528
1088
1033
1168
1253
1300
1425
1176
1289
1141
913
928
1023
989
1374
1027
931
1059
1009
1217
1196
1019
896
1204
993
1266
211
19
19
86
814
1214
1052
954
770
647
663
786
579
816
1114
927
767
707
907
478
757
539
858
677
893
497
637
417
686
660
673
653
797
1143
1082
837
1157
1295
1388
1216
953
816
883
996
641
978
1151
1259
967
909
1247
1360
1285
1345
1366
1263
1157
1250
1311
1276
1179
1009
1217
1086
1302
1036
1373
1043
1259
934
1147
993
1349
1283
1190
1357
1262
1069
1372
951
1287
1239
1305
1316
1229
940
1222
1040
1259
1195
1351
1116
1068
1360
1362
533
1053
1378
1419
1345
1078
1324
1162
1059
982
928
1141
1128
1002
1396
1283
1184
929
794
1135
894
748
1214
953
1096
1100
1081
71
1858
671
855
865
1123
996
1069
1250
1084
851
809
724
1083
1284
1087
1209
780
633
673
830
693
1124
1024
936
706
696
406
539
575
847
631
41
1853
917
846
1121
498
557
587
781
868
536
588
499
621
68
276
348
312
287
439
377
383
481
295
533
523
165
1872
820
851
526
357
415
674
842
599
631
650
461
613
686
611
568
483
535
480
478
374
417
375
530
522
474
439
496
574
640
645
616
639
616
422
289
445
688
773
553
543
417
593
530
634
481
669
777
605
894
639
829
618
464
303
526
488
437
631
435
536
522
645
552
454
231
650
655
481
696
749
741
