452
350
227
122
197
254
363
302
438
549
399
423
310
501
311
468
312
480
541
415
522
400
577
414
477
511
591
389
580
538
583
544
288
486
397
508
424
489
389
485
488
360
489
465
538
521
469
526
367
465
394
339
412
359
285
270
460
474
433
364
435
452
452
233
289
317
317
450
398
493
383
470
434
259
265
548
545
501
545
489
546
551
358
416
554
503
340
546
410
409
478
422
587
343
484
453
418
291
255
406
277
488
532
526
573
573
392
476
384
512
436
514
515
423
408
427
490
491
559
493
406
304
307
415
239
332
351
309
341
304
397
291
365
401
314
385
362
363
356
421
359
338
395
373
417
419
591
609
464
634
610
467
469
464
504
466
389
681
495
567
559
491
607
483
612
478
502
451
464
475
461
577
460
503
459
620
611
482
651
543
352
439
450
456
501
478
485
445
544
627
601
562
606
571
511
583
558
428
539
549
288
282
304
421
420
435
600
624
549
467
448
442
508
449
410
197
305
311
300
236
383
454
430
328
371
378
387
331
335
416
405
293
471
472
374
494
267
502
290
357
378
429
408
455
593
495
482
510
522
510
286
393
336
329
478
449
416
489
627
620
586
692
628
583
627
44
964
325
369
360
345
364
244
213
307
436
333
589
622
588
619
610
453
19
430
401
417
508
466
487
474
496
197
396
425
451
474
543
477
468
437
477
447
477
477
437
431
432
377
366
357
368
393
291
335
247
229
289
215
244
213
133
89
120
13
664
288
325
254
306
331
308
210
120
219
166
110
153
94
128
151
80
63
145
231
318
350
333
289
244
197
107
90
76
49
65
140
109
149
155
120
65
63
69
86
65
75
88
67
45
60
80
34
34
44
39
39
54
59
89
140
130
101
101
96
86
57
37
36
42
54
54
44
63
50
62
63
55
38
67
101
125
19
207
52
57
114
110
106
43
54
45
44
62
42
42
13
16
16
16
15
16
18
16
15
13
13
6
10
76
83
58
47
68
50
24
10
31
52
34
34
44
31
21
19
109
13
23
15
3
91
86
49
36
21
18
23
31
42
32
41
44
28
1
37
47
62
88
65
49
21
60
34
36
41
143
26
55
52
83
50
52
39
59
78
47
57
36
36
192
211
271
230
202
94
31
39
57
45
60
34
52
29
19
29
29
37
45
55
65
57
5
5
3
3
3
3
3
3
3
3
3
5
6
5
5
3
3
1
3
7
218
320
309
259
294
263
375
293
311
351
324
319
296
354
299
227
307
231
265
99
357
227
224
286
302
230
291
372
249
156
63
77
50
29
15
16
16
16
16
18
18
18
16
16
18
18
16
16
16
16
16
16
16
18
16
56
177
185
237
192
283
348
382
431
242
192
420
463
400
267
285
294
202
264
317
246
273
205
236
262
146
44
44
106
99
59
41
5
6
6
10
6
6
6
6
6
6
6
5
10
10
8
5
3
5
3
1
10
13
21
15
18
16
16
16
23
2
15
23
19
21
16
23
21
19
19
16
21
16
23
16
16
24
15
16
19
55
6
3
15
23
21
23
28
19
10
21
15
3
10
11
8
10
1
5
116
258
284
333
316
354
267
271
317
337
315
322
363
250
243
275
341
382
284
305
286
218
182
19
369
216
195
242
221
247
158
143
159
55
102
127
155
146
125
143
153
143
168
159
83
130
210
148
117
35
31
96
60
141
49
73
165
234
166
265
152
161
153
157
159
118
190
204
218
204
164
123
117
47
80
65
39
117
151
123
58
161
138
120
67
32
42
89
89
153
169
75
49
80
86
109
119
39
29
36
15
13
55
120
75
86
29
8
94
112
52
41
34
37
19
15
24
16
18
18
18
16
18
19
16
18
18
18
1
143
222
332
311
322
272
262
226
281
247
420
299
424
552
610
285
434
388
416
500
364
406
259
364
467
379
322
439
466
438
495
392
488
590
604
505
559
519
544
497
546
636
526
457
741
528
665
518
601
618
587
612
560
540
455
470
264
544
517
584
626
650
712
588
645
570
457
464
511
494
687
513
466
530
504
608
598
510
448
602
496
633
106
10
10
43
407
607
526
477
385
324
331
393
290
408
557
463
383
353
453
239
379
270
429
338
447
248
319
209
343
330
337
326
399
571
541
418
578
647
694
608
477
408
441
498
321
489
575
630
484
455
623
680
642
673
683
632
578
625
656
638
589
504
609
543
651
518
687
522
630
467
574
497
675
642
595
678
631
534
686
476
643
619
653
658
615
470
611
520
629
597
676
558
534
680
681
266
526
689
710
673
539
662
581
529
491
464
570
564
501
698
642
592
465
397
567
447
374
607
477
548
550
540
36
929
336
427
432
561
498
535
625
542
426
405
362
542
642
544
605
390
317
336
415
346
562
512
468
353
348
203
270
288
423
315
21
927
458
423
561
249
278
294
391
434
268
294
249
310
34
138
174
156
144
219
188
192
240
147
266
262
83
936
410
425
263
179
207
337
421
300
315
325
231
307
343
305
284
241
268
240
239
187
209
188
265
261
237
219
248
287
320
323
308
320
308
211
144
223
344
387
277
271
209
296
265
317
240
335
388
302
447
319
414
309
232
151
263
244
219
315
217
268
261
322
276
227
115
325
327
240
348
374
371
452
350
227
122
197
254
363
302
438
549
399
423
310
501
311
468
312
480
541
415
522
400
577
414
477
511
591
389
580
538
583
544
288
486
397
508
424
489
389
485
488
360
489
465
538
521
469
526
367
465
394
339
412
359
285
270
460
474
433
364
435
452
452
233
289
317
317
450
398
493
383
470
434
259
265
548
545
501
545
489
546
551
358
416
554
503
340
546
410
409
478
422
587
343
484
453
418
291
255
406
277
488
532
526
573
573
392
476
384
512
436
514
515
423
408
427
490
491
559
493
406
304
307
415
239
332
351
309
341
304
397
291
365
401
314
385
362
363
356
421
359
338
395
373
417
419
591
609
464
634
610
467
469
464
504
466
389
681
495
567
559
491
607
483
612
478
502
451
464
475
461
577
460
503
459
620
611
482
651
543
352
439
450
456
501
478
485
445
544
627
601
562
606
571
511
583
558
428
539
549
288
282
304
421
420
435
600
624
549
467
448
442
508
449
410
197
305
311
300
236
383
454
430
328
371
378
387
331
335
416
405
293
471
472
374
494
267
502
290
357
378
429
408
455
593
495
482
510
522
510
286
393
336
329
478
449
416
489
627
620
586
692
628
583
627
44
964
325
369
360
345
364
244
213
307
436
333
589
622
588
619
610
453
19
430
401
417
508
466
487
474
496
197
396
425
451
474
543
477
468
437
477
447
477
477
437
431
432
377
366
357
368
393
291
335
247
229
289
215
244
213
133
89
120
13
664
288
325
254
306
331
308
210
120
219
166
110
153
94
128
151
80
63
145
231
318
350
333
289
244
197
107
90
76
49
65
140
109
149
155
120
65
63
69
86
65
75
88
67
45
60
80
34
34
44
39
39
54
59
89
140
130
101
101
96
86
57
37
36
42
54
54
44
63
50
62
63
55
38
67
101
125
19
207
52
57
114
110
106
43
54
45
44
62
42
42
13
16
16
16
15
16
18
16
15
13
13
6
10
76
83
58
47
68
50
24
10
31
52
34
34
44
31
21
19
109
13
23
15
3
91
86
49
36
21
18
23
31
42
32
41
44
28
1
37
47
62
88
65
49
21
60
34
36
41
143
26
55
52
83
50
52
39
59
78
47
57
36
36
192
211
271
230
202
94
31
39
57
45
60
34
52
29
19
29
29
37
45
55
65
57
5
5
3
3
3
3
3
3
3
3
3
5
6
5
5
3
3
1
3
7
218
320
309
259
294
263
375
293
311
351
324
319
296
354
299
227
307
231
265
99
357
227
224
286
302
230
291
372
249
156
63
77
50
29
15
16
16
16
16
18
18
18
16
16
18
18
16
16
16
16
16
16
16
18
16
56
177
185
237
192
283
348
382
431
242
192
420
463
400
267
285
294
202
264
317
246
273
205
236
262
146
44
44
106
99
59
41
5
6
6
10
6
6
6
6
6
6
6
5
10
10
8
5
3
5
3
1
10
13
21
15
18
16
16
16
23
2
15
23
19
21
16
23
21
19
19
16
21
16
23
16
16
24
15
16
19
55
6
3
15
23
21
23
28
19
10
21
15
3
10
11
8
10
1
5
116
258
284
333
316
354
267
271
317
337
315
322
363
250
243
275
341
382
284
305
286
218
182
19
369
216
195
242
221
247
158
143
159
55
102
127
155
146
125
143
153
143
168
159
83
130
210
148
117
35
31
96
60
141
49
73
165
234
166
265
152
161
153
157
159
118
190
204
218
204
164
123
117
47
80
65
39
117
151
123
58
161
138
120
67
32
42
89
89
153
169
75
49
80
86
109
119
39
29
36
15
13
55
120
75
86
29
8
94
112
52
41
34
37
19
15
24
16
18
18
18
16
18
19
16
18
18
18
1
143
222
332
311
322
272
262
226
281
247
420
299
424
552
610
285
434
388
416
500
364
406
259
364
467
379
322
439
466
438
495
392
488
590
604
505
559
519
544
497
546
636
526
457
741
528
665
518
601
618
587
612
560
540
455
470
264
544
517
584
626
650
712
588
645
570
457
464
511
494
687
513
466
530
504
608
598
510
448
602
496
633
106
10
10
43
407
607
526
477
385
324
331
393
290
408
557
463
383
353
453
239
379
270
429
338
447
248
319
209
343
330
337
326
399
571
541
418
578
647
694
608
477
408
441
498
321
489
575
630
484
455
623
680
642
673
683
632
578
625
656
638
589
504
609
543
651
518
687
522
630
467
574
497
675
642
595
678
631
534
686
476
643
619
653
658
615
470
611
520
629
597
676
558
534
680
681
266
526
689
710
673
539
662
581
529
491
464
570
564
501
698
642
592
465
397
567
447
374
607
477
548
550
540
36
929
336
427
432
561
498
535
625
542
426
405
362
542
642
544
605
390
317
336
415
346
562
512
468
353
348
203
270
288
423
315
21
927
458
423
561
249
278
294
391
434
268
294
249
310
34
138
174
156
144
219
188
192
240
147
266
262
83
936
410
425
263
179
207
337
421
300
315
325
231
307
343
305
284
241
268
240
239
187
209
188
265
261
237
219
248
287
320
323
308
320
308
211
144
223
344
387
277
271
209
296
265
317
240
335
388
302
447
319
414
309
232
151
263
244
219
315
217
268
261
322
276
227
115
325
327
240
348
374
371
452
350
227
122
197
254
363
302
438
549
399
423
310
501
311
468
312
480
541
415
522
400
577
414
477
511
591
389
580
538
583
544
288
486
397
508
424
489
389
485
488
360
489
465
538
521
469
526
367
465
394
339
412
359
285
270
460
474
433
364
435
452
452
233
289
317
317
450
398
493
383
470
434
259
265
548
545
501
545
489
546
551
358
416
554
503
340
546
410
409
478
422
587
343
484
453
418
291
255
406
277
488
532
526
573
573
392
476
384
512
436
514
515
423
408
427
490
491
559
493
406
304
307
415
239
332
351
309
341
304
397
291
365
401
314
385
362
363
356
421
359
338
395
373
417
419
591
609
464
634
610
467
469
464
504
466
389
681
495
567
559
491
607
483
612
478
502
451
464
475
461
577
460
503
459
620
611
482
651
543
352
439
450
456
501
478
485
445
544
627
601
562
606
571
511
583
558
428
539
549
288
282
304
421
420
435
600
624
549
467
448
442
508
449
410
197
305
311
300
236
383
454
430
328
371
378
387
331
335
416
405
293
471
472
374
494
267
502
290
357
378
429
408
455
593
495
482
510
522
510
286
393
336
329
478
449
416
489
627
620
586
692
628
583
627
44
964
325
369
360
345
364
244
213
307
436
333
589
622
588
619
610
453
19
430
401
417
508
466
487
474
496
197
396
425
451
474
543
477
468
437
477
447
477
477
437
431
432
377
366
357
368
393
291
335
247
229
289
215
244
213
133
89
120
13
664
288
325
254
306
331
308
210
120
219
166
110
153
94
128
151
80
63
145
231
318
350
333
289
244
197
107
90
76
49
65
140
109
149
155
120
65
63
69
86
65
75
88
67
45
60
80
34
34
44
39
39
54
59
89
140
130
101
101
96
86
57
37
36
42
54
54
44
63
50
62
63
55
38
67
101
125
19
207
52
57
114
110
106
43
54
45
44
62
42
42
13
16
16
16
15
16
18
16
15
13
13
6
10
76
83
58
47
68
50
24
10
31
52
34
34
44
31
21
19
109
13
23
15
3
91
86
49
36
21
18
23
31
42
32
41
44
28
1
37
47
62
88
65
49
21
60
34
36
41
143
26
55
52
83
50
52
39
59
78
47
57
36
36
192
211
271
230
202
94
31
39
57
45
60
34
52
29
19
29
29
37
45
55
65
57
5
5
3
3
3
3
3
3
3
3
3
5
6
5
5
3
3
1
3
7
218
320
309
259
294
263
375
293
311
351
324
319
296
354
299
227
307
231
265
99
357
227
224
286
302
230
291
372
249
156
63
77
50
29
15
16
16
16
16
18
18
18
16
16
18
18
16
16
16
16
16
16
16
18
16
56
177
185
237
192
283
348
382
431
242
192
420
463
400
267
285
294
202
264
317
246
273
205
236
262
146
44
44
106
99
59
41
5
6
6
10
6
6
6
6
6
6
6
5
10
10
8
5
3
5
3
1
10
13
21
15
18
16
16
16
23
2
15
23
19
21
16
23
21
19
19
16
21
16
23
16
16
24
15
16
19
55
6
3
15
23
21
23
28
19
10
21
15
3
10
11
8
10
1
5
116
258
284
333
316
354
267
271
317
337
315
322
363
250
243
275
341
382
284
305
286
218
182
19
369
216
195
242
221
247
158
143
159
55
102
127
155
146
125
143
153
143
168
159
83
130
210
148
117
35
31
96
60
141
49
73
165
234
166
265
152
161
153
157
159
118
190
204
218
204
164
123
117
47
80
65
39
117
151
123
58
161
138
120
67
32
42
89
89
153
169
75
49
80
86
109
119
39
29
36
15
13
55
120
75
86
29
8
94
112
52
41
34
37
19
15
24
16
18
18
18
16
18
19
16
18
18
18
1
143
222
332
311
322
272
262
226
281
247
420
299
424
552
610
285
434
388
416
500
364
406
259
364
467
379
322
439
466
438
495
392
488
590
604
505
559
519
544
497
546
636
526
457
741
528
665
518
601
618
587
612
560
540
455
470
264
544
517
584
626
650
712
588
645
570
457
464
511
494
687
513
466
530
504
608
598
510
448
602
496
633
106
10
10
43
407
607
526
477
385
324
331
393
290
408
557
463
383
353
453
239
379
270
429
338
447
248
319
209
343
330
337
326
399
571
541
418
578
647
694
608
477
408
441
498
321
489
575
630
484
455
623
680
642
673
683
632
578
625
656
638
589
504
609
543
651
518
687
522
630
467
574
497
675
642
595
678
631
534
686
476
643
619
653
658
615
470
611
520
629
597
676
558
534
680
681
266
526
689
710
673
539
662
581
529
491
464
570
564
501
698
642
592
465
397
567
447
374
607
477
548
550
540
36
929
336
427
432
561
498
535
625
542
426
405
362
542
642
544
605
390
317
336
415
346
562
512
468
353
348
203
270
288
423
315
21
927
458
423
561
249
278
294
391
434
268
294
249
310
34
138
174
156
144
219
188
192
240
147
266
262
83
936
410
425
263
179
207
337
421
300
315
325
231
307
343
305
284
241
268
240
239
187
209
188
265
261
237
219
248
287
320
323
308
320
308
211
144
223
344
387
277
271
209
296
265
317
240
335
388
302
447
319
414
309
232
151
263
244
219
315
217
268
261
322
276
227
115
325
327
240
348
374
371
