2569
2358
2645
2914
2727
2429
2649
2439
2831
1959
2445
1877
1958
2033
1800
1951
2132
2058
2143
2526
2373
2443
2738
2047
2064
2353
2325
3068
3731
3618
2752
3048
2778
2024
2033
1523
1170
1727
1404
1345
1369
1223
1794
1967
2658
2027
2392
2103
2033
1585
1608
1222
877
691
477
491
465
477
425
373
678
757
930
730
619
743
651
757
438
294
358
372
372
477
477
558
425
352
372
305
251
305
159
159
92
106
132
132
132
132
146
146
146
146
146
132
119
106
106
55
226
251
332
385
345
278
213
66
172
119
132
146
12
79
79
39
39
39
92
39
39
52
52
66
52
79
39
26
62
66
79
92
12
79
66
39
12
39
92
52
79
39
52
79
92
79
79
92
106
106
119
119
146
132
132
79
132
106
146
132
119
92
159
621
66
79
52
26
106
79
66
66
66
92
66
52
12
52
544
106
79
172
186
119
92
186
92
132
106
146
159
106
52
66
39
39
52
12
79
34
66
106
119
146
199
106
146
132
146
132
26
92
132
66
159
414
50
146
213
251
238
186
199
186
106
159
265
100
251
251
238
292
305
238
305
174
265
79
1222
159
199
39
106
27
132
146
26
79
66
119
79
106
119
146
106
52
159
837
92
39
79
92
22
66
79
79
79
52
66
66
39
39
12
52
79
132
106
132
52
79
106
159
266
52
79
66
52
52
39
159
79
119
251
66
106
119
79
119
132
66
52
39
39
12
12
26
12
12
12
39
52
52
26
39
52
225
92
92
26
206
66
119
92
119
119
119
159
119
146
87
92
79
79
159
159
119
106
79
106
79
79
51
66
92
132
146
186
68
159
119
106
79
12
79
66
24
39
52
39
52
52
12
379
79
119
79
12
79
52
79
57
92
132
119
92
106
97
66
66
79
52
39
185
40
417
1782
1709
782
537
604
1178
1823
1766
2199
2558
2599
2449
1607
1581
1511
2011
2270
1696
2024
1855
2972
2926
2518
2712
2729
2862
2683
2512
1015
1143
598
1528
1289
1337
2950
2643
2028
2070
2268
2318
2407
2552
2047
2269
2364
2579
584
1049
2174
2463
3005
3034
2633
3111
3071
2267
2157
1993
1487
1608
1143
1885
2308
2564
2732
3508
2990
2207
890
598
664
159
505
531
292
2330
2684
1301
730
1183
1133
1195
1116
531
465
517
651
917
289
226
1222
730
691
571
238
504
2246
1526
983
1369
949
517
385
624
1284
1900
1654
1787
1794
1584
1775
2008
2259
1929
1211
1595
1073
1741
1458
1486
1444
2047
1815
1221
1063
1409
1356
1405
1286
1515
1635
562
1595
1675
2525
2181
1275
584
970
1555
837
1798
3283
2711
2534
2139
2192
1285
3044
2833
3031
2338
1905
2152
1920
2360
2880
2897
2458
2427
3417
3615
3014
2856
2729
2902
3780
3654
3122
3491
3524
5066
4041
3358
2992
3375
2950
2503
3203
3943
4271
4061
4401
2427
3005
2682
2944
2754
2662
3174
2420
2528
2907
3708
3395
3695
3212
3543
3531
3423
3065
2565
2650
2116
3695
2065
2724
2936
2082
1422
1963
2671
2151
2732
2791
1929
3071
2613
4080
3054
2637
3629
4440
3123
3360
3634
3516
3282
2392
1696
1924
2632
2552
2135
2007
1341
1861
2502
3513
2952
3561
2625
1554
2698
1821
2800
3648
3242
2765
2296
3031
1656
1926
1920
2624
2688
3456
3470
3799
3378
2771
3496
2891
1897
2043
2101
2579
2319
2579
2450
3604
2723
2862
3399
146
7346
3456
2352
2565
2525
2573
2456
2870
2963
3074
2202
2632
2337
3536
2220
3071
2489
4306
3366
3203
2194
2910
2897
2299
125
8373
2313
2299
1993
1980
2585
4200
2922
2392
2856
4160
2738
2924
1515
1555
510
6722
1528
1235
1116
1036
1434
782
1063
1103
1662
1546
1235
1315
1409
960
1555
1687
3536
2944
3482
2698
1847
1262
2392
827
7400
2805
1997
2964
2485
1861
1422
730
1143
159
4517
956
452
1529
2990
2428
1926
1877
3482
2465
2751
1622
1370
2751
2139
2392
1957
2219
1871
2552
2284
2916
2993
2792
2948
52
559
132
1130
425
598
678
683
504
398
358
366
332
278
270
199
92
493
1630
1824
1820
2242
3416
3646
3520
3576
3575
2732
3542
3179
2723
1037
3340
2109
2564
4112
3350
3175
3339
3490
3215
3909
3714
3261
2879
3179
4025
3354
3854
4401
3379
3757
4695
2863
3646
3527
3853
2727
3978
4957
2750
3235
4227
3317
1970
2718
3785
3491
3388
3952
3202
3199
3060
3247
2806
3099
2598
1843
2284
1953
1744
2126
1834
2976
2822
1319
1726
2662
2709
2499
1977
1714
847
1714
3418
3156
3303
4110
3577
4465
163
4354
5521
5012
3959
3725
3417
2364
2309
2947
3241
3486
2133
2627
2445
2173
2090
2399
2458
1687
1727
2161
2545
3320
3356
3691
3991
2990
770
1742
3000
4124
3942
4565
4392
4131
4209
3377
3855
3048
2913
2332
2309
2219
2078
2160
3006
2792
3728
2908
3207
3529
3485
3272
2517
2208
2194
1662
2325
2571
2925
3116
2805
2007
2042
1929
2019
2077
2146
1852
1833
1986
2146
1913
1750
2127
1988
2143
2267
1969
1820
1888
1727
1048
1993
3113
3084
3383
2199
2417
2654
2698
1693
2259
2044
2279
3072
3741
3946
2859
3332
2743
3561
3045
3165
4059
4335
3504
4280
3774
3106
3717
3923
3917
2937
1888
1399
2799
2999
3740
2976
1668
2354
2409
4019
3764
2779
2942
2675
2935
2430
3287
3160
2664
3326
4103
3923
4063
3470
2564
1982
1708
2551
2675
3895
2757
3203
3798
3197
4979
4218
2344
2661
3748
3784
3788
3457
2472
3310
2472
3427
3814
2933
2220
2348
2494
2573
3269
3145
3573
4285
4067
3819
4237
3356
3555
2552
3331
2980
2605
2927
3691
3340
3713
2485
3165
2660
2659
2739
2863
2208
2964
2575
2449
2403
2438
2169
2032
1762
1652
2070
2569
2358
2645
2914
2727
2429
2649
2439
2831
1959
2445
1877
1958
2033
1800
1951
2132
2058
2143
2526
2373
2443
2738
2047
2064
2353
2325
3068
3731
3618
2752
3048
2778
2024
2033
1523
1170
1727
1404
1345
1369
1223
1794
1967
2658
2027
2392
2103
2033
1585
1608
1222
877
691
477
491
465
477
425
373
678
757
930
730
619
743
651
757
438
294
358
372
372
477
477
558
425
352
372
305
251
305
159
159
92
106
132
132
132
132
146
146
146
146
146
132
119
106
106
55
226
251
332
385
345
278
213
66
172
119
132
146
12
79
79
39
39
39
92
39
39
52
52
66
52
79
39
26
62
66
79
92
12
79
66
39
12
39
92
52
79
39
52
79
92
79
79
92
106
106
119
119
146
132
132
79
132
106
146
132
119
92
159
621
66
79
52
26
106
79
66
66
66
92
66
52
12
52
544
106
79
172
186
119
92
186
92
132
106
146
159
106
52
66
39
39
52
12
79
34
66
106
119
146
199
106
146
132
146
132
26
92
132
66
159
414
50
146
213
251
238
186
199
186
106
159
265
100
251
251
238
292
305
238
305
174
265
79
1222
159
199
39
106
27
132
146
26
79
66
119
79
106
119
146
106
52
159
837
92
39
79
92
22
66
79
79
79
52
66
66
39
39
12
52
79
132
106
132
52
79
106
159
266
52
79
66
52
52
39
159
79
119
251
66
106
119
79
119
132
66
52
39
39
12
12
26
12
12
12
39
52
52
26
39
52
225
92
92
26
206
66
119
92
119
119
119
159
119
146
87
92
79
79
159
159
119
106
79
106
79
79
51
66
92
132
146
186
68
159
119
106
79
12
79
66
24
39
52
39
52
52
12
379
79
119
79
12
79
52
79
57
92
132
119
92
106
97
66
66
79
52
39
185
40
417
1782
1709
782
537
604
1178
1823
1766
2199
2558
2599
2449
1607
1581
1511
2011
2270
1696
2024
1855
2972
2926
2518
2712
2729
2862
2683
2512
1015
1143
598
1528
1289
1337
2950
2643
2028
2070
2268
2318
2407
2552
2047
2269
2364
2579
584
1049
2174
2463
3005
3034
2633
3111
3071
2267
2157
1993
1487
1608
1143
1885
2308
2564
2732
3508
2990
2207
890
598
664
159
505
531
292
2330
2684
1301
730
1183
1133
1195
1116
531
465
517
651
917
289
226
1222
730
691
571
238
504
2246
1526
983
1369
949
517
385
624
1284
1900
1654
1787
1794
1584
1775
2008
2259
1929
1211
1595
1073
1741
1458
1486
1444
2047
1815
1221
1063
1409
1356
1405
1286
1515
1635
562
1595
1675
2525
2181
1275
584
970
1555
837
1798
3283
2711
2534
2139
2192
1285
3044
2833
3031
2338
1905
2152
1920
2360
2880
2897
2458
2427
3417
3615
3014
2856
2729
2902
3780
3654
3122
3491
3524
5066
4041
3358
2992
3375
2950
2503
3203
3943
4271
4061
4401
2427
3005
2682
2944
2754
2662
3174
2420
2528
2907
3708
3395
3695
3212
3543
3531
3423
3065
2565
2650
2116
3695
2065
2724
2936
2082
1422
1963
2671
2151
2732
2791
1929
3071
2613
4080
3054
2637
3629
4440
3123
3360
3634
3516
3282
2392
1696
1924
2632
2552
2135
2007
1341
1861
2502
3513
2952
3561
2625
1554
2698
1821
2800
3648
3242
2765
2296
3031
1656
1926
1920
2624
2688
3456
3470
3799
3378
2771
3496
2891
1897
2043
2101
2579
2319
2579
2450
3604
2723
2862
3399
146
7346
3456
2352
2565
2525
2573
2456
2870
2963
3074
2202
2632
2337
3536
2220
3071
2489
4306
3366
3203
2194
2910
2897
2299
125
8373
2313
2299
1993
1980
2585
4200
2922
2392
2856
4160
2738
2924
1515
1555
510
6722
1528
1235
1116
1036
1434
782
1063
1103
1662
1546
1235
1315
1409
960
1555
1687
3536
2944
3482
2698
1847
1262
2392
827
7400
2805
1997
2964
2485
1861
1422
730
1143
159
4517
956
452
1529
2990
2428
1926
1877
3482
2465
2751
1622
1370
2751
2139
2392
1957
2219
1871
2552
2284
2916
2993
2792
2948
52
559
132
1130
425
598
678
683
504
398
358
366
332
278
270
199
92
493
1630
1824
1820
2242
3416
3646
3520
3576
3575
2732
3542
3179
2723
1037
3340
2109
2564
4112
3350
3175
3339
3490
3215
3909
3714
3261
2879
3179
4025
3354
3854
4401
3379
3757
4695
2863
3646
3527
3853
2727
3978
4957
2750
3235
4227
3317
1970
2718
3785
3491
3388
3952
3202
3199
3060
3247
2806
3099
2598
1843
2284
1953
1744
2126
1834
2976
2822
1319
1726
2662
2709
2499
1977
1714
847
1714
3418
3156
3303
4110
3577
4465
163
4354
5521
5012
3959
3725
3417
2364
2309
2947
3241
3486
2133
2627
2445
2173
2090
2399
2458
1687
1727
2161
2545
3320
3356
3691
3991
2990
770
1742
3000
4124
3942
4565
4392
4131
4209
3377
3855
3048
2913
2332
2309
2219
2078
2160
3006
2792
3728
2908
3207
3529
3485
3272
2517
2208
2194
1662
2325
2571
2925
3116
2805
2007
2042
1929
2019
2077
2146
1852
1833
1986
2146
1913
1750
2127
1988
2143
2267
1969
1820
1888
1727
1048
1993
3113
3084
3383
2199
2417
2654
2698
1693
2259
2044
2279
3072
3741
3946
2859
3332
2743
3561
3045
3165
4059
4335
3504
4280
3774
3106
3717
3923
3917
2937
1888
1399
2799
2999
3740
2976
1668
2354
2409
4019
3764
2779
2942
2675
2935
2430
3287
3160
2664
3326
4103
3923
4063
3470
2564
1982
1708
2551
2675
3895
2757
3203
3798
3197
4979
4218
2344
2661
3748
3784
3788
3457
2472
3310
2472
3427
3814
2933
2220
2348
2494
2573
3269
3145
3573
4285
4067
3819
4237
3356
3555
2552
3331
2980
2605
2927
3691
3340
3713
2485
3165
2660
2659
2739
2863
2208
2964
2575
2449
2403
2438
2169
2032
1762
1652
2070
2569
2358
2645
2914
2727
2429
2649
2439
2831
1959
2445
1877
1958
2033
1800
1951
2132
2058
2143
2526
2373
2443
2738
2047
2064
2353
2325
3068
3731
3618
2752
3048
2778
2024
2033
1523
1170
1727
1404
1345
1369
1223
1794
1967
2658
2027
2392
2103
2033
1585
1608
1222
877
691
477
491
465
477
425
373
678
757
930
730
619
743
651
757
438
294
358
372
372
477
477
558
425
352
372
305
251
305
159
159
92
106
132
132
132
132
146
146
146
146
146
132
119
106
106
55
226
251
332
385
345
278
213
66
172
119
132
146
12
79
79
39
39
39
92
39
39
52
52
66
52
79
39
26
62
66
79
92
12
79
66
39
12
39
92
52
79
39
52
79
92
79
79
92
106
106
119
119
146
132
132
79
132
106
146
132
119
92
159
621
66
79
52
26
106
79
66
66
66
92
66
52
12
52
544
106
79
172
186
119
92
186
92
132
106
146
159
106
52
66
39
39
52
12
79
34
66
106
119
146
199
106
146
132
146
132
26
92
132
66
159
414
50
146
213
251
238
186
199
186
106
159
265
100
251
251
238
292
305
238
305
174
265
79
1222
159
199
39
106
27
132
146
26
79
66
119
79
106
119
146
106
52
159
837
92
39
79
92
22
66
79
79
79
52
66
66
39
39
12
52
79
132
106
132
52
79
106
159
266
52
79
66
52
52
39
159
79
119
251
66
106
119
79
119
132
66
52
39
39
12
12
26
12
12
12
39
52
52
26
39
52
225
92
92
26
206
66
119
92
119
119
119
159
119
146
87
92
79
79
159
159
119
106
79
106
79
79
51
66
92
132
146
186
68
159
119
106
79
12
79
66
24
39
52
39
52
52
12
379
79
119
79
12
79
52
79
57
92
132
119
92
106
97
66
66
79
52
39
185
40
417
1782
1709
782
537
604
1178
1823
1766
2199
2558
2599
2449
1607
1581
1511
2011
2270
1696
2024
1855
2972
2926
2518
2712
2729
2862
2683
2512
1015
1143
598
1528
1289
1337
2950
2643
2028
2070
2268
2318
2407
2552
2047
2269
2364
2579
584
1049
2174
2463
3005
3034
2633
3111
3071
2267
2157
1993
1487
1608
1143
1885
2308
2564
2732
3508
2990
2207
890
598
664
159
505
531
292
2330
2684
1301
730
1183
1133
1195
1116
531
465
517
651
917
289
226
1222
730
691
571
238
504
2246
1526
983
1369
949
517
385
624
1284
1900
1654
1787
1794
1584
1775
2008
2259
1929
1211
1595
1073
1741
1458
1486
1444
2047
1815
1221
1063
1409
1356
1405
1286
1515
1635
562
1595
1675
2525
2181
1275
584
970
1555
837
1798
3283
2711
2534
2139
2192
1285
3044
2833
3031
2338
1905
2152
1920
2360
2880
2897
2458
2427
3417
3615
3014
2856
2729
2902
3780
3654
3122
3491
3524
5066
4041
3358
2992
3375
2950
2503
3203
3943
4271
4061
4401
2427
3005
2682
2944
2754
2662
3174
2420
2528
2907
3708
3395
3695
3212
3543
3531
3423
3065
2565
2650
2116
3695
2065
2724
2936
2082
1422
1963
2671
2151
2732
2791
1929
3071
2613
4080
3054
2637
3629
4440
3123
3360
3634
3516
3282
2392
1696
1924
2632
2552
2135
2007
1341
1861
2502
3513
2952
3561
2625
1554
2698
1821
2800
3648
3242
2765
2296
3031
1656
1926
1920
2624
2688
3456
3470
3799
3378
2771
3496
2891
1897
2043
2101
2579
2319
2579
2450
3604
2723
2862
3399
146
7346
3456
2352
2565
2525
2573
2456
2870
2963
3074
2202
2632
2337
3536
2220
3071
2489
4306
3366
3203
2194
2910
2897
2299
125
8373
2313
2299
1993
1980
2585
4200
2922
2392
2856
4160
2738
2924
1515
1555
510
6722
1528
1235
1116
1036
1434
782
1063
1103
1662
1546
1235
1315
1409
960
1555
1687
3536
2944
3482
2698
1847
1262
2392
827
7400
2805
1997
2964
2485
1861
1422
730
1143
159
4517
956
452
1529
2990
2428
1926
1877
3482
2465
2751
1622
1370
2751
2139
2392
1957
2219
1871
2552
2284
2916
2993
2792
2948
52
