856
786
882
971
909
810
883
813
944
653
815
626
653
678
600
650
711
686
714
842
791
814
913
682
688
784
775
1023
1244
1206
917
1016
926
675
678
508
390
576
468
448
456
408
598
656
886
676
797
701
678
528
536
407
292
230
159
164
155
159
142
124
226
252
310
243
206
248
217
252
146
98
119
124
124
159
159
186
142
117
124
102
84
102
53
53
31
35
44
44
44
44
49
49
49
49
49
44
40
35
35
18
75
84
111
128
115
93
71
22
57
40
44
49
4
26
26
13
13
13
31
13
13
17
17
22
17
26
13
9
21
22
26
31
4
26
22
13
4
13
31
17
26
13
17
26
31
26
26
31
35
35
40
40
49
44
44
26
44
35
49
44
40
31
53
207
22
26
17
9
35
26
22
22
22
31
22
17
4
17
181
35
26
57
62
40
31
62
31
44
35
49
53
35
17
22
13
13
17
4
26
11
22
35
40
49
66
35
49
44
49
44
9
31
44
22
53
138
17
49
71
84
79
62
66
62
35
53
88
33
84
84
79
97
102
79
102
58
88
26
407
53
66
13
35
9
44
49
9
26
22
40
26
35
40
49
35
17
53
279
31
13
26
31
7
22
26
26
26
17
22
22
13
13
4
17
26
44
35
44
17
26
35
53
89
17
26
22
17
17
13
53
26
40
84
22
35
40
26
40
44
22
17
13
13
4
4
9
4
4
4
13
17
17
9
13
17
75
31
31
9
69
22
40
31
40
40
40
53
40
49
29
31
26
26
53
53
40
35
26
35
26
26
17
22
31
44
49
62
23
53
40
35
26
4
26
22
8
13
17
13
17
17
4
126
26
40
26
4
26
17
26
19
31
44
40
31
35
32
22
22
26
17
13
62
13
139
594
570
261
179
201
393
608
589
733
853
866
816
536
527
504
670
757
565
675
618
991
975
839
904
910
954
894
837
338
381
199
509
430
446
983
881
676
690
756
773
802
851
682
756
788
860
195
350
725
821
1002
1011
878
1037
1024
756
719
664
496
536
381
628
769
855
911
1169
997
736
297
199
221
53
168
177
97
777
895
434
243
394
378
398
372
177
155
172
217
306
96
75
407
243
230
190
79
168
749
509
328
456
316
172
128
208
428
633
551
596
598
528
592
669
753
643
404
532
358
580
486
495
481
682
605
407
354
470
452
468
429
505
545
187
532
558
842
727
425
195
323
518
279
599
1094
904
845
713
731
428
1015
944
1010
779
635
717
640
787
960
966
819
809
1139
1205
1005
952
910
967
1260
1218
1041
1164
1175
1689
1347
1119
997
1125
983
834
1068
1314
1424
1354
1467
809
1002
894
981
918
887
1058
807
843
969
1236
1132
1232
1071
1181
1177
1141
1022
855
883
705
1232
688
908
979
694
474
654
890
717
911
930
643
1024
871
1360
1018
879
1210
1480
1041
1120
1211
1172
1094
797
565
641
877
851
712
669
447
620
834
1171
984
1187
875
518
899
607
933
1216
1081
922
765
1010
552
642
640
875
896
1152
1157
1266
1126
924
1165
964
632
681
700
860
773
860
817
1201
908
954
1133
49
2449
1152
784
855
842
858
819
957
988
1025
734
877
779
1179
740
1024
830
1435
1122
1068
731
970
966
766
42
2791
771
766
664
660
862
1400
974
797
952
1387
913
975
505
518
170
2241
509
412
372
345
478
261
354
368
554
515
412
438
470
320
518
562
1179
981
1161
899
616
421
797
276
2467
935
666
988
828
620
474
243
381
53
1506
319
151
510
997
809
642
626
1161
822
917
541
457
917
713
797
652
740
624
851
761
972
998
931
983
17
186
44
377
142
199
226
228
168
133
119
122
111
93
90
66
31
164
543
608
607
747
1139
1215
1173
1192
1192
911
1181
1060
908
346
1113
703
855
1371
1117
1058
1113
1163
1072
1303
1238
1087
960
1060
1342
1118
1285
1467
1126
1252
1565
954
1215
1176
1284
909
1326
1652
917
1078
1409
1106
657
906
1262
1164
1129
1317
1067
1066
1020
1082
935
1033
866
614
761
651
581
709
611
992
941
440
575
887
903
833
659
571
282
571
1139
1052
1101
1370
1192
1488
54
1451
1840
1671
1320
1242
1139
788
770
982
1080
1162
711
876
815
724
697
800
819
562
576
720
848
1107
1119
1230
1330
997
257
581
1000
1375
1314
1522
1464
1377
1403
1126
1285
1016
971
777
770
740
693
720
1002
931
1243
969
1069
1176
1162
1091
839
736
731
554
775
857
975
1039
935
669
681
643
673
692
715
617
611
662
715
638
583
709
663
714
756
656
607
629
576
349
664
1038
1028
1128
733
806
885
899
564
753
681
760
1024
1247
1315
953
1111
914
1187
1015
1055
1353
1445
1168
1427
1258
1035
1239
1308
1306
979
629
466
933
1000
1247
992
556
785
803
1340
1255
926
981
892
978
810
1096
1053
888
1109
1368
1308
1354
1157
855
661
569
850
892
1298
919
1068
1266
1066
1660
1406
781
887
1249
1261
1263
1152
824
1103
824
1142
1271
978
740
783
831
858
1090
1048
1191
1428
1356
1273
1412
1119
1185
851
1110
993
868
976
1230
1113
1238
828
1055
887
886
913
954
736
988
858
816
801
813
723
677
587
551
690
856
786
882
971
909
810
883
813
944
653
815
626
653
678
600
650
711
686
714
842
791
814
913
682
688
784
775
1023
1244
1206
917
1016
926
675
678
508
390
576
468
448
456
408
598
656
886
676
797
701
678
528
536
407
292
230
159
164
155
159
142
124
226
252
310
243
206
248
217
252
146
98
119
124
124
159
159
186
142
117
124
102
84
102
53
53
31
35
44
44
44
44
49
49
49
49
49
44
40
35
35
18
75
84
111
128
115
93
71
22
57
40
44
49
4
26
26
13
13
13
31
13
13
17
17
22
17
26
13
9
21
22
26
31
4
26
22
13
4
13
31
17
26
13
17
26
31
26
26
31
35
35
40
40
49
44
44
26
44
35
49
44
40
31
53
207
22
26
17
9
35
26
22
22
22
31
22
17
4
17
181
35
26
57
62
40
31
62
31
44
35
49
53
35
17
22
13
13
17
4
26
11
22
35
40
49
66
35
49
44
49
44
9
31
44
22
53
138
17
49
71
84
79
62
66
62
35
53
88
33
84
84
79
97
102
79
102
58
88
26
407
53
66
13
35
9
44
49
9
26
22
40
26
35
40
49
35
17
53
279
31
13
26
31
7
22
26
26
26
17
22
22
13
13
4
17
26
44
35
44
17
26
35
53
89
17
26
22
17
17
13
53
26
40
84
22
35
40
26
40
44
22
17
13
13
4
4
9
4
4
4
13
17
17
9
13
17
75
31
31
9
69
22
40
31
40
40
40
53
40
49
29
31
26
26
53
53
40
35
26
35
26
26
17
22
31
44
49
62
23
53
40
35
26
4
26
22
8
13
17
13
17
17
4
126
26
40
26
4
26
17
26
19
31
44
40
31
35
32
22
22
26
17
13
62
13
139
594
570
261
179
201
393
608
589
733
853
866
816
536
527
504
670
757
565
675
618
991
975
839
904
910
954
894
837
338
381
199
509
430
446
983
881
676
690
756
773
802
851
682
756
788
860
195
350
725
821
1002
1011
878
1037
1024
756
719
664
496
536
381
628
769
855
911
1169
997
736
297
199
221
53
168
177
97
777
895
434
243
394
378
398
372
177
155
172
217
306
96
75
407
243
230
190
79
168
749
509
328
456
316
172
128
208
428
633
551
596
598
528
592
669
753
643
404
532
358
580
486
495
481
682
605
407
354
470
452
468
429
505
545
187
532
558
842
727
425
195
323
518
279
599
1094
904
845
713
731
428
1015
944
1010
779
635
717
640
787
960
966
819
809
1139
1205
1005
952
910
967
1260
1218
1041
1164
1175
1689
1347
1119
997
1125
983
834
1068
1314
1424
1354
1467
809
1002
894
981
918
887
1058
807
843
969
1236
1132
1232
1071
1181
1177
1141
1022
855
883
705
1232
688
908
979
694
474
654
890
717
911
930
643
1024
871
1360
1018
879
1210
1480
1041
1120
1211
1172
1094
797
565
641
877
851
712
669
447
620
834
1171
984
1187
875
518
899
607
933
1216
1081
922
765
1010
552
642
640
875
896
1152
1157
1266
1126
924
1165
964
632
681
700
860
773
860
817
1201
908
954
1133
49
2449
1152
784
855
842
858
819
957
988
1025
734
877
779
1179
740
1024
830
1435
1122
1068
731
970
966
766
42
2791
771
766
664
660
862
1400
974
797
952
1387
913
975
505
518
170
2241
509
412
372
345
478
261
354
368
554
515
412
438
470
320
518
562
1179
981
1161
899
616
421
797
276
2467
935
666
988
828
620
474
243
381
53
1506
319
151
510
997
809
642
626
1161
822
917
541
457
917
713
797
652
740
624
851
761
972
998
931
983
17
186
44
377
142
199
226
228
168
133
119
122
111
93
90
66
31
164
543
608
607
747
1139
1215
1173
1192
1192
911
1181
1060
908
346
1113
703
855
1371
1117
1058
1113
1163
1072
1303
1238
1087
960
1060
1342
1118
1285
1467
1126
1252
1565
954
1215
1176
1284
909
1326
1652
917
1078
1409
1106
657
906
1262
1164
1129
1317
1067
1066
1020
1082
935
1033
866
614
761
651
581
709
611
992
941
440
575
887
903
833
659
571
282
571
1139
1052
1101
1370
1192
1488
54
1451
1840
1671
1320
1242
1139
788
770
982
1080
1162
711
876
815
724
697
800
819
562
576
720
848
1107
1119
1230
1330
997
257
581
1000
1375
1314
1522
1464
1377
1403
1126
1285
1016
971
777
770
740
693
720
1002
931
1243
969
1069
1176
1162
1091
839
736
731
554
775
857
975
1039
935
669
681
643
673
692
715
617
611
662
715
638
583
709
663
714
756
656
607
629
576
349
664
1038
1028
1128
733
806
885
899
564
753
681
760
1024
1247
1315
953
1111
914
1187
1015
1055
1353
1445
1168
1427
1258
1035
1239
1308
1306
979
629
466
933
1000
1247
992
556
785
803
1340
1255
926
981
892
978
810
1096
1053
888
1109
1368
1308
1354
1157
855
661
569
850
892
1298
919
1068
1266
1066
1660
1406
781
887
1249
1261
1263
1152
824
1103
824
1142
1271
978
740
783
831
858
1090
1048
1191
1428
1356
1273
1412
1119
1185
851
1110
993
868
976
1230
1113
1238
828
1055
887
886
913
954
736
988
858
816
801
813
723
677
587
551
690
856
786
882
971
909
810
883
813
944
653
815
626
653
678
600
650
711
686
714
842
791
814
913
682
688
784
775
1023
1244
1206
917
1016
926
675
678
508
390
576
468
448
456
408
598
656
886
676
797
701
678
528
536
407
292
230
159
164
155
159
142
124
226
252
310
243
206
248
217
252
146
98
119
124
124
159
159
186
142
117
124
102
84
102
53
53
31
35
44
44
44
44
49
49
49
49
49
44
40
35
35
18
75
84
111
128
115
93
71
22
57
40
44
49
4
26
26
13
13
13
31
13
13
17
17
22
17
26
13
9
21
22
26
31
4
26
22
13
4
13
31
17
26
13
17
26
31
26
26
31
35
35
40
40
49
44
44
26
44
35
49
44
40
31
53
207
22
26
17
9
35
26
22
22
22
31
22
17
4
17
181
35
26
57
62
40
31
62
31
44
35
49
53
35
17
22
13
13
17
4
26
11
22
35
40
49
66
35
49
44
49
44
9
31
44
22
53
138
17
49
71
84
79
62
66
62
35
53
88
33
84
84
79
97
102
79
102
58
88
26
407
53
66
13
35
9
44
49
9
26
22
40
26
35
40
49
35
17
53
279
31
13
26
31
7
22
26
26
26
17
22
22
13
13
4
17
26
44
35
44
17
26
35
53
89
17
26
22
17
17
13
53
26
40
84
22
35
40
26
40
44
22
17
13
13
4
4
9
4
4
4
13
17
17
9
13
17
75
31
31
9
69
22
40
31
40
40
40
53
40
49
29
31
26
26
53
53
40
35
26
35
26
26
17
22
31
44
49
62
23
53
40
35
26
4
26
22
8
13
17
13
17
17
4
126
26
40
26
4
26
17
26
19
31
44
40
31
35
32
22
22
26
17
13
62
13
139
594
570
261
179
201
393
608
589
733
853
866
816
536
527
504
670
757
565
675
618
991
975
839
904
910
954
894
837
338
381
199
509
430
446
983
881
676
690
756
773
802
851
682
756
788
860
195
350
725
821
1002
1011
878
1037
1024
756
719
664
496
536
381
628
769
855
911
1169
997
736
297
199
221
53
168
177
97
777
895
434
243
394
378
398
372
177
155
172
217
306
96
75
407
243
230
190
79
168
749
509
328
456
316
172
128
208
428
633
551
596
598
528
592
669
753
643
404
532
358
580
486
495
481
682
605
407
354
470
452
468
429
505
545
187
532
558
842
727
425
195
323
518
279
599
1094
904
845
713
731
428
1015
944
1010
779
635
717
640
787
960
966
819
809
1139
1205
1005
952
910
967
1260
1218
1041
1164
1175
1689
1347
1119
997
1125
983
834
1068
1314
1424
1354
1467
809
1002
894
981
918
887
1058
807
843
969
1236
1132
1232
1071
1181
1177
1141
1022
855
883
705
1232
688
908
979
694
474
654
890
717
911
930
643
1024
871
1360
1018
879
1210
1480
1041
1120
1211
1172
1094
797
565
641
877
851
712
669
447
620
834
1171
984
1187
875
518
899
607
933
1216
1081
922
765
1010
552
642
640
875
896
1152
1157
1266
1126
924
1165
964
632
681
700
860
773
860
817
1201
908
954
1133
49
2449
1152
784
855
842
858
819
957
988
1025
734
877
779
1179
740
1024
830
1435
1122
1068
731
970
966
766
42
2791
771
766
664
660
862
1400
974
797
952
1387
913
975
505
518
170
2241
509
412
372
345
478
261
354
368
554
515
412
438
470
320
518
562
1179
981
1161
899
616
421
797
276
2467
935
666
988
828
620
474
243
381
53
1506
319
151
510
997
809
642
626
1161
822
917
541
457
917
713
797
652
740
624
851
761
972
998
931
983
17
