274
148
107
70
152
279
438
363
457
514
325
297
320
329
346
203
136
92
24
427
142
130
194
149
186
414
501
496
427
373
410
375
313
325
405
252
273
518
309
282
289
258
119
152
166
247
182
70
158
289
394
331
350
299
323
330
327
374
339
394
359
363
302
217
320
285
304
166
115
188
184
160
191
304
255
186
162
165
264
156
154
325
331
234
172
161
204
168
204
183
270
217
278
244
121
184
236
213
262
291
304
225
296
325
312
295
210
186
241
312
269
292
108
90
117
162
156
213
376
311
340
285
226
228
127
298
192
195
244
195
260
268
179
208
236
299
473
450
426
319
272
275
328
227
326
363
332
411
315
272
180
227
356
351
354
197
296
285
368
417
467
423
358
355
484
342
265
172
260
317
443
446
417
465
475
558
413
455
363
492
591
524
355
433
418
587
697
634
657
722
758
816
695
592
568
637
632
562
600
578
503
473
520
535
524
457
484
577
653
613
375
166
149
252
318
363
423
461
506
469
495
499
411
568
515
359
222
291
497
515
377
409
413
398
273
528
586
450
481
507
571
461
488
427
323
394
369
393
621
592
520
532
469
541
581
524
543
575
515
515
424
389
391
460
545
539
479
680
387
314
273
370
187
310
202
207
457
568
348
389
436
265
359
606
592
619
596
581
518
457
443
731
706
589
483
395
374
405
452
600
461
568
598
598
602
528
535
455
515
493
418
465
545
659
693
606
671
598
602
564
469
399
385
434
355
385
470
441
363
452
273
330
327
387
454
391
311
416
329
414
251
338
259
385
418
379
401
510
357
385
512
439
429
469
490
504
361
335
440
287
467
393
383
423
484
427
379
496
339
323
260
287
290
232
229
322
249
370
287
280
191
266
337
416
389
306
303
325
352
285
344
339
326
295
420
371
347
428
403
419
446
309
333
338
319
498
411
361
459
402
375
435
468
359
357
392
363
427
504
257
437
440
417
341
412
405
381
428
391
391
452
441
403
452
391
379
545
551
526
520
574
530
519
501
469
517
497
583
566
528
551
507
553
530
481
515
558
550
558
539
455
341
380
339
471
558
568
533
522
483
507
473
507
480
261
272
231
352
219
238
188
179
306
383
478
393
309
452
421
421
411
378
319
342
265
424
421
379
420
363
303
462
385
379
420
359
365
418
359
421
446
417
433
406
395
450
452
496
439
405
450
452
407
371
482
431
439
413
474
469
435
445
476
395
363
282
198
197
232
231
266
256
251
324
289
324
291
376
335
279
284
240
113
72
88
142
24
355
264
223
162
170
194
177
204
132
144
167
266
271
274
227
284
274
245
308
281
312
285
364
279
258
165
288
253
290
254
243
276
231
250
244
255
298
237
312
253
288
185
146
74
62
48
50
46
38
30
30
28
49
126
186
138
120
79
102
90
70
52
46
42
50
64
69
84
82
84
88
66
68
65
56
62
52
34
42
46
52
64
52
52
54
41
40
30
34
28
20
24
20
14
20
32
26
16
12
10
20
22
28
24
8
16
24
16
12
12
12
12
12
12
12
10
8
15
54
50
90
128
160
171
188
162
128
115
106
124
160
167
166
122
130
156
217
196
233
274
160
155
274
226
181
288
136
153
112
74
62
54
26
18
30
32
14
147
494
477
403
365
424
427
282
263
346
167
184
276
227
348
359
401
490
500
471
401
423
460
452
357
396
335
421
506
315
355
466
401
461
465
426
429
469
90
560
421
482
479
389
479
538
522
499
501
497
425
422
403
493
440
309
385
522
536
450
407
507
507
400
291
495
332
441
465
558
576
459
447
357
388
303
418
377
479
473
515
530
463
501
488
413
488
475
457
435
434
309
286
207
94
158
244
179
98
8
8
8
8
8
8
8
8
8
8
8
8
6
6
8
8
8
8
8
8
6
6
6
6
6
6
6
6
6
6
6
6
6
6
6
6
6
6
6
6
6
6
6
6
6
6
6
6
5
8
12
8
8
8
8
8
8
8
6
8
8
8
8
8
10
12
102
351
147
322
229
222
242
175
222
94
32
14
28
109
314
253
292
256
219
222
209
264
242
193
264
253
294
270
265
302
257
254
195
300
295
320
227
298
293
366
299
406
381
351
382
269
166
2
272
231
378
295
126
491
389
408
333
445
460
359
423
448
363
359
338
275
244
190
163
206
158
158
109
172
184
120
89
120
116
82
96
66
22
48
45
70
62
80
60
50
36
36
48
40
50
45
28
26
114
84
94
76
38
58
68
37
132
114
30
58
30
24
461
312
244
314
237
294
321
236
124
75
74
108
74
88
82
78
65
104
76
86
156
171
232
178
187
147
230
192
115
68
42
62
42
76
174
205
402
399
431
392
273
242
227
320
325
274
148
107
70
152
279
438
363
457
514
325
297
320
329
346
203
136
92
24
427
142
130
194
149
186
414
501
496
427
373
410
375
313
325
405
252
273
518
309
282
289
258
119
152
166
247
182
70
158
289
394
331
350
299
323
330
327
374
339
394
359
363
302
217
320
285
304
166
115
188
184
160
191
304
255
186
162
165
264
156
154
325
331
234
172
161
204
168
204
183
270
217
278
244
121
184
236
213
262
291
304
225
296
325
312
295
210
186
241
312
269
292
108
90
117
162
156
213
376
311
340
285
226
228
127
298
192
195
244
195
260
268
179
208
236
299
473
450
426
319
272
275
328
227
326
363
332
411
315
272
180
227
356
351
354
197
296
285
368
417
467
423
358
355
484
342
265
172
260
317
443
446
417
465
475
558
413
455
363
492
591
524
355
433
418
587
697
634
657
722
758
816
695
592
568
637
632
562
600
578
503
473
520
535
524
457
484
577
653
613
375
166
149
252
318
363
423
461
506
469
495
499
411
568
515
359
222
291
497
515
377
409
413
398
273
528
586
450
481
507
571
461
488
427
323
394
369
393
621
592
520
532
469
541
581
524
543
575
515
515
424
389
391
460
545
539
479
680
387
314
273
370
187
310
202
207
457
568
348
389
436
265
359
606
592
619
596
581
518
457
443
731
706
589
483
395
374
405
452
600
461
568
598
598
602
528
535
455
515
493
418
465
545
659
693
606
671
598
602
564
469
399
385
434
355
385
470
441
363
452
273
330
327
387
454
391
311
416
329
414
251
338
259
385
418
379
401
510
357
385
512
439
429
469
490
504
361
335
440
287
467
393
383
423
484
427
379
496
339
323
260
287
290
232
229
322
249
370
287
280
191
266
337
416
389
306
303
325
352
285
344
339
326
295
420
371
347
428
403
419
446
309
333
338
319
498
411
361
459
402
375
435
468
359
357
392
363
427
504
257
437
440
417
341
412
405
381
428
391
391
452
441
403
452
391
379
545
551
526
520
574
530
519
501
469
517
497
583
566
528
551
507
553
530
481
515
558
550
558
539
455
341
380
339
471
558
568
533
522
483
507
473
507
480
261
272
231
352
219
238
188
179
306
383
478
393
309
452
421
421
411
378
319
342
265
424
421
379
420
363
303
462
385
379
420
359
365
418
359
421
446
417
433
406
395
450
452
496
439
405
450
452
407
371
482
431
439
413
474
469
435
445
476
395
363
282
198
197
232
231
266
256
251
324
289
324
291
376
335
279
284
240
113
72
88
142
24
355
264
223
162
170
194
177
204
132
144
167
266
271
274
227
284
274
245
308
281
312
285
364
279
258
165
288
253
290
254
243
276
231
250
244
255
298
237
312
253
288
185
146
74
62
48
50
46
38
30
30
28
49
126
186
138
120
79
102
90
70
52
46
42
50
64
69
84
82
84
88
66
68
65
56
62
52
34
42
46
52
64
52
52
54
41
40
30
34
28
20
24
20
14
20
32
26
16
12
10
20
22
28
24
8
16
24
16
12
12
12
12
12
12
12
10
8
15
54
50
90
128
160
171
188
162
128
115
106
124
160
167
166
122
130
156
217
196
233
274
160
155
274
226
181
288
136
153
112
74
62
54
26
18
30
32
14
147
494
477
403
365
424
427
282
263
346
167
184
276
227
348
359
401
490
500
471
401
423
460
452
357
396
335
421
506
315
355
466
401
461
465
426
429
469
90
560
421
482
479
389
479
538
522
499
501
497
425
422
403
493
440
309
385
522
536
450
407
507
507
400
291
495
332
441
465
558
576
459
447
357
388
303
418
377
479
473
515
530
463
501
488
413
488
475
457
435
434
309
286
207
94
158
244
179
98
8
8
8
8
8
8
8
8
8
8
8
8
6
6
8
8
8
8
8
8
6
6
6
6
6
6
6
6
6
6
6
6
6
6
6
6
6
6
6
6
6
6
6
6
6
6
6
6
5
8
12
8
8
8
8
8
8
8
6
8
8
8
8
8
10
12
102
351
147
322
229
222
242
175
222
94
32
14
28
109
314
253
292
256
219
222
209
264
242
193
264
253
294
270
265
302
257
254
195
300
295
320
227
298
293
366
299
406
381
351
382
269
166
2
272
231
378
295
126
491
389
408
333
445
460
359
423
448
363
359
338
275
244
190
163
206
158
158
109
172
184
120
89
120
116
82
96
66
22
48
45
70
62
80
60
50
36
36
48
40
50
45
28
26
114
84
94
76
38
58
68
37
132
114
30
58
30
24
461
312
244
314
237
294
321
236
124
75
74
108
74
88
82
78
65
104
76
86
156
171
232
178
187
147
230
192
115
68
42
62
42
76
174
205
402
399
431
392
273
242
227
320
325
274
148
107
70
152
279
438
363
457
514
325
297
320
329
346
203
136
92
24
427
142
130
194
149
186
414
501
496
427
373
410
375
313
325
405
252
273
518
309
282
289
258
119
152
166
247
182
70
158
289
394
331
350
299
323
330
327
374
339
394
359
363
302
217
320
285
304
166
115
188
184
160
191
304
255
186
162
165
264
156
154
325
331
234
172
161
204
168
204
183
270
217
278
244
121
184
236
213
262
291
304
225
296
325
312
295
210
186
241
312
269
292
108
90
117
162
156
213
376
311
340
285
226
228
127
298
192
195
244
195
260
268
179
208
236
299
473
450
426
319
272
275
328
227
326
363
332
411
315
272
180
227
356
351
354
197
296
285
368
417
467
423
358
355
484
342
265
172
260
317
443
446
417
465
475
558
413
455
363
492
591
524
355
433
418
587
697
634
657
722
758
816
695
592
568
637
632
562
600
578
503
473
520
535
524
457
484
577
653
613
375
166
149
252
318
363
423
461
506
469
495
499
411
568
515
359
222
291
497
515
377
409
413
398
273
528
586
450
481
507
571
461
488
427
323
394
369
393
621
592
520
532
469
541
581
524
543
575
515
515
424
389
391
460
545
539
479
680
387
314
273
370
187
310
202
207
457
568
348
389
436
265
359
606
592
619
596
581
518
457
443
731
706
589
483
395
374
405
452
600
461
568
598
598
602
528
535
455
515
493
418
465
545
659
693
606
671
598
602
564
469
399
385
434
355
385
470
441
363
452
273
330
327
387
454
391
311
416
329
414
251
338
259
385
418
379
401
510
357
385
512
439
429
469
490
504
361
335
440
287
467
393
383
423
484
427
379
496
339
323
260
287
290
232
229
322
249
370
287
280
191
266
337
416
389
306
303
325
352
285
344
339
326
295
420
371
347
428
403
419
446
309
333
338
319
498
411
361
459
402
375
435
468
359
357
392
363
427
504
257
437
440
417
341
412
405
381
428
391
391
452
441
403
452
391
379
