93
22
188
71
100
113
114
84
66
60
61
55
46
45
33
15
82
272
304
303
374
569
608
587
596
596
455
590
530
454
173
557
351
427
685
558
529
557
582
536
651
619
544
480
530
671
559
642
733
563
626
782
477
608
588
642
454
663
826
458
539
704
553
328
453
631
582
565
659
534
533
510
541
468
516
433
307
381
326
291
354
306
496
470
220
288
444
451
416
330
286
141
286
570
526
550
685
596
744
27
726
920
835
660
621
569
394
385
491
540
581
355
438
408
362
348
400
410
281
288
360
424
553
559
615
665
498
128
290
500
687
657
761
732
688
701
563
643
508
485
389
385
370
346
360
501
465
621
485
534
588
581
545
419
368
366
277
387
429
487
519
467
334
340
321
336
346
358
309
305
331
358
319
292
354
331
357
378
328
303
315
288
175
332
519
514
564
366
403
442
450
282
377
341
380
512
624
658
477
555
457
594
508
528
677
723
584
713
629
518
619
654
653
490
315
233
466
500
623
496
278
392
401
670
627
463
490
446
489
405
548
527
444
554
684
654
677
578
427
330
285
425
446
649
460
534
633
533
830
703
391
444
625
631
631
576
412
552
412
571
636
489
370
391
416
429
545
524
596
714
678
636
706
559
593
425
555
497
434
488
615
557
619
414
528
443
443
457
477
368
494
429
408
400
406
362
339
294
275
345
428
393
441
486
454
405
442
406
472
327
408
313
326
339
300
325
355
343
357
421
396
407
456
341
344
392
387
511
622
603
459
508
463
337
339
254
195
288
234
224
228
204
299
328
443
338
399
350
339
264
268
204
146
115
80
82
78
80
71
62
113
126
155
122
103
124
109
126
73
49
60
62
62
80
80
93
71
59
62
51
42
51
27
27
15
18
22
22
22
22
24
24
24
24
24
22
20
18
18
9
38
42
55
64
57
46
35
11
29
20
22
24
2
13
13
6
6
6
15
6
6
9
9
11
9
13
6
4
10
11
13
15
2
13
11
6
2
6
15
9
13
6
9
13
15
13
13
15
18
18
20
20
24
22
22
13
22
18
24
22
20
15
27
103
11
13
9
4
18
13
11
11
11
15
11
9
2
9
91
18
13
29
31
20
15
31
15
22
18
24
27
18
9
11
6
6
9
2
13
6
11
18
20
24
33
18
24
22
24
22
4
15
22
11
27
69
8
24
35
42
40
31
33
31
18
27
44
17
42
42
40
49
51
40
51
29
44
13
204
27
33
6
18
4
22
24
4
13
11
20
13
18
20
24
18
9
27
139
15
6
13
15
4
11
13
13
13
9
11
11
6
6
2
9
13
22
18
22
9
13
18
27
44
9
13
11
9
9
6
27
13
20
42
11
18
20
13
20
22
11
9
6
6
2
2
4
2
2
2
6
9
9
4
6
9
37
15
15
4
34
11
20
15
20
20
20
27
20
24
15
15
13
13
27
27
20
18
13
18
13
13
9
11
15
22
24
31
11
27
20
18
13
2
13
11
4
6
9
6
9
9
2
63
13
20
13
2
13
9
13
10
15
22
20
15
18
16
11
11
13
9
6
31
7
69
297
285
130
89
101
196
304
294
366
426
433
408
268
264
252
335
378
283
337
309
495
488
420
452
455
477
447
419
169
190
100
255
215
223
492
441
338
345
378
386
401
425
341
378
394
430
97
175
362
411
501
506
439
518
512
378
360
332
248
268
190
314
385
427
455
585
498
368
148
100
111
27
84
88
49
388
447
217
122
197
189
199
186
88
78
86
109
153
48
38
204
122
115
95
40
84
374
254
164
228
158
86
64
104
214
317
276
298
299
264
296
335
377
321
202
266
179
290
243
248
241
341
302
203
177
235
226
234
214
252
272
94
266
279
421
364
213
97
162
259
139
300
547
452
422
356
365
214
507
472
505
390
317
359
320
393
480
483
410
404
569
602
502
476
455
484
630
609
520
582
587
844
674
560
499
563
492
417
534
657
712
677
733
404
501
447
491
459
444
529
403
421
484
618
566
616
535
591
588
570
511
428
442
353
616
344
454
489
347
237
327
445
359
455
465
321
512
435
680
509
439
605
740
520
560
606
586
547
399
283
321
439
425
356
334
223
310
417
585
492
594
437
259
450
303
467
608
540
461
383
505
276
321
320
437
448
576
578
633
563
462
583
482
316
341
350
430
386
430
408
601
454
477
566
24
1224
576
392
428
421
429
409
478
494
512
367
439
389
589
370
512
415
718
561
534
366
485
483
383
21
1395
385
383
332
330
431
700
487
399
476
693
456
487
252
259
85
1120
255
206
186
173
239
130
177
184
277
258
206
219
235
160
259
281
589
491
580
450
308
210
399
138
1233
467
333
494
414
310
237
122
190
27
753
159
75
255
498
405
321
313
580
411
459
270
228
459
356
399
326
370
312
425
381
486
499
465
491
9
93
22
188
71
100
113
114
84
66
60
61
55
46
45
33
15
82
272
304
303
374
569
608
587
596
596
455
590
530
454
173
557
351
427
685
558
529
557
582
536
651
619
544
480
530
671
559
642
733
563
626
782
477
608
588
642
454
663
826
458
539
704
553
328
453
631
582
565
659
534
533
510
541
468
516
433
307
381
326
291
354
306
496
470
220
288
444
451
416
330
286
141
286
570
526
550
685
596
744
27
726
920
835
660
621
569
394
385
491
540
581
355
438
408
362
348
400
410
281
288
360
424
553
559
615
665
498
128
290
500
687
657
761
732
688
701
563
643
508
485
389
385
370
346
360
501
465
621
485
534
588
581
545
419
368
366
277
387
429
487
519
467
334
340
321
336
346
358
309
305
331
358
319
292
354
331
357
378
328
303
315
288
175
332
519
514
564
366
403
442
450
282
377
341
380
512
624
658
477
555
457
594
508
528
677
723
584
713
629
518
619
654
653
490
315
233
466
500
623
496
278
392
401
670
627
463
490
446
489
405
548
527
444
554
684
654
677
578
427
330
285
425
446
649
460
534
633
533
830
703
391
444
625
631
631
576
412
552
412
571
636
489
370
391
416
429
545
524
596
714
678
636
706
559
593
425
555
497
434
488
615
557
619
414
528
443
443
457
477
368
494
429
408
400
406
362
339
294
275
345
428
393
441
486
454
405
442
406
472
327
408
313
326
339
300
325
355
343
357
421
396
407
456
341
344
392
387
511
622
603
459
508
463
337
339
254
195
288
234
224
228
204
299
328
443
338
399
350
339
264
268
204
146
115
80
82
78
80
71
62
113
126
155
122
103
124
109
126
73
49
60
62
62
80
80
93
71
59
62
51
42
51
27
27
15
18
22
22
22
22
24
24
24
24
24
22
20
18
18
9
38
42
55
64
57
46
35
11
29
20
22
24
2
13
13
6
6
6
15
6
6
9
9
11
9
13
6
4
10
11
13
15
2
13
11
6
2
6
15
9
13
6
9
13
15
13
13
15
18
18
20
20
24
22
22
13
22
18
24
22
20
15
27
103
11
13
9
4
18
13
11
11
11
15
11
9
2
9
91
18
13
29
31
20
15
31
15
22
18
24
27
18
9
11
6
6
9
2
13
6
11
18
20
24
33
18
24
22
24
22
4
15
22
11
27
69
8
24
35
42
40
31
33
31
18
27
44
17
42
42
40
49
51
40
51
29
44
13
204
27
33
6
18
4
22
24
4
13
11
20
13
18
20
24
18
9
27
139
15
6
13
15
4
11
13
13
13
9
11
11
6
6
2
9
13
22
18
22
9
13
18
27
44
9
13
11
9
9
6
27
13
20
42
11
18
20
13
20
22
11
9
6
6
2
2
4
2
2
2
6
9
9
4
6
9
37
15
15
4
34
11
20
15
20
20
20
27
20
24
15
15
13
13
27
27
20
18
13
18
13
13
9
11
15
22
24
31
11
27
20
18
13
2
13
11
4
6
9
6
9
9
2
63
13
20
13
2
13
9
13
10
15
22
20
15
18
16
11
11
13
9
6
31
7
69
297
285
130
89
101
196
304
294
366
426
433
408
268
264
252
335
378
283
337
309
495
488
420
452
455
477
447
419
169
190
100
255
215
223
492
441
338
345
378
386
401
425
341
378
394
430
97
175
362
411
501
506
439
518
512
378
360
332
248
268
190
314
385
427
455
585
498
368
148
100
111
27
84
88
49
388
447
217
122
197
189
199
186
88
78
86
109
153
48
38
204
122
115
95
40
84
374
254
164
228
158
86
64
104
214
317
276
298
299
264
296
335
377
321
202
266
179
290
243
248
241
341
302
203
177
235
226
234
214
252
272
94
266
279
421
364
213
97
162
259
139
300
547
452
422
356
365
214
507
472
505
390
317
359
320
393
480
483
410
404
569
602
502
476
455
484
630
609
520
582
587
844
674
560
499
563
492
417
534
657
712
677
733
404
501
447
491
459
444
529
403
421
484
618
566
616
535
591
588
570
511
428
442
353
616
344
454
489
347
237
327
445
359
455
465
321
512
435
680
509
439
605
740
520
560
606
586
547
399
283
321
439
425
356
334
223
310
417
585
492
594
437
259
450
303
467
608
540
461
383
505
276
321
320
437
448
576
578
633
563
462
583
482
316
341
350
430
386
430
408
601
454
477
566
24
1224
576
392
428
421
429
409
478
494
512
367
439
389
589
370
512
415
718
561
534
366
485
483
383
21
1395
385
383
332
330
431
700
487
399
476
693
456
487
252
259
85
1120
255
206
186
173
239
130
177
184
277
258
206
219
235
160
259
281
589
491
580
450
308
210
399
138
1233
467
333
494
414
310
237
122
190
27
753
159
75
255
498
405
321
313
580
411
459
270
228
459
356
399
326
370
312
425
381
486
499
465
491
9
93
22
188
71
100
113
114
84
66
60
61
55
46
45
33
15
82
272
304
303
374
569
608
587
596
596
455
590
530
454
173
557
351
427
685
558
529
557
582
536
651
619
544
480
530
671
559
642
733
563
626
782
477
608
588
642
454
663
826
458
539
704
553
328
453
631
582
565
659
534
533
510
541
468
516
433
307
381
326
291
354
306
496
470
220
288
444
451
416
330
286
141
286
570
526
550
685
596
744
27
726
920
835
660
621
569
394
385
491
540
581
355
438
408
362
348
400
410
281
288
360
424
553
559
615
665
498
128
290
500
687
657
761
732
688
701
563
643
508
485
389
385
370
346
360
501
465
621
485
534
588
581
545
419
368
366
277
387
429
487
519
467
334
340
321
336
346
358
309
305
331
358
319
292
354
331
357
378
328
303
315
288
175
332
519
514
564
366
403
442
450
282
377
341
380
512
624
658
477
555
457
594
508
528
677
723
584
713
629
518
619
654
653
490
315
233
466
500
623
496
278
392
401
670
627
463
490
446
489
405
548
527
444
554
684
654
677
578
427
330
285
425
446
649
460
534
633
533
830
703
391
444
625
631
631
576
412
552
412
571
636
489
370
391
416
429
545
524
596
714
678
636
706
559
593
425
555
497
434
488
615
557
619
414
528
443
443
457
477
368
494
429
408
400
406
362
339
294
275
345
428
393
441
486
454
405
442
406
472
327
408
313
326
339
300
325
355
343
357
421
396
407
456
341
344
392
387
511
622
603
459
508
463
337
339
254
195
288
234
224
228
204
299
328
443
338
399
350
339
264
268
204
146
115
80
82
78
80
71
62
113
126
155
122
103
124
109
126
73
49
60
62
62
80
80
93
71
59
62
51
42
51
27
27
15
18
22
22
22
22
24
24
24
24
24
22
20
18
18
9
38
42
55
64
57
46
35
11
29
20
22
24
2
13
13
6
6
6
15
6
6
9
9
11
9
13
6
4
10
11
13
15
2
13
11
6
2
6
15
9
13
6
9
13
15
13
13
15
18
18
20
20
24
22
22
13
22
18
24
22
20
15
27
103
11
13
9
4
18
13
11
11
11
15
11
9
2
9
91
18
13
29
31
20
15
31
15
22
18
24
27
18
9
11
6
6
9
2
13
6
11
18
20
24
33
18
24
22
24
22
4
15
22
11
27
69
8
24
35
42
40
31
33
31
18
27
44
17
42
42
40
49
51
40
51
29
44
13
204
27
33
6
18
4
22
24
4
13
11
20
13
18
20
24
18
9
27
139
15
6
13
15
4
11
13
13
13
9
11
11
6
6
2
9
13
22
18
22
9
13
18
27
44
9
13
11
9
9
6
27
13
20
42
11
18
20
13
20
22
11
9
6
6
2
2
4
2
2
2
6
9
9
4
6
9
37
15
15
4
34
11
20
15
20
20
20
27
20
24
15
15
13
13
27
27
20
18
13
18
13
13
9
11
15
22
24
31
11
27
20
18
13
2
13
11
4
6
9
6
9
9
2
63
13
20
13
2
13
9
13
10
15
22
20
15
18
16
11
11
13
9
6
31
7
69
297
285
130
89
101
196
304
294
366
426
433
408
268
264
252
335
378
283
337
309
495
488
420
452
455
477
447
419
169
190
100
255
215
223
492
441
338
345
378
386
401
425
341
378
394
430
97
175
362
411
501
506
439
518
512
378
360
332
248
268
190
314
385
427
455
585
498
368
148
100
111
27
84
88
49
388
447
217
122
197
189
199
186
88
78
86
109
153
48
38
204
122
115
95
40
84
374
254
164
228
158
86
64
104
214
317
276
298
299
264
296
335
377
321
202
266
179
290
243
248
241
341
302
203
177
235
226
234
214
252
272
94
266
279
421
364
213
97
162
259
139
300
547
452
422
356
365
214
507
472
505
390
317
359
320
393
480
483
410
404
569
602
502
476
455
484
630
609
520
582
587
844
674
560
499
563
492
417
534
657
712
677
733
404
501
447
491
459
444
529
403
421
484
618
566
616
535
591
588
570
511
428
442
353
616
344
454
489
347
237
327
445
359
455
465
321
512
435
680
509
439
605
740
520
560
606
586
547
399
283
321
439
425
356
334
223
310
417
585
492
594
437
259
450
303
467
608
540
461
383
505
276
321
320
437
448
576
578
633
563
462
583
482
316
341
350
430
386
430
408
601
454
477
566
24
1224
576
392
428
421
429
409
478
494
512
367
439
389
589
370
512
415
718
561
534
366
485
483
383
21
1395
385
383
332
330
431
700
487
399
476
693
456
487
252
259
85
1120
255
206
186
173
239
130
177
184
277
258
206
219
235
160
259
281
589
491
580
450
308
210
399
138
1233
467
333
494
414
310
237
122
190
27
753
159
75
255
498
405
321
313
580
411
459
270
228
459
356
399
326
370
312
425
381
486
499
465
491
9
