2711
2099
1361
732
1182
1526
2177
1811
2627
3295
2392
2539
1859
3008
1869
2809
1872
2879
3243
2489
3130
2398
3464
2487
2862
3066
3544
2336
3481
3230
3500
3266
1730
2915
2379
3047
2547
2932
2335
2907
2925
2157
2934
2792
3228
3126
2815
3157
2200
2787
2363
2037
2474
2154
1709
1623
2761
2842
2599
2185
2613
2710
2713
1397
1734
1904
1900
2699
2385
2956
2295
2822
2605
1552
1588
3288
3272
3006
3267
2933
3278
3306
2151
2493
3324
3016
2042
3277
2460
2452
2866
2531
3524
2056
2901
2720
2506
1746
1528
2437
1659
2931
3193
3153
3440
3439
2351
2858
2303
3073
2616
3082
3088
2535
2445
2562
2941
2947
3356
2957
2439
1824
1843
2491
1434
1993
2106
1852
2044
1824
2382
1744
2193
2403
1884
2311
2173
2179
2137
2524
2155
2030
2369
2238
2501
2513
3546
3652
2782
3804
3660
2800
2816
2785
3025
2794
2335
4087
2971
3403
3354
2948
3639
2896
3672
2866
3009
2705
2783
2850
2764
3463
2760
3019
2755
3718
3664
2892
3906
3259
2113
2634
2702
2735
3005
2866
2910
2670
3262
3759
3609
3373
3634
3429
3067
3501
3348
2569
3234
3297
1726
1693
1826
2524
2521
2612
3602
3744
3297
2800
2690
2653
3046
2695
2460
1180
1830
1869
1800
1418
2301
2727
2580
1967
2229
2269
2322
1986
2010
2494
2433
1756
2824
2831
2244
2965
1605
3010
1743
2142
2269
2574
2450
2728
3559
2968
2891
3058
3135
3060
1716
2358
2016
1975
2866
2692
2494
2937
3759
3722
3516
4151
3766
3500
3761
263
5786
1949
2212
2159
2070
2184
1462
1277
1843
2618
2000
3533
3734
3528
3717
3661
2719
117
2581
2408
2501
3051
2796
2924
2843
2977
1184
2374
2552
2704
2842
3256
2862
2807
2621
2862
2683
2862
2863
2624
2587
2589
2263
2197
2145
2207
2359
1747
2008
1484
1377
1736
1293
1462
1277
799
533
721
78
3985
1726
1950
1526
1836
1989
1849
1257
717
1316
996
663
916
565
770
907
478
380
868
1387
1906
2098
1997
1733
1462
1182
643
538
458
292
389
838
655
896
929
721
389
380
413
517
389
448
526
399
272
360
478
204
204
263
233
233
322
352
536
838
780
603
604
575
517
341
224
217
253
322
322
263
380
302
370
380
331
231
399
604
750
117
1242
312
341
683
663
634
258
322
273
263
370
253
253
78
97
97
97
87
97
107
97
87
78
78
38
58
459
497
350
282
409
302
146
58
184
312
204
204
263
184
127
117
653
78
136
87
19
545
513
292
214
127
107
136
184
253
194
243
263
166
9
224
282
370
526
389
292
127
360
204
217
243
858
156
331
312
497
302
312
233
356
468
282
341
214
214
1150
1268
1628
1381
1209
565
184
233
341
273
360
206
312
175
117
175
175
224
273
331
389
341
29
29
19
19
19
19
19
19
19
19
19
29
38
29
29
19
19
9
19
45
1306
1919
1852
1553
1764
1577
2253
1756
1868
2106
1945
1913
1775
2125
1795
1361
1843
1387
1589
593
2145
1363
1342
1715
1813
1380
1744
2233
1492
936
380
460
300
175
87
97
97
97
97
107
107
107
97
97
107
107
97
97
97
97
97
97
97
107
97
334
1062
1110
1423
1153
1697
2087
2289
2583
1451
1150
2520
2776
2399
1602
1712
1764
1210
1582
1901
1474
1638
1229
1413
1574
877
263
263
634
594
351
243
29
38
38
58
38
38
38
38
38
38
38
29
58
58
48
29
19
29
19
9
58
78
127
87
107
97
97
97
136
14
87
136
117
127
97
136
127
117
117
97
127
97
136
97
97
146
87
97
117
331
38
20
87
136
127
136
166
117
58
127
87
19
58
68
48
58
9
29
696
1550
1704
1998
1896
2124
1605
1624
1901
2022
1892
1932
2175
1501
1455
1648
2047
2291
1703
1833
1713
1306
1092
117
2214
1296
1169
1452
1329
1482
951
858
952
331
614
760
933
877
750
858
916
858
1010
955
497
781
1257
887
701
212
184
575
360
848
292
438
993
1403
997
1589
910
965
916
940
955
710
1141
1227
1306
1224
985
740
701
284
478
389
233
701
908
740
350
965
829
721
399
194
253
533
536
916
1014
448
292
478
517
653
711
233
175
214
87
78
331
721
448
517
175
48
565
673
312
247
204
224
117
87
146
97
107
107
107
97
107
117
97
107
107
107
9
859
1330
1994
1868
1934
1632
1571
1353
1684
1483
2523
1795
2545
3312
3660
1709
2604
2326
2494
3002
2184
2434
1557
2183
2804
2271
1932
2632
2794
2630
2968
2351
2925
3537
3622
3029
3354
3114
3267
2980
3275
3815
3153
2744
4445
3166
3992
3110
3605
3706
3524
3669
3358
3243
2731
2823
1584
3265
3100
3504
3758
3899
4274
3527
3867
3422
2740
2785
3069
2966
4121
3080
2794
3177
3026
3650
3588
3057
2688
3613
2978
3799
634
58
58
258
2443
3643
3157
2862
2310
1942
1988
2359
1738
2448
3341
2781
2301
2120
2720
1434
2271
1618
2574
2031
2679
1490
1911
1252
2057
1981
2019
1958
2392
3429
3247
2511
3471
3885
4163
3649
2859
2447
2648
2987
1924
2933
3453
3777
2901
2728
3740
4081
3855
4036
4099
3790
3471
3750
3934
3827
3536
3026
3652
3257
3907
3108
4120
3130
3778
2802
3441
2980
4048
3850
3570
4070
3785
3206
4115
2854
3861
3717
3915
3949
3687
2820
3665
3120
3776
3585
4054
3349
3205
4079
4085
1598
3159
4135
4257
4036
3234
3973
3485
3177
2945
2783
3423
3383
3005
4187
3849
3552
2787
2382
3404
2681
2243
3643
2860
3288
3300
3243
214
5574
2014
2564
2595
3368
2989
3208
3750
3251
2554
2428
2173
3250
3853
3261
3628
2341
1900
2018
2491
2079
3373
3072
2807
2117
2087
1217
1618
1726
2540
1892
124
5560
2751
2539
3364
1493
1670
1762
2343
2604
1607
1764
1496
1862
204
829
1043
936
862
1316
1131
1150
1443
885
1599
1569
495
5617
2459
2552
1579
1072
1244
2023
2525
1798
1893
1949
1384
1840
2057
1832
1705
1448
1606
1440
1435
1121
1251
1125
1589
1566
1423
1316
1489
1722
1921
1935
1848
1918
1849
1267
866
1336
2065
2320
1659
1628
1252
1779
1589
1901
1443
2008
2330
1814
2681
1917
2486
1854
1393
909
1579
1465
1312
1892
1304
1608
1566
1934
1656
1362
692
1950
1964
1443
2087
2246
2223
2711
2099
1361
732
1182
1526
2177
1811
2627
3295
2392
2539
1859
3008
1869
2809
1872
2879
3243
2489
3130
2398
3464
2487
2862
3066
3544
2336
3481
3230
3500
3266
1730
2915
2379
3047
2547
2932
2335
2907
2925
2157
2934
2792
3228
3126
2815
3157
2200
2787
2363
2037
2474
2154
1709
1623
2761
2842
2599
2185
2613
2710
2713
1397
1734
1904
1900
2699
2385
2956
2295
2822
2605
1552
1588
3288
3272
3006
3267
2933
3278
3306
2151
2493
3324
3016
2042
3277
2460
2452
2866
2531
3524
2056
2901
2720
2506
1746
1528
2437
1659
2931
3193
3153
3440
3439
2351
2858
2303
3073
2616
3082
3088
2535
2445
2562
2941
2947
3356
2957
2439
1824
1843
2491
1434
1993
2106
1852
2044
1824
2382
1744
2193
2403
1884
2311
2173
2179
2137
2524
2155
2030
2369
2238
2501
2513
3546
3652
2782
3804
3660
2800
2816
2785
3025
2794
2335
4087
2971
3403
3354
2948
3639
2896
3672
2866
3009
2705
2783
2850
2764
3463
2760
3019
2755
3718
3664
2892
3906
3259
2113
2634
2702
2735
3005
2866
2910
2670
3262
3759
3609
3373
3634
3429
3067
3501
3348
2569
3234
3297
1726
1693
1826
2524
2521
2612
3602
3744
3297
2800
2690
2653
3046
2695
2460
1180
1830
1869
1800
1418
2301
2727
2580
1967
2229
2269
2322
1986
2010
2494
2433
1756
2824
2831
2244
2965
1605
3010
1743
2142
2269
2574
2450
2728
3559
2968
2891
3058
3135
3060
1716
2358
2016
1975
2866
2692
2494
2937
3759
3722
3516
4151
3766
3500
3761
263
5786
1949
2212
2159
2070
2184
1462
1277
1843
2618
2000
3533
3734
3528
3717
3661
2719
117
2581
2408
2501
3051
2796
2924
2843
2977
1184
2374
2552
2704
2842
3256
2862
2807
2621
2862
2683
2862
2863
2624
2587
2589
2263
2197
2145
2207
2359
1747
2008
1484
1377
1736
1293
1462
1277
799
533
721
78
3985
1726
1950
1526
1836
1989
1849
1257
717
1316
996
663
916
565
770
907
478
380
868
1387
1906
2098
1997
1733
1462
1182
643
538
458
292
389
838
655
896
929
721
389
380
413
517
389
448
526
399
272
360
478
204
204
263
233
233
322
352
536
838
780
603
604
575
517
341
224
217
253
322
322
263
380
302
370
380
331
231
399
604
750
117
1242
312
341
683
663
634
258
322
273
263
370
253
253
78
97
97
97
87
97
107
97
87
78
78
38
58
459
497
350
282
409
302
146
58
184
312
204
204
263
184
127
117
653
78
136
87
19
545
513
292
214
127
107
136
184
253
194
243
263
166
9
224
282
370
526
389
292
127
360
204
217
243
858
156
331
312
497
302
312
233
356
468
282
341
214
214
1150
1268
1628
1381
1209
565
184
233
341
273
360
206
312
175
117
175
175
224
273
331
389
341
29
29
19
19
19
19
19
19
19
19
19
29
38
29
29
19
19
9
19
45
1306
1919
1852
1553
1764
1577
2253
1756
1868
2106
1945
1913
1775
2125
1795
1361
1843
1387
1589
593
2145
1363
1342
1715
1813
1380
1744
2233
1492
936
380
460
300
175
87
97
97
97
97
107
107
107
97
97
107
107
97
97
97
97
97
97
97
107
97
334
1062
1110
1423
1153
1697
2087
2289
2583
1451
1150
2520
2776
2399
1602
1712
1764
1210
1582
1901
1474
1638
1229
1413
1574
877
263
263
634
594
351
243
29
38
38
58
38
38
38
38
38
38
38
29
58
58
48
29
19
29
19
9
58
78
127
87
107
97
97
97
136
14
87
136
117
127
97
136
127
117
117
97
127
97
136
97
97
146
87
97
117
331
38
20
87
136
127
136
166
117
58
127
87
19
58
68
48
58
9
29
696
1550
1704
1998
1896
2124
1605
1624
1901
2022
1892
1932
2175
1501
1455
1648
2047
2291
1703
1833
1713
1306
1092
117
2214
1296
1169
1452
1329
1482
951
858
952
331
614
760
933
877
750
858
916
858
1010
955
497
781
1257
887
701
212
184
575
360
848
292
438
993
1403
997
1589
910
965
916
940
955
710
1141
1227
1306
1224
985
740
701
284
478
389
233
701
908
740
350
965
829
721
399
194
253
533
536
916
1014
448
292
478
517
653
711
233
175
214
87
78
331
721
448
517
175
48
565
673
312
247
204
224
117
87
146
97
107
107
107
97
107
117
97
107
107
107
9
859
1330
1994
1868
1934
1632
1571
1353
1684
1483
2523
1795
2545
3312
3660
1709
2604
2326
2494
3002
2184
2434
1557
2183
2804
2271
1932
2632
2794
2630
2968
2351
2925
3537
3622
3029
3354
3114
3267
2980
3275
3815
3153
2744
4445
3166
3992
3110
3605
3706
3524
3669
3358
3243
2731
2823
1584
3265
3100
3504
3758
3899
4274
3527
3867
3422
2740
2785
3069
2966
4121
3080
2794
3177
3026
3650
3588
3057
2688
3613
2978
3799
634
58
58
258
2443
3643
3157
2862
2310
1942
1988
2359
1738
2448
3341
2781
2301
2120
2720
1434
2271
1618
2574
2031
2679
1490
1911
1252
2057
1981
2019
1958
2392
3429
3247
2511
3471
3885
4163
3649
2859
2447
2648
2987
1924
2933
3453
3777
2901
2728
3740
4081
3855
4036
4099
3790
3471
3750
3934
3827
3536
3026
3652
3257
3907
3108
4120
3130
3778
2802
3441
2980
4048
3850
3570
4070
3785
3206
4115
2854
3861
3717
3915
3949
3687
2820
3665
3120
3776
3585
4054
3349
3205
4079
4085
1598
3159
4135
4257
4036
3234
3973
3485
3177
2945
2783
3423
3383
3005
4187
3849
3552
2787
2382
3404
2681
2243
3643
2860
3288
3300
3243
214
5574
2014
2564
2595
3368
2989
3208
3750
3251
2554
2428
2173
3250
3853
3261
3628
2341
1900
2018
2491
2079
3373
3072
2807
2117
2087
1217
1618
1726
2540
1892
124
5560
2751
2539
3364
1493
1670
1762
2343
2604
1607
1764
1496
1862
204
829
1043
936
862
1316
1131
1150
1443
885
1599
1569
495
5617
2459
2552
1579
1072
1244
2023
2525
1798
1893
1949
1384
1840
2057
1832
1705
1448
1606
1440
1435
1121
1251
1125
1589
1566
1423
1316
1489
1722
1921
1935
1848
1918
1849
1267
866
1336
2065
2320
1659
1628
1252
1779
1589
1901
1443
2008
2330
1814
2681
1917
2486
1854
1393
909
1579
1465
1312
1892
1304
1608
1566
1934
1656
1362
692
1950
1964
1443
2087
2246
2223
2711
2099
1361
732
1182
1526
2177
1811
2627
3295
2392
2539
1859
3008
1869
2809
1872
2879
3243
2489
3130
2398
3464
2487
2862
3066
3544
2336
3481
3230
3500
3266
1730
2915
2379
3047
2547
2932
2335
2907
2925
2157
2934
2792
3228
3126
2815
3157
2200
2787
2363
2037
2474
2154
1709
1623
2761
2842
2599
2185
2613
2710
2713
1397
1734
1904
1900
2699
2385
2956
2295
2822
2605
1552
1588
3288
3272
3006
3267
2933
3278
3306
2151
2493
3324
3016
2042
3277
2460
2452
2866
2531
3524
2056
2901
2720
2506
1746
1528
2437
1659
2931
3193
3153
3440
3439
2351
2858
2303
3073
2616
3082
3088
2535
2445
2562
2941
2947
3356
2957
2439
1824
1843
2491
1434
1993
2106
1852
2044
1824
2382
1744
2193
2403
1884
2311
2173
2179
2137
2524
2155
2030
2369
2238
2501
2513
3546
3652
2782
3804
3660
2800
2816
2785
3025
2794
2335
4087
2971
3403
3354
2948
3639
2896
3672
2866
3009
2705
2783
2850
2764
3463
2760
3019
2755
3718
3664
2892
3906
3259
2113
2634
2702
2735
3005
2866
2910
2670
3262
3759
3609
3373
3634
3429
3067
3501
3348
2569
3234
3297
1726
1693
1826
2524
2521
2612
3602
3744
3297
2800
2690
2653
3046
2695
2460
1180
1830
1869
1800
1418
2301
2727
2580
1967
2229
2269
2322
1986
2010
2494
2433
1756
2824
2831
2244
2965
1605
3010
1743
2142
2269
2574
2450
2728
3559
2968
2891
3058
3135
3060
1716
2358
2016
1975
2866
2692
2494
2937
3759
3722
3516
4151
3766
3500
3761
263
5786
1949
2212
2159
2070
2184
1462
1277
1843
2618
2000
3533
3734
3528
3717
3661
2719
117
2581
2408
2501
3051
2796
2924
2843
2977
1184
2374
2552
2704
2842
3256
2862
2807
2621
2862
2683
2862
2863
2624
2587
2589
2263
2197
2145
2207
2359
1747
2008
1484
1377
1736
1293
1462
1277
799
533
721
78
3985
1726
1950
1526
1836
1989
1849
1257
717
1316
996
663
916
565
770
907
478
380
868
1387
1906
2098
1997
1733
1462
1182
643
538
458
292
389
838
655
896
929
721
389
380
413
517
389
448
526
399
272
360
478
204
204
263
233
233
322
352
536
838
780
603
604
575
517
341
224
217
253
322
322
263
380
302
370
380
331
231
399
604
750
117
1242
312
341
683
663
634
258
322
273
263
370
253
253
78
97
97
97
87
97
107
97
87
78
78
38
58
459
497
350
282
409
302
146
58
184
312
204
204
263
184
127
117
653
78
136
87
19
545
513
292
214
127
107
136
184
253
194
243
263
166
9
224
282
370
526
389
292
127
360
204
217
243
858
156
331
312
497
302
312
233
356
468
282
341
214
214
1150
1268
1628
1381
1209
565
184
233
341
273
360
206
312
175
117
175
175
224
273
331
389
341
29
29
19
19
19
19
19
19
19
19
19
29
38
29
29
19
19
9
19
45
1306
1919
1852
1553
1764
1577
2253
1756
1868
2106
1945
1913
1775
2125
1795
1361
1843
1387
1589
593
2145
1363
1342
1715
1813
1380
1744
2233
1492
936
380
460
300
175
87
97
97
97
97
107
107
107
97
97
107
107
97
97
97
97
97
97
97
107
97
334
1062
1110
1423
1153
1697
2087
2289
2583
1451
1150
2520
2776
2399
1602
1712
1764
1210
1582
1901
1474
1638
1229
1413
1574
877
263
263
634
594
351
243
29
38
38
58
38
38
38
38
38
38
38
29
58
58
48
29
19
29
19
9
58
78
127
87
107
97
97
97
136
14
87
136
117
127
97
136
127
117
117
97
127
97
136
97
97
146
87
97
117
331
38
20
87
136
127
136
166
117
58
127
87
19
58
68
48
58
9
29
696
1550
1704
1998
1896
2124
1605
1624
1901
2022
1892
1932
2175
1501
1455
1648
2047
2291
1703
1833
1713
1306
1092
117
2214
1296
1169
1452
1329
1482
951
858
952
331
614
760
933
877
750
858
916
858
1010
955
497
781
1257
887
701
212
184
575
360
848
292
438
993
1403
997
1589
910
965
916
940
955
710
1141
1227
1306
1224
985
740
701
284
478
389
233
701
908
740
350
965
829
721
399
194
253
533
536
916
1014
448
292
478
517
653
711
233
175
214
87
78
331
721
448
517
175
48
565
673
312
247
204
224
117
87
146
97
107
107
107
97
107
117
97
107
107
107
9
859
1330
1994
1868
1934
1632
1571
1353
1684
1483
2523
1795
2545
3312
3660
1709
2604
2326
2494
3002
2184
2434
1557
2183
2804
2271
1932
2632
2794
2630
2968
2351
2925
3537
3622
3029
3354
3114
3267
2980
3275
3815
3153
2744
4445
3166
3992
3110
3605
3706
3524
3669
3358
3243
2731
2823
1584
3265
3100
3504
3758
3899
4274
3527
3867
3422
2740
2785
3069
2966
4121
3080
2794
3177
3026
3650
3588
3057
2688
3613
2978
3799
634
58
58
258
2443
3643
3157
2862
2310
1942
1988
2359
1738
2448
3341
2781
2301
2120
2720
1434
2271
1618
2574
2031
2679
1490
1911
1252
2057
1981
2019
1958
2392
3429
3247
2511
3471
3885
4163
3649
2859
2447
2648
2987
1924
2933
3453
3777
2901
2728
3740
4081
3855
4036
4099
3790
3471
3750
3934
3827
3536
3026
3652
3257
3907
3108
4120
3130
3778
2802
3441
2980
4048
3850
3570
4070
3785
3206
4115
2854
3861
3717
3915
3949
3687
2820
3665
3120
3776
3585
4054
3349
3205
4079
4085
1598
3159
4135
4257
4036
3234
3973
3485
3177
2945
2783
3423
3383
3005
4187
3849
3552
2787
2382
3404
2681
2243
3643
2860
3288
3300
3243
214
5574
2014
2564
2595
3368
2989
3208
3750
3251
2554
2428
2173
3250
3853
3261
3628
2341
1900
2018
2491
2079
3373
3072
2807
2117
2087
1217
1618
1726
2540
1892
124
5560
2751
2539
3364
1493
1670
1762
2343
2604
1607
1764
1496
1862
204
829
1043
936
862
1316
1131
1150
1443
885
1599
1569
495
5617
2459
2552
1579
1072
1244
2023
2525
1798
1893
1949
1384
1840
2057
1832
1705
1448
1606
1440
1435
1121
1251
1125
1589
1566
1423
1316
1489
1722
1921
1935
1848
1918
1849
1267
866
1336
2065
2320
1659
1628
1252
1779
1589
1901
1443
2008
2330
1814
2681
1917
2486
1854
1393
909
1579
1465
1312
1892
1304
1608
1566
1934
1656
1362
692
1950
1964
1443
2087
2246
2223
