1839
1810
1426
1583
1339
1682
2023
1258
1418
1863
1602
1842
1858
1703
1714
1874
360
2242
1682
1927
1914
1554
1914
2150
2090
1994
2002
1986
1698
1687
1610
1970
1759
1234
1538
2090
2142
1802
1627
2026
2026
1599
1163
1978
1327
1762
1858
2234
2302
1834
1787
1426
1551
1211
1671
1507
1914
1890
2058
2119
1850
2002
1954
1651
1951
1898
1826
1738
1735
1234
1143
826
376
631
976
715
392
31
31
31
31
31
31
31
31
31
31
31
31
23
23
31
31
31
31
31
31
23
23
23
23
23
23
23
23
23
23
23
23
23
23
23
23
23
23
23
23
23
23
23
23
23
23
23
23
19
31
47
31
31
31
31
31
31
31
23
31
31
31
31
31
39
47
408
1404
590
1287
915
887
967
699
887
376
128
56
112
435
1255
1011
1167
1023
875
887
834
1055
967
771
1055
1011
1175
1079
1059
1207
1027
1015
779
1199
1179
1279
907
1191
1171
1463
1195
1623
1522
1402
1527
1075
663
7
1087
923
1511
1179
503
1963
1554
1631
1331
1779
1839
1434
1690
1791
1450
1434
1351
1098
976
759
651
824
631
631
435
688
735
479
355
479
463
327
384
264
88
191
179
280
248
319
240
199
143
143
191
159
199
179
112
104
455
335
376
303
151
232
272
147
528
455
120
232
120
96
1846
1247
976
1255
946
1175
1282
943
495
299
295
431
295
351
327
311
259
416
303
343
623
682
927
712
749
590
919
767
459
272
167
248
167
303
696
818
1607
1594
1722
1567
1090
967
907
1279
1298
1095
591
427
280
607
1114
1751
1450
1826
2055
1298
1187
1279
1315
1383
810
544
368
96
1706
568
520
775
595
743
1658
2002
1983
1706
1491
1639
1499
1252
1301
1619
1007
1090
2071
1234
1127
1155
1031
475
607
663
986
727
280
631
1155
1575
1323
1399
1195
1290
1319
1307
1495
1355
1575
1434
1450
1207
867
1279
1138
1215
663
459
751
735
639
763
1215
1019
743
647
658
1055
623
615
1298
1323
935
688
643
815
672
815
731
1079
867
1111
976
483
735
943
851
1047
1163
1215
899
1183
1298
1247
1179
840
743
962
1247
1075
1167
431
360
467
647
623
851
1503
1242
1359
1138
903
911
507
1191
767
779
976
779
1039
1071
715
832
943
1195
1890
1802
1703
1274
1087
1098
1311
907
1303
1450
1327
1643
1258
1087
719
907
1423
1402
1415
787
1183
1138
1471
1666
1866
1690
1431
1418
1938
1367
1059
688
1039
1266
1771
1783
1666
1858
1898
2231
1651
1818
1450
1967
2362
2098
1418
1730
1671
2346
2786
2538
2629
2890
3034
3266
2781
2367
2274
2549
2530
2250
2402
2311
2010
1890
2082
2138
2098
1826
1935
2306
2610
2450
1499
663
595
1007
1271
1450
1690
1842
2023
1874
1978
1994
1643
2271
2058
1434
887
1163
1986
2060
1509
1635
1651
1591
1090
2114
2343
1802
1923
2026
2282
1842
1951
1706
1290
1575
1475
1570
2482
2370
2082
2127
1874
2162
2322
2098
2170
2298
2058
2058
1695
1554
1562
1839
2178
2154
1914
2722
1546
1255
1090
1479
747
1239
807
826
1826
2274
1391
1554
1743
1059
1434
2426
2370
2474
2386
2322
2071
1826
1771
2922
2826
2354
1931
1578
1495
1619
1810
2402
1842
2274
2394
2394
2410
2111
2138
1818
2058
1970
1671
1858
2178
2634
2770
2426
2685
2394
2410
2255
1874
1594
1538
1735
1418
1538
1879
1762
1450
1807
1090
1319
1307
1546
1815
1562
1243
1663
1315
1655
1003
1351
1035
1538
1671
1514
1602
2039
1426
1538
2047
1754
1714
1874
1962
2015
1442
1339
1759
1146
1868
1573
1530
1690
1935
1706
1514
1983
1355
1290
1039
1146
1159
927
915
1287
995
1479
1146
1119
763
1063
1347
1663
1554
1223
1211
1298
1407
1138
1375
1355
1303
1179
1679
1483
1386
1711
1610
1674
1783
1234
1331
1351
1274
1991
1643
1442
1834
1607
1499
1738
1871
1434
1426
1567
1450
1706
2015
1027
1746
1759
1666
1363
1647
1619
1522
1711
1562
1562
1807
1762
1610
1807
1562
1514
2178
2202
2106
2082
2294
2122
2074
2002
1874
2066
1986
2330
2263
2114
2202
2026
2210
2122
1923
2058
2234
2199
2234
2154
1818
1363
1519
1355
1882
2234
2271
2130
2090
1931
2026
1890
2026
1919
1043
1087
923
1407
875
951
751
715
1223
1530
1911
1570
1234
1807
1682
1682
1643
1511
1274
1367
1059
1695
1682
1514
1679
1450
1211
1847
1538
1514
1679
1434
1459
1671
1434
1682
1783
1666
1730
1623
1578
1802
1810
1983
1754
1619
1802
1807
1627
1483
1927
1722
1754
1651
1895
1874
1738
1779
1903
1578
1450
1127
791
787
927
923
1063
1023
1003
1295
1155
1295
1163
1503
1339
1114
1136
959
451
287
351
568
96
1418
1055
891
647
680
775
707
815
528
575
666
1063
1082
1095
907
1136
1095
978
1231
1122
1247
1138
1455
1114
1031
658
1151
1011
1159
1015
970
1103
923
1000
976
1019
1191
946
1247
1011
1151
739
583
295
248
191
199
183
151
120
120
112
195
503
743
552
479
315
408
360
280
208
183
167
199
256
275
335
327
335
351
264
272
259
224
248
208
136
167
183
208
256
208
208
216
163
159
120
136
112
80
96
80
56
80
128
104
64
47
39
80
88
112
96
31
64
96
64
47
47
47
47
47
47
47
39
31
59
216
199
360
511
639
682
751
647
511
459
424
495
639
666
663
487
520
623
867
783
931
1095
639
619
1095
903
723
1151
544
611
447
295
248
216
104
72
120
128
56
587
1975
1906
1610
1459
1695
1706
1127
1051
1383
666
735
1103
907
1391
1434
1602
1962
1999
1882
1602
1690
1839
1810
1426
1583
1339
1682
2023
1258
1418
1863
1602
1842
1858
1703
1714
1874
360
2242
1682
1927
1914
1554
1914
2150
2090
1994
2002
1986
1698
1687
1610
1970
1759
1234
1538
2090
2142
1802
1627
2026
2026
1599
1163
1978
1327
1762
1858
2234
2302
1834
1787
1426
1551
1211
1671
1507
1914
1890
2058
2119
1850
2002
1954
1651
1951
1898
1826
1738
1735
1234
1143
826
376
631
976
715
392
31
31
31
31
31
31
31
31
31
31
31
31
23
23
31
31
31
31
31
31
23
23
23
23
23
23
23
23
23
23
23
23
23
23
23
23
23
23
23
23
23
23
23
23
23
23
23
23
19
31
47
31
31
31
31
31
31
31
23
31
31
31
31
31
39
47
408
1404
590
1287
915
887
967
699
887
376
128
56
112
435
1255
1011
1167
1023
875
887
834
1055
967
771
1055
1011
1175
1079
1059
1207
1027
1015
779
1199
1179
1279
907
1191
1171
1463
1195
1623
1522
1402
1527
1075
663
7
1087
923
1511
1179
503
1963
1554
1631
1331
1779
1839
1434
1690
1791
1450
1434
1351
1098
976
759
651
824
631
631
435
688
735
479
355
479
463
327
384
264
88
191
179
280
248
319
240
199
143
143
191
159
199
179
112
104
455
335
376
303
151
232
272
147
528
455
120
232
120
96
1846
1247
976
1255
946
1175
1282
943
495
299
295
431
295
351
327
311
259
416
303
343
623
682
927
712
749
590
919
767
459
272
167
248
167
303
696
818
1607
1594
1722
1567
1090
967
907
1279
1298
1095
591
427
280
607
1114
1751
1450
1826
2055
1298
1187
1279
1315
1383
810
544
368
96
1706
568
520
775
595
743
1658
2002
1983
1706
1491
1639
1499
1252
1301
1619
1007
1090
2071
1234
1127
1155
1031
475
607
663
986
727
280
631
1155
1575
1323
1399
1195
1290
1319
1307
1495
1355
1575
1434
1450
1207
867
1279
1138
1215
663
459
751
735
639
763
1215
1019
743
647
658
1055
623
615
1298
1323
935
688
643
815
672
815
731
1079
867
1111
976
483
735
943
851
1047
1163
1215
899
1183
1298
1247
1179
840
743
962
1247
1075
1167
431
360
467
647
623
851
1503
1242
1359
1138
903
911
507
1191
767
779
976
779
1039
1071
715
832
943
1195
1890
1802
1703
1274
1087
1098
1311
907
1303
1450
1327
1643
1258
1087
719
907
1423
1402
1415
787
1183
1138
1471
1666
1866
1690
1431
1418
1938
1367
1059
688
1039
1266
1771
1783
1666
1858
1898
2231
1651
1818
1450
1967
2362
2098
1418
1730
1671
2346
2786
2538
2629
2890
3034
3266
2781
2367
2274
2549
2530
2250
2402
2311
2010
1890
2082
2138
2098
1826
1935
2306
2610
2450
1499
663
595
1007
1271
1450
1690
1842
2023
1874
1978
1994
1643
2271
2058
1434
887
1163
1986
2060
1509
1635
1651
1591
1090
2114
2343
1802
1923
2026
2282
1842
1951
1706
1290
1575
1475
1570
2482
2370
2082
2127
1874
2162
2322
2098
2170
2298
2058
2058
1695
1554
1562
1839
2178
2154
1914
2722
1546
1255
1090
1479
747
1239
807
826
1826
2274
1391
1554
1743
1059
1434
2426
2370
2474
2386
2322
2071
1826
1771
2922
2826
2354
1931
1578
1495
1619
1810
2402
1842
2274
2394
2394
2410
2111
2138
1818
2058
1970
1671
1858
2178
2634
2770
2426
2685
2394
2410
2255
1874
1594
1538
1735
1418
1538
1879
1762
1450
1807
1090
1319
1307
1546
1815
1562
1243
1663
1315
1655
1003
1351
1035
1538
1671
1514
1602
2039
1426
1538
2047
1754
1714
1874
1962
2015
1442
1339
1759
1146
1868
1573
1530
1690
1935
1706
1514
1983
1355
1290
1039
1146
1159
927
915
1287
995
1479
1146
1119
763
1063
1347
1663
1554
1223
1211
1298
1407
1138
1375
1355
1303
1179
1679
1483
1386
1711
1610
1674
1783
1234
1331
1351
1274
1991
1643
1442
1834
1607
1499
1738
1871
1434
1426
1567
1450
1706
2015
1027
1746
1759
1666
1363
1647
1619
1522
1711
1562
1562
1807
1762
1610
1807
1562
1514
2178
2202
2106
2082
2294
2122
2074
2002
1874
2066
1986
2330
2263
2114
2202
2026
2210
2122
1923
2058
2234
2199
2234
2154
1818
1363
1519
1355
1882
2234
2271
2130
2090
1931
2026
1890
2026
1919
1043
1087
923
1407
875
951
751
715
1223
1530
1911
1570
1234
1807
1682
1682
1643
1511
1274
1367
1059
1695
1682
1514
1679
1450
1211
1847
1538
1514
1679
1434
1459
1671
1434
1682
1783
1666
1730
1623
1578
1802
1810
1983
1754
1619
1802
1807
1627
1483
1927
1722
1754
1651
1895
1874
1738
1779
1903
1578
1450
1127
791
787
927
923
1063
1023
1003
1295
1155
1295
1163
1503
1339
1114
1136
959
451
287
351
568
96
1418
1055
891
647
680
775
707
815
528
575
666
1063
1082
1095
907
1136
1095
978
1231
1122
1247
1138
1455
1114
1031
658
1151
1011
1159
1015
970
1103
923
1000
976
1019
1191
946
1247
1011
1151
739
583
295
248
191
199
183
151
120
120
112
195
503
743
552
479
315
408
360
280
208
183
167
199
256
275
335
327
335
351
264
272
259
224
248
208
136
167
183
208
256
208
208
216
163
159
120
136
112
80
96
80
56
80
128
104
64
47
39
80
88
112
96
31
64
96
64
47
47
47
47
47
47
47
39
31
59
216
199
360
511
639
682
751
647
511
459
424
495
639
666
663
487
520
623
867
783
931
1095
639
619
1095
903
723
1151
544
611
447
295
248
216
104
72
120
128
56
587
1975
1906
1610
1459
1695
1706
1127
1051
1383
666
735
1103
907
1391
1434
1602
1962
1999
1882
1602
1690
1839
1810
1426
1583
1339
1682
2023
1258
1418
1863
1602
1842
1858
1703
1714
1874
360
2242
1682
1927
1914
1554
1914
2150
2090
1994
2002
1986
1698
1687
1610
1970
1759
1234
1538
2090
2142
1802
1627
2026
2026
1599
1163
1978
1327
1762
1858
2234
2302
1834
1787
1426
1551
1211
1671
1507
1914
1890
2058
2119
1850
2002
1954
1651
1951
1898
1826
1738
1735
1234
1143
826
376
631
976
715
392
31
31
31
31
31
31
31
31
31
31
31
31
23
23
31
31
31
31
31
31
23
23
23
23
23
23
23
23
23
23
23
23
23
23
23
23
23
23
23
23
23
23
23
23
23
23
23
23
19
31
47
31
31
31
31
31
31
31
23
31
31
31
31
31
39
47
408
1404
590
1287
915
887
967
699
887
376
128
56
112
435
1255
1011
1167
1023
875
887
834
1055
967
771
1055
1011
1175
1079
1059
1207
1027
1015
779
1199
1179
1279
907
1191
1171
1463
1195
1623
1522
1402
1527
1075
663
7
1087
923
1511
1179
503
1963
1554
1631
1331
1779
1839
1434
1690
1791
1450
1434
1351
1098
976
759
651
824
631
631
435
688
735
479
355
479
463
327
384
264
88
191
179
280
248
319
240
199
143
143
191
159
199
179
112
104
455
335
376
303
151
232
272
147
528
455
120
232
120
96
1846
1247
976
1255
946
1175
1282
943
495
299
295
431
295
351
327
311
259
416
303
343
623
682
927
712
749
590
919
767
459
272
167
248
167
303
696
818
1607
1594
1722
1567
1090
967
907
1279
1298
1095
591
427
280
607
1114
1751
1450
1826
2055
1298
1187
1279
1315
1383
810
544
368
96
1706
568
520
775
595
743
1658
2002
1983
1706
1491
1639
1499
1252
1301
1619
1007
1090
2071
1234
1127
1155
1031
475
607
663
986
727
280
631
1155
1575
1323
1399
1195
1290
1319
1307
1495
1355
1575
1434
1450
1207
867
1279
1138
1215
663
459
751
735
639
763
1215
1019
743
647
658
1055
623
615
1298
1323
935
688
643
815
672
815
731
1079
867
1111
976
483
735
943
851
1047
1163
1215
899
1183
1298
1247
1179
840
743
962
1247
1075
1167
431
360
467
647
623
851
1503
1242
1359
1138
903
911
507
1191
767
779
976
779
1039
1071
715
832
943
1195
1890
1802
1703
1274
1087
1098
1311
907
1303
1450
1327
1643
1258
1087
719
907
1423
1402
1415
787
1183
1138
1471
1666
1866
1690
1431
1418
1938
1367
1059
688
1039
1266
1771
1783
1666
1858
1898
2231
1651
1818
1450
1967
2362
2098
1418
1730
1671
2346
2786
2538
2629
2890
3034
3266
2781
2367
2274
2549
2530
2250
2402
2311
2010
1890
2082
2138
2098
1826
1935
2306
2610
2450
1499
663
595
1007
1271
1450
1690
1842
2023
1874
1978
1994
1643
2271
2058
1434
887
1163
1986
2060
1509
1635
1651
1591
1090
2114
2343
1802
1923
2026
2282
1842
1951
1706
1290
1575
1475
1570
2482
2370
2082
2127
1874
2162
2322
2098
2170
2298
2058
2058
1695
1554
1562
1839
2178
2154
1914
2722
1546
1255
1090
1479
747
1239
807
826
1826
2274
1391
1554
1743
1059
1434
2426
2370
2474
2386
2322
2071
1826
1771
2922
2826
2354
1931
1578
1495
1619
1810
2402
1842
2274
2394
2394
2410
2111
2138
1818
2058
1970
1671
1858
2178
2634
2770
2426
2685
2394
2410
2255
1874
1594
1538
1735
1418
1538
1879
1762
1450
1807
1090
1319
1307
1546
1815
1562
1243
1663
1315
1655
1003
1351
1035
1538
1671
1514
1602
2039
1426
1538
2047
1754
1714
1874
1962
2015
1442
1339
1759
1146
1868
1573
1530
1690
1935
1706
1514
1983
1355
1290
1039
1146
1159
927
915
1287
995
1479
1146
1119
763
1063
1347
1663
1554
1223
1211
1298
1407
1138
1375
1355
1303
1179
1679
1483
1386
1711
1610
1674
1783
1234
1331
1351
1274
1991
1643
1442
1834
1607
1499
1738
1871
1434
1426
1567
1450
1706
2015
1027
1746
1759
1666
1363
1647
1619
1522
1711
1562
1562
1807
1762
1610
1807
1562
1514
