427
284
244
195
220
277
300
267
228
194
186
164
185
177
229
217
131
267
202
202
255
273
251
253
275
390
199
149
171
230
205
182
212
195
162
201
257
358
370
296
169
288
314
241
166
191
261
282
297
247
279
257
233
163
195
249
235
311
352
233
279
266
373
374
360
348
284
319
227
296
302
282
296
172
216
174
255
164
147
228
234
312
239
242
244
177
252
253
233
174
132
193
202
211
212
207
251
213
178
239
242
288
287
172
143
286
239
290
232
212
287
221
200
154
123
159
170
142
190
187
188
205
181
192
135
210
163
135
95
115
116
105
93
162
189
221
237
157
102
129
124
91
178
195
225
209
137
138
168
138
82
75
82
104
127
116
84
52
67
45
183
109
109
93
97
35
37
64
52
58
64
56
53
71
67
78
52
86
67
34
45
43
78
52
94
172
127
141
109
60
71
37
41
30
18
13
22
49
34
30
22
15
12
22
18
18
30
18
26
37
61
56
49
28
49
37
15
90
34
30
11
160
86
32
22
15
18
18
26
30
38
200
224
397
309
198
201
163
105
111
190
147
157
154
175
174
153
115
178
209
230
310
266
340
389
389
340
277
371
406
327
308
313
310
285
287
244
126
165
278
410
290
236
280
266
108
180
147
187
96
127
185
345
225
305
219
268
239
307
453
429
384
353
285
409
362
197
67
91
90
77
82
62
265
317
301
261
208
237
273
247
238
211
319
377
392
251
316
369
453
404
519
376
574
483
452
432
309
367
406
434
431
420
410
403
438
394
340
392
315
364
334
377
380
209
307
370
262
282
336
272
296
229
228
199
162
112
176
134
183
167
350
306
294
291
332
472
238
138
126
180
84
101
74
71
93
87
67
56
41
18
131
229
139
191
145
127
60
156
339
321
333
342
380
379
386
413
460
360
452
387
302
310
166
180
360
353
347
332
294
247
295
291
338
307
274
244
461
338
367
399
429
353
485
394
519
219
320
288
452
424
349
505
354
364
326
348
369
398
473
433
404
415
390
329
395
455
361
315
396
381
353
343
374
539
364
232
329
409
247
254
283
204
406
501
400
173
289
181
231
120
255
182
297
198
318
230
339
292
269
312
289
319
303
274
123
192
191
140
303
314
327
408
392
399
391
326
392
374
350
321
341
343
350
340
317
355
366
330
366
368
332
357
341
338
380
399
279
382
387
288
417
264
420
435
363
378
367
401
251
433
417
377
209
311
322
390
392
394
278
185
339
75
97
148
174
211
219
234
246
275
299
53
419
690
419
507
466
479
575
513
556
560
478
378
546
398
575
580
251
524
434
495
585
497
486
515
522
574
513
581
613
461
667
543
647
482
461
441
630
600
625
287
538
471
536
474
554
650
575
344
432
566
499
391
546
428
593
679
466
473
617
584
537
610
475
504
555
503
548
456
431
362
522
398
237
77
297
257
262
303
364
395
354
319
275
271
358
465
367
451
524
525
469
453
474
488
361
452
433
386
407
437
387
398
395
45
120
120
166
186
310
528
396
506
509
429
508
488
480
443
449
389
452
531
585
430
472
449
493
475
499
383
447
444
499
523
614
432
373
371
366
331
414
370
318
326
366
396
416
478
249
398
351
467
370
562
448
341
414
411
447
494
412
491
386
380
466
378
333
375
244
168
136
305
384
306
238
344
225
295
215
131
379
75
189
307
337
389
381
356
396
302
380
555
602
522
232
124
174
200
247
107
169
356
427
415
404
401
460
488
508
479
385
266
425
460
473
506
370
402
382
357
324
400
461
389
478
455
293
191
196
264
259
256
159
167
214
282
244
164
37
159
174
160
373
315
348
378
410
332
248
199
178
227
261
297
351
282
243
45
160
64
6
207
105
52
352
350
436
411
337
276
313
288
241
177
109
144
174
136
144
257
302
385
327
339
326
352
287
306
254
329
242
373
536
412
561
443
597
523
551
547
560
532
521
309
530
457
601
548
543
472
548
606
373
399
522
511
515
593
656
688
562
325
338
325
355
420
475
566
466
673
485
568
566
600
537
484
521
538
541
520
574
381
536
464
518
329
339
253
260
233
332
367
345
309
344
277
364
294
345
307
348
396
353
360
317
302
347
412
416
465
545
525
459
584
526
461
531
515
427
547
461
506
639
598
449
325
375
384
460
548
541
448
404
407
352
304
317
377
265
304
328
395
238
235
155
115
93
65
56
64
90
157
142
154
114
127
96
105
93
80
93
86
172
65
67
56
131
142
199
60
98
172
202
231
234
161
164
212
242
260
269
231
275
229
291
244
182
266
272
234
217
275
210
217
172
101
122
128
104
157
217
352
290
274
204
259
213
178
133
131
53
75
67
67
93
71
109
55
291
142
45
163
169
147
170
255
226
196
179
225
176
210
242
201
190
151
188
178
228
218
172
216
284
273
360
337
323
291
234
297
283
307
371
318
286
364
287
301
292
380
358
308
309
304
340
353
412
246
601
458
593
261
367
248
380
367
227
265
185
255
237
225
197
223
223
227
237
351
558
407
579
473
382
245
191
335
290
289
312
274
374
338
326
402
350
306
356
369
324
285
305
356
368
345
308
320
242
420
390
404
246
288
478
396
391
407
391
304
431
382
271
337
394
346
375
342
353
456
325
271
298
266
74
112
130
106
82
42
153
58
86
74
112
64
52
18
18
38
124
77
64
78
83
120
111
135
168
195
199
124
254
339
276
258
256
127
144
212
126
148
157
130
50
112
52
97
214
237
210
254
211
306
259
258
277
244
155
93
195
209
105
101
105
90
306
308
349
477
323
419
338
265
359
405
455
344
366
364
241
325
339
270
229
381
334
473
401
356
341
238
282
361
369
339
217
248
260
314
342
350
411
338
236
374
380
328
179
228
292
274
360
322
277
302
244
320
338
293
345
280
427
284
244
195
220
277
300
267
228
194
186
164
185
177
229
217
131
267
202
202
255
273
251
253
275
390
199
149
171
230
205
182
212
195
162
201
257
358
370
296
169
288
314
241
166
191
261
282
297
247
279
257
233
163
195
249
235
311
352
233
279
266
373
374
360
348
284
319
227
296
302
282
296
172
216
174
255
164
147
228
234
312
239
242
244
177
252
253
233
174
132
193
202
211
212
207
251
213
178
239
242
288
287
172
143
286
239
290
232
212
287
221
200
154
123
159
170
142
190
187
188
205
181
192
135
210
163
135
95
115
116
105
93
162
189
221
237
157
102
129
124
91
178
195
225
209
137
138
168
138
82
75
82
104
127
116
84
52
67
45
183
109
109
93
97
35
37
64
52
58
64
56
53
71
67
78
52
86
67
34
45
43
78
52
94
172
127
141
109
60
71
37
41
30
18
13
22
49
34
30
22
15
12
22
18
18
30
18
26
37
61
56
49
28
49
37
15
90
34
30
11
160
86
32
22
15
18
18
26
30
38
200
224
397
309
198
201
163
105
111
190
147
157
154
175
174
153
115
178
209
230
310
266
340
389
389
340
277
371
406
327
308
313
310
285
287
244
126
165
278
410
290
236
280
266
108
180
147
187
96
127
185
345
225
305
219
268
239
307
453
429
384
353
285
409
362
197
67
91
90
77
82
62
265
317
301
261
208
237
273
247
238
211
319
377
392
251
316
369
453
404
519
376
574
483
452
432
309
367
406
434
431
420
410
403
438
394
340
392
315
364
334
377
380
209
307
370
262
282
336
272
296
229
228
199
162
112
176
134
183
167
350
306
294
291
332
472
238
138
126
180
84
101
74
71
93
87
67
56
41
18
131
229
139
191
145
127
60
156
339
321
333
342
380
379
386
413
460
360
452
387
302
310
166
180
360
353
347
332
294
247
295
291
338
307
274
244
461
338
367
399
429
353
485
394
519
219
320
288
452
424
349
505
354
364
326
348
369
398
473
433
404
415
390
329
395
455
361
315
396
381
353
343
374
539
364
232
329
409
247
254
283
204
406
501
400
173
289
181
231
120
255
182
297
198
318
230
339
292
269
312
289
319
303
274
123
192
191
140
303
314
327
408
392
399
391
326
392
374
350
321
341
343
350
340
317
355
366
330
366
368
332
357
341
338
380
399
279
382
387
288
417
264
420
435
363
378
367
401
251
433
417
377
209
311
322
390
392
394
278
185
339
75
97
148
174
211
219
234
246
275
299
53
419
690
419
507
466
479
575
513
556
560
478
378
546
398
575
580
251
524
434
495
585
497
486
515
522
574
513
581
613
461
667
543
647
482
461
441
630
600
625
287
538
471
536
474
554
650
575
344
432
566
499
391
546
428
593
679
466
473
617
584
537
610
475
504
555
503
548
456
431
362
522
398
237
77
297
257
262
303
364
395
354
319
275
271
358
465
367
451
524
525
469
453
474
488
361
452
433
386
407
437
387
398
395
45
120
120
166
186
310
528
396
506
509
429
508
488
480
443
449
389
452
531
585
430
472
449
493
475
499
383
447
444
499
523
614
432
373
371
366
331
414
370
318
326
366
396
416
478
249
398
351
467
370
562
448
341
414
411
447
494
412
491
386
380
466
378
333
375
244
168
136
305
384
306
238
344
225
295
215
131
379
75
189
307
337
389
381
356
396
302
380
555
602
522
232
124
174
200
247
107
169
356
427
415
404
401
460
488
508
479
385
266
425
460
473
506
370
402
382
357
324
400
461
389
478
455
293
191
196
264
259
256
159
167
214
282
244
164
37
159
174
160
373
315
348
378
410
332
248
199
178
227
261
297
351
282
243
45
160
64
6
207
105
52
352
350
436
411
337
276
313
288
241
177
109
144
174
136
144
257
302
385
327
339
326
352
287
306
254
329
242
373
536
412
561
443
597
523
551
547
560
532
521
309
530
457
601
548
543
472
548
606
373
399
522
511
515
593
656
688
562
325
338
325
355
420
475
566
466
673
485
568
566
600
537
484
521
538
541
520
574
381
536
464
518
329
339
253
260
233
332
367
345
309
344
277
364
294
345
307
348
396
353
360
317
302
347
412
416
465
545
525
459
584
526
461
531
515
427
547
461
506
639
598
449
325
375
384
460
548
541
448
404
407
352
304
317
377
265
304
328
395
238
235
155
115
93
65
56
64
90
157
142
154
114
127
96
105
93
80
93
86
172
65
67
56
131
142
199
60
98
172
202
231
234
161
164
212
242
260
269
231
275
229
291
244
182
266
272
234
217
275
210
217
172
101
122
128
104
157
217
352
290
274
204
259
213
178
133
131
53
75
67
67
93
71
109
55
291
142
45
163
169
147
170
255
226
196
179
225
176
210
242
201
190
151
188
178
228
218
172
216
284
273
360
337
323
291
234
297
283
307
371
318
286
364
287
301
292
380
358
308
309
304
340
353
412
246
601
458
593
261
367
248
380
367
227
265
185
255
237
225
197
223
223
227
237
351
558
407
579
473
382
245
191
335
290
289
312
274
374
338
326
402
350
306
356
369
324
285
305
356
368
345
308
320
242
420
390
404
246
288
478
396
391
407
391
304
431
382
271
337
394
346
375
342
353
456
325
271
298
266
74
112
130
106
82
42
153
58
86
74
112
64
52
18
18
38
124
77
64
78
83
120
111
135
168
195
199
124
254
339
276
258
256
127
144
212
126
148
157
130
50
112
52
97
214
237
210
254
211
306
259
258
277
244
155
93
195
209
105
101
105
90
306
308
349
477
323
419
338
265
359
405
455
344
366
364
241
325
339
270
229
381
334
473
401
356
341
238
282
361
369
339
217
248
260
314
342
350
411
338
236
374
380
328
179
228
292
274
360
322
277
302
244
320
338
293
345
280
427
284
244
195
220
277
300
267
228
194
186
164
185
177
229
217
131
267
202
202
255
273
251
253
275
390
199
149
171
230
205
182
212
195
162
201
257
358
370
296
169
288
314
241
166
191
261
282
297
247
279
257
233
163
195
249
235
311
352
233
279
266
373
374
360
348
284
319
227
296
302
282
296
172
216
174
255
164
147
228
234
312
239
242
244
177
252
253
233
174
132
193
202
211
212
207
251
213
178
239
242
288
287
172
143
286
239
290
232
212
287
221
200
154
123
159
170
142
190
187
188
205
181
192
135
210
163
135
95
115
116
105
93
162
189
221
237
157
102
129
124
91
178
195
225
209
137
138
168
138
82
75
82
104
127
116
84
52
67
45
183
109
109
93
97
35
37
64
52
58
64
56
53
71
67
78
52
86
67
34
45
43
78
52
94
172
127
141
109
60
71
37
41
30
18
13
22
49
34
30
22
15
12
22
18
18
30
18
26
37
61
56
49
28
49
37
15
90
34
30
11
160
86
32
22
15
18
18
26
30
38
200
224
397
309
198
201
163
105
111
190
147
157
154
175
174
153
115
178
209
230
310
266
340
389
389
340
277
371
406
327
308
313
310
285
287
244
126
165
278
410
290
236
280
266
108
180
147
187
96
127
185
345
225
305
219
268
239
307
453
429
384
353
285
409
362
197
67
91
90
77
82
62
265
317
301
261
208
237
273
247
238
211
319
377
392
251
316
369
453
404
519
376
574
483
452
432
309
367
406
434
431
420
410
403
438
394
340
392
315
364
334
377
380
209
307
370
262
282
336
272
296
229
228
199
162
112
176
134
183
167
350
306
294
291
332
472
238
138
126
180
84
101
74
71
93
87
67
56
41
18
131
229
139
191
145
127
60
156
339
321
333
342
380
379
386
413
460
360
452
387
302
310
166
180
360
353
347
332
294
247
295
291
338
307
274
244
461
338
367
399
429
353
485
394
519
219
320
288
452
424
349
505
354
364
326
348
369
398
473
433
404
415
390
329
395
455
361
315
396
381
353
343
374
539
364
232
329
409
247
254
283
204
406
501
400
173
289
181
231
120
255
182
297
198
318
230
339
292
269
312
289
319
303
274
123
192
191
140
303
314
327
408
392
399
391
326
392
374
350
321
341
343
350
340
317
355
366
330
366
368
332
357
341
338
380
399
279
382
387
288
417
264
420
435
363
378
367
401
251
433
417
377
209
311
322
390
392
394
278
185
339
75
97
148
174
211
219
234
246
275
299
53
