1003
651
975
1020
943
734
912
947
889
965
869
784
726
823
896
654
799
726
779
669
550
606
788
775
732
686
700
931
828
471
852
914
842
908
756
743
496
729
742
632
694
853
815
998
873
805
988
893
749
718
895
911
875
955
882
861
974
801
782
895
996
850
726
892
958
1298
874
933
954
743
863
802
789
857
852
903
873
799
682
673
787
1025
669
749
743
799
890
763
736
579
600
903
878
525
828
598
209
566
578
512
567
390
281
301
390
438
204
581
346
297
455
582
223
350
176
151
183
247
152
399
216
518
383
247
165
207
183
149
310
109
231
201
367
256
237
263
263
189
249
318
172
199
231
101
239
173
175
183
104
191
199
116
191
120
111
294
134
175
125
191
128
71
103
380
453
463
511
556
732
890
484
605
489
558
464
377
393
409
434
187
208
151
95
600
181
39
71
406
279
383
475
425
42
729
520
262
308
391
305
271
300
154
191
183
222
414
573
428
401
271
213
344
479
355
314
223
183
176
565
549
463
502
396
345
342
497
352
259
206
294
318
388
246
208
207
152
191
135
223
201
223
133
215
178
199
167
115
87
103
79
129
355
151
79
167
87
175
143
122
128
277
207
409
271
127
643
557
595
305
151
363
103
103
143
262
639
646
646
321
315
482
361
375
318
250
321
279
173
302
275
219
326
428
694
548
675
790
702
835
800
861
896
896
936
836
355
622
842
984
788
869
1014
1096
757
690
697
780
740
786
817
982
863
458
474
397
523
416
422
447
442
619
712
434
532
377
493
572
455
429
638
601
459
318
361
460
497
426
520
535
536
547
428
592
634
648
532
663
591
699
724
572
764
726
747
823
627
652
745
834
852
949
969
898
568
549
671
773
794
661
840
938
853
630
676
877
835
806
802
740
654
580
591
951
765
880
616
775
822
822
864
1086
670
745
935
784
821
861
991
842
665
652
281
847
691
763
766
656
726
838
631
683
670
524
342
302
239
528
756
760
870
620
838
842
635
1023
627
651
653
816
993
792
933
830
838
867
876
809
474
782
904
656
894
647
903
931
877
945
808
920
856
957
958
850
761
7
702
1277
1084
159
231
401
454
732
672
974
872
867
999
1039
1076
748
566
609
536
297
184
326
165
159
189
348
408
326
265
215
401
615
394
143
111
103
71
259
279
510
672
485
407
283
277
375
453
359
358
331
238
442
361
230
312
310
346
311
175
175
305
480
444
181
334
562
658
601
571
565
596
482
518
502
534
595
474
239
110
541
730
551
565
682
578
372
612
796
619
889
781
391
634
864
683
728
734
880
782
933
1143
938
579
557
523
780
819
611
415
306
573
484
456
329
767
900
752
787
794
606
579
923
693
796
690
796
515
510
600
633
424
458
414
326
520
592
566
608
404
610
618
630
740
741
657
465
281
223
622
683
684
718
718
832
802
582
640
481
600
439
323
619
709
634
421
491
334
209
247
404
506
546
579
469
595
662
671
724
651
667
667
632
389
637
643
667
640
648
453
732
714
635
741
774
820
812
877
855
839
770
643
431
275
399
383
303
434
331
258
361
195
627
567
495
286
211
590
827
791
640
847
1054
807
1049
777
839
767
602
573
769
732
652
799
1132
847
769
766
783
728
753
869
618
665
535
571
465
291
807
771
719
726
655
515
661
802
717
521
255
95
69
709
869
808
684
997
1006
799
651
649
630
477
428
374
369
469
726
520
643
741
539
880
715
850
775
752
715
577
463
234
270
364
279
15
429
400
397
379
922
987
1000
947
1067
1026
858
1247
928
681
547
39
63
463
346
444
317
571
792
950
1065
1131
919
1187
984
878
810
955
864
981
847
929
1006
944
802
849
522
241
159
555
882
1000
1054
813
662
608
610
493
395
365
409
428
410
450
286
205
236
294
382
407
273
271
93
861
952
828
790
799
579
673
833
873
418
579
648
582
383
305
357
175
175
149
423
337
227
282
302
211
202
199
130
167
164
247
167
167
133
175
129
193
79
79
87
58
215
134
95
63
55
31
63
51
55
23
23
207
52
167
128
106
159
136
76
87
15
263
47
55
85
318
215
155
231
221
255
134
103
111
71
92
120
151
111
207
164
364
538
437
392
450
359
190
269
469
526
247
153
167
107
151
168
316
393
477
458
866
699
561
681
772
1081
1121
1152
885
832
751
644
779
641
834
734
864
1088
1147
984
1067
938
837
900
873
812
705
756
799
784
832
741
1129
954
817
926
1087
1084
928
1030
947
982
912
819
1019
844
646
725
823
815
692
708
720
753
834
747
978
832
943
595
968
625
751
885
912
1045
981
1037
968
1183
1066
941
397
240
207
281
759
976
943
848
892
745
762
834
772
831
933
919
581
802
711
745
1011
1114
850
847
796
702
742
537
858
741
750
435
334
262
181
151
143
250
498
755
805
600
890
734
579
616
863
925
884
589
803
613
778
701
759
329
412
317
532
548
608
502
378
294
71
207
317
401
707
815
793
823
783
1056
1048
871
660
663
702
770
662
971
694
863
675
542
731
683
611
693
641
614
721
756
598
395
513
469
324
431
658
642
427
490
440
558
301
317
151
239
239
171
415
520
697
689
758
662
639
856
814
779
774
777
781
789
901
773
912
896
893
982
960
669
947
920
965
920
1044
1104
732
1048
950
747
944
960
1029
1114
1016
920
996
831
1008
912
1006
957
985
965
923
740
1026
1004
693
841
474
857
855
793
604
753
740
560
749
530
739
638
595
706
758
801
828
831
976
936
931
1003
651
975
1020
943
734
912
947
889
965
869
784
726
823
896
654
799
726
779
669
550
606
788
775
732
686
700
931
828
471
852
914
842
908
756
743
496
729
742
632
694
853
815
998
873
805
988
893
749
718
895
911
875
955
882
861
974
801
782
895
996
850
726
892
958
1298
874
933
954
743
863
802
789
857
852
903
873
799
682
673
787
1025
669
749
743
799
890
763
736
579
600
903
878
525
828
598
209
566
578
512
567
390
281
301
390
438
204
581
346
297
455
582
223
350
176
151
183
247
152
399
216
518
383
247
165
207
183
149
310
109
231
201
367
256
237
263
263
189
249
318
172
199
231
101
239
173
175
183
104
191
199
116
191
120
111
294
134
175
125
191
128
71
103
380
453
463
511
556
732
890
484
605
489
558
464
377
393
409
434
187
208
151
95
600
181
39
71
406
279
383
475
425
42
729
520
262
308
391
305
271
300
154
191
183
222
414
573
428
401
271
213
344
479
355
314
223
183
176
565
549
463
502
396
345
342
497
352
259
206
294
318
388
246
208
207
152
191
135
223
201
223
133
215
178
199
167
115
87
103
79
129
355
151
79
167
87
175
143
122
128
277
207
409
271
127
643
557
595
305
151
363
103
103
143
262
639
646
646
321
315
482
361
375
318
250
321
279
173
302
275
219
326
428
694
548
675
790
702
835
800
861
896
896
936
836
355
622
842
984
788
869
1014
1096
757
690
697
780
740
786
817
982
863
458
474
397
523
416
422
447
442
619
712
434
532
377
493
572
455
429
638
601
459
318
361
460
497
426
520
535
536
547
428
592
634
648
532
663
591
699
724
572
764
726
747
823
627
652
745
834
852
949
969
898
568
549
671
773
794
661
840
938
853
630
676
877
835
806
802
740
654
580
591
951
765
880
616
775
822
822
864
1086
670
745
935
784
821
861
991
842
665
652
281
847
691
763
766
656
726
838
631
683
670
524
342
302
239
528
756
760
870
620
838
842
635
1023
627
651
653
816
993
792
933
830
838
867
876
809
474
782
904
656
894
647
903
931
877
945
808
920
856
957
958
850
761
7
702
1277
1084
159
231
401
454
732
672
974
872
867
999
1039
1076
748
566
609
536
297
184
326
165
159
189
348
408
326
265
215
401
615
394
143
111
103
71
259
279
510
672
485
407
283
277
375
453
359
358
331
238
442
361
230
312
310
346
311
175
175
305
480
444
181
334
562
658
601
571
565
596
482
518
502
534
595
474
239
110
541
730
551
565
682
578
372
612
796
619
889
781
391
634
864
683
728
734
880
782
933
1143
938
579
557
523
780
819
611
415
306
573
484
456
329
767
900
752
787
794
606
579
923
693
796
690
796
515
510
600
633
424
458
414
326
520
592
566
608
404
610
618
630
740
741
657
465
281
223
622
683
684
718
718
832
802
582
640
481
600
439
323
619
709
634
421
491
334
209
247
404
506
546
579
469
595
662
671
724
651
667
667
632
389
637
643
667
640
648
453
732
714
635
741
774
820
812
877
855
839
770
643
431
275
399
383
303
434
331
258
361
195
627
567
495
286
211
590
827
791
640
847
1054
807
1049
777
839
767
602
573
769
732
652
799
1132
847
769
766
783
728
753
869
618
665
535
571
465
291
807
771
719
726
655
515
661
802
717
521
255
95
69
709
869
808
684
997
1006
799
651
649
630
477
428
374
369
469
726
520
643
741
539
880
715
850
775
752
715
577
463
234
270
364
279
15
429
400
397
379
922
987
1000
947
1067
1026
858
1247
928
681
547
39
63
463
346
444
317
571
792
950
1065
1131
919
1187
984
878
810
955
864
981
847
929
1006
944
802
849
522
241
159
555
882
1000
1054
813
662
608
610
493
395
365
409
428
410
450
286
205
236
294
382
407
273
271
93
861
952
828
790
799
579
673
833
873
418
579
648
582
383
305
357
175
175
149
423
337
227
282
302
211
202
199
130
167
164
247
167
167
133
175
129
193
79
79
87
58
215
134
95
63
55
31
63
51
55
23
23
207
52
167
128
106
159
136
76
87
15
263
47
55
85
318
215
155
231
221
255
134
103
111
71
92
120
151
111
207
164
364
538
437
392
450
359
190
269
469
526
247
153
167
107
151
168
316
393
477
458
866
699
561
681
772
1081
1121
1152
885
832
751
644
779
641
834
734
864
1088
1147
984
1067
938
837
900
873
812
705
756
799
784
832
741
1129
954
817
926
1087
1084
928
1030
947
982
912
819
1019
844
646
725
823
815
692
708
720
753
834
747
978
832
943
595
968
625
751
885
912
1045
981
1037
968
1183
1066
941
397
240
207
281
759
976
943
848
892
745
762
834
772
831
933
919
581
802
711
745
1011
1114
850
847
796
702
742
537
858
741
750
435
334
262
181
151
143
250
498
755
805
600
890
734
579
616
863
925
884
589
803
613
778
701
759
329
412
317
532
548
608
502
378
294
71
207
317
401
707
815
793
823
783
1056
1048
871
660
663
702
770
662
971
694
863
675
542
731
683
611
693
641
614
721
756
598
395
513
469
324
431
658
642
427
490
440
558
301
317
151
239
239
171
415
520
697
689
758
662
639
856
814
779
774
777
781
789
901
773
912
896
893
982
960
669
947
920
965
920
1044
1104
732
1048
950
747
944
960
1029
1114
1016
920
996
831
1008
912
1006
957
985
965
923
740
1026
1004
693
841
474
857
855
793
604
753
740
560
749
530
739
638
595
706
758
801
828
831
976
936
931
1003
651
975
1020
943
734
912
947
889
965
869
784
726
823
896
654
799
726
779
669
550
606
788
775
732
686
700
931
828
471
852
914
842
908
756
743
496
729
742
632
694
853
815
998
873
805
988
893
749
718
895
911
875
955
882
861
974
801
782
895
996
850
726
892
958
1298
874
933
954
743
863
802
789
857
852
903
873
799
682
673
787
1025
669
749
743
799
890
763
736
579
600
903
878
525
828
598
209
566
578
512
567
390
281
301
390
438
204
581
346
297
455
582
223
350
176
151
183
247
152
399
216
518
383
247
165
207
183
149
310
109
231
201
367
256
237
263
263
189
249
318
172
199
231
101
239
173
175
183
104
191
199
116
191
120
111
294
134
175
125
191
128
71
103
380
453
463
511
556
732
890
484
605
489
558
464
377
393
409
434
187
208
151
95
600
181
39
71
406
279
383
475
425
42
729
520
262
308
391
305
271
300
154
191
183
222
414
573
428
401
271
213
344
479
355
314
223
183
176
565
549
463
502
396
345
342
497
352
259
206
294
318
388
246
208
207
152
191
135
223
201
223
133
215
178
199
167
115
87
103
79
129
355
151
79
167
87
175
143
122
128
277
207
409
271
127
643
557
595
305
151
363
103
103
143
262
639
646
646
321
315
482
361
375
318
250
321
279
173
302
275
219
326
428
694
548
675
790
702
835
800
861
896
896
936
836
355
622
842
984
788
869
1014
1096
757
690
697
780
740
786
817
982
863
458
474
397
523
416
422
447
442
619
712
434
532
377
493
572
455
429
638
601
459
318
361
460
497
426
520
535
536
547
428
592
634
648
532
663
591
699
724
572
764
726
747
823
627
652
745
834
852
949
969
898
568
549
671
773
794
661
840
938
853
630
676
877
835
806
802
740
654
580
591
951
765
880
616
775
822
822
864
1086
670
745
935
784
821
861
991
842
665
652
281
847
691
763
766
656
726
838
631
683
670
524
342
302
239
528
756
760
870
620
838
842
635
1023
627
651
653
816
993
792
933
830
838
867
876
809
474
782
904
656
894
647
903
931
877
945
808
920
856
957
958
850
761
