278
2582
2857
2483
2370
2396
1738
2018
2499
2619
1255
1738
1943
1747
1150
914
1071
525
525
446
1268
1012
682
846
907
632
606
597
391
501
492
741
501
501
400
525
387
579
238
238
262
175
645
402
286
190
166
94
190
153
166
70
70
621
155
501
383
319
477
407
227
262
46
789
142
166
256
955
645
466
693
662
765
402
310
334
214
275
359
453
332
621
492
1091
1613
1312
1176
1351
1076
571
807
1406
1578
741
459
501
321
453
505
947
1178
1430
1375
2599
2096
1683
2044
2317
3242
3362
3456
2654
2496
2254
1932
2337
1924
2501
2203
2593
3264
3441
2951
3200
2813
2512
2700
2619
2437
2116
2267
2396
2352
2496
2223
3386
2861
2451
2778
3262
3251
2785
3089
2842
2945
2735
2457
3056
2531
1937
2175
2468
2444
2075
2123
2160
2260
2503
2241
2934
2496
2829
1784
2905
1876
2252
2654
2737
3135
2942
3111
2905
3550
3198
2822
1191
721
621
842
2276
2929
2829
2545
2676
2236
2287
2501
2315
2492
2800
2757
1742
2407
2134
2234
3034
3342
2551
2540
2387
2107
2225
1611
2575
2223
2249
1305
1003
787
544
453
428
750
1495
2265
2416
1801
2671
2203
1736
1849
2590
2776
2652
1768
2409
1838
2335
2103
2278
988
1237
951
1596
1644
1823
1506
1135
883
214
621
951
1202
2120
2444
2378
2470
2350
3168
3143
2614
1981
1989
2105
2311
1985
2914
2081
2590
2024
1626
2193
2050
1834
2079
1924
1841
2162
2269
1795
1185
1539
1408
973
1294
1974
1926
1281
1471
1320
1674
903
951
453
717
717
514
1246
1561
2090
2066
2273
1987
1917
2569
2442
2337
2322
2330
2343
2367
2704
2319
2735
2687
2678
2947
2881
2007
2842
2759
2896
2759
3133
3312
2197
3143
2851
2241
2831
2881
3087
3342
3047
2759
2988
2492
3025
2737
3019
2872
2955
2894
2770
2221
3078
3012
2079
2523
1421
2571
2566
2378
1812
2258
2219
1681
2247
1591
2217
1913
1784
2118
2273
2402
2485
2492
2927
2809
2792
3010
1952
2925
3060
2829
2201
2737
2842
2667
2894
2608
2352
2177
2468
2687
1963
2396
2179
2337
2007
1650
1817
2363
2324
2195
2057
2099
2794
2483
1414
2555
2741
2525
2724
2267
2230
1489
2186
2225
1897
2081
2560
2446
2993
2619
2416
2964
2680
2247
2155
2684
2733
2625
2864
2645
2584
2923
2402
2346
2684
2988
2551
2179
2676
2875
3895
2621
2798
2861
2230
2588
2405
2367
2571
2555
2708
2619
2398
2046
2020
2361
3074
2007
2247
2228
2396
2671
2289
2208
1736
1801
2708
2634
1574
2483
1793
627
1699
1734
1535
1701
1170
842
903
1170
1314
612
1742
1038
892
1366
1747
669
1051
527
453
549
741
455
1196
649
1554
1148
741
494
621
549
448
931
326
693
603
1100
769
710
789
789
566
748
955
516
597
693
302
717
518
525
549
313
573
597
348
573
359
332
883
402
525
376
573
383
214
310
1141
1360
1390
1532
1668
2197
2671
1452
1814
1467
1674
1392
1130
1180
1226
1301
562
623
453
286
1801
544
118
214
1218
837
1150
1425
1274
127
2186
1561
785
925
1172
916
813
901
461
573
549
665
1242
1720
1283
1204
813
638
1032
1436
1065
942
669
549
527
1696
1646
1388
1506
1189
1036
1025
1491
1056
776
619
883
953
1165
737
625
621
457
573
404
669
603
669
398
645
533
597
501
345
262
310
238
387
1065
453
238
501
260
525
428
367
383
831
621
1226
813
380
1928
1672
1786
916
453
1089
310
310
428
785
1917
1939
1937
964
944
1445
1082
1124
953
750
962
837
520
907
824
656
977
1285
2081
1644
2026
2370
2105
2505
2400
2582
2687
2687
2807
2507
1065
1865
2527
2953
2363
2608
3043
3288
2271
2070
2092
2339
2219
2359
2451
2947
2588
1375
1423
1191
1570
1248
1266
1340
1327
1858
2136
1303
1596
1130
1480
1716
1364
1288
1913
1803
1377
955
1084
1379
1491
1277
1559
1605
1607
1640
1285
1775
1902
1943
1596
1989
1773
2096
2173
1716
2293
2179
2241
2470
1882
1956
2234
2501
2555
2848
2907
2693
1705
1646
2013
2319
2383
1983
2520
2813
2558
1889
2029
2630
2505
2418
2407
2219
1963
1740
1773
2853
2295
2639
1849
2326
2466
2466
2593
3259
2011
2234
2805
2352
2464
2582
2973
2525
1996
1956
842
2540
2072
2289
2297
1967
2179
2514
1893
2048
2011
1572
1025
907
717
1583
2269
2280
2610
1860
2514
2527
1904
3069
1880
1954
1959
2448
2980
2376
2800
2490
2514
2601
2628
2426
1423
2346
2713
1967
2682
1941
2708
2794
2632
2835
2424
2761
2569
2872
2875
2551
2284
20
2107
3832
3251
477
693
1204
1362
2195
2015
2921
2617
2601
2997
3117
3227
2243
1699
1828
1609
892
551
979
496
477
566
1045
1224
979
796
645
1204
1845
1183
428
334
310
214
778
837
1530
2015
1456
1220
848
831
1124
1358
1078
1073
992
713
1325
1082
691
936
931
1038
933
525
525
916
1441
1331
542
1001
1685
1974
1803
1714
1696
1788
1445
1554
1506
1602
1784
1421
717
330
1624
2190
1653
1696
2046
1734
1115
1836
2387
1856
2667
2343
1172
1902
2593
2050
2184
2201
2639
2346
2798
3430
2813
1738
1670
1570
2341
2457
1834
1246
918
1720
1452
1368
988
2300
2700
2256
2361
2381
1819
1736
2770
2079
2387
2070
2387
1546
1530
1801
1900
1272
1375
1242
979
1559
1775
1699
1825
1211
1830
1854
1889
2221
2223
1972
1395
844
669
1867
2048
2053
2153
2153
2496
2405
1747
1921
1443
1801
1318
968
1858
2127
1902
1264
1473
1003
627
741
1211
1519
1637
1738
1408
1784
1985
2013
2173
1952
2002
2002
1895
1167
1911
1930
2000
1921
1943
1360
2195
2142
1906
2223
2322
2459
2435
2632
2566
2516
2311
1928
1292
826
1198
1148
909
1303
992
774
1084
586
1880
1701
1486
859
634
1771
2481
2372
1921
2540
3163
2422
3146
2332
2516
2302
1806
1720
2308
2197
1956
2398
3395
2540
2308
2297
2350
2184
2258
2606
1854
1996
1605
1714
1395
872
2420
2313
2158
2179
1965
1546
1983
2405
2151
1563
765
286
208
2127
2606
2424
2053
2990
3017
2398
1952
1948
1891
1432
1283
1121
1106
1406
2177
1561
1928
2223
1618
2639
2144
2549
2324
2256
2144
1731
1388
702
811
1091
837
46
1288
1200
1191
1137
2767
2960
3001
2840
3202
3078
2575
3742
2783
2042
1640
118
190
1388
1038
1331
951
1714
2376
2851
3196
3393
2757
3561
2951
2634
2429
2864
2593
2942
2542
2787
3019
2833
2405
2547
1565
724
477
1664
2647
3001
3161
2440
1985
1825
1830
1478
1185
1095
1226
1285
1231
1351
859
614
708
883
1145
1220
818
813
278
2582
2857
2483
2370
2396
1738
2018
2499
2619
1255
1738
1943
1747
1150
914
1071
525
525
446
1268
1012
682
846
907
632
606
597
391
501
492
741
501
501
400
525
387
579
238
238
262
175
645
402
286
190
166
94
190
153
166
70
70
621
155
501
383
319
477
407
227
262
46
789
142
166
256
955
645
466
693
662
765
402
310
334
214
275
359
453
332
621
492
1091
1613
1312
1176
1351
1076
571
807
1406
1578
741
459
501
321
453
505
947
1178
1430
1375
2599
2096
1683
2044
2317
3242
3362
3456
2654
2496
2254
1932
2337
1924
2501
2203
2593
3264
3441
2951
3200
2813
2512
2700
2619
2437
2116
2267
2396
2352
2496
2223
3386
2861
2451
2778
3262
3251
2785
3089
2842
2945
2735
2457
3056
2531
1937
2175
2468
2444
2075
2123
2160
2260
2503
2241
2934
2496
2829
1784
2905
1876
2252
2654
2737
3135
2942
3111
2905
3550
3198
2822
1191
721
621
842
2276
2929
2829
2545
2676
2236
2287
2501
2315
2492
2800
2757
1742
2407
2134
2234
3034
3342
2551
2540
2387
2107
2225
1611
2575
2223
2249
1305
1003
787
544
453
428
750
1495
2265
2416
1801
2671
2203
1736
1849
2590
2776
2652
1768
2409
1838
2335
2103
2278
988
1237
951
1596
1644
1823
1506
1135
883
214
621
951
1202
2120
2444
2378
2470
2350
3168
3143
2614
1981
1989
2105
2311
1985
2914
2081
2590
2024
1626
2193
2050
1834
2079
1924
1841
2162
2269
1795
1185
1539
1408
973
1294
1974
1926
1281
1471
1320
1674
903
951
453
717
717
514
1246
1561
2090
2066
2273
1987
1917
2569
2442
2337
2322
2330
2343
2367
2704
2319
2735
2687
2678
2947
2881
2007
2842
2759
2896
2759
3133
3312
2197
3143
2851
2241
2831
2881
3087
3342
3047
2759
2988
2492
3025
2737
3019
2872
2955
2894
2770
2221
3078
3012
2079
2523
1421
2571
2566
2378
1812
2258
2219
1681
2247
1591
2217
1913
1784
2118
2273
2402
2485
2492
2927
2809
2792
3010
1952
2925
3060
2829
2201
2737
2842
2667
2894
2608
2352
2177
2468
2687
1963
2396
2179
2337
2007
1650
1817
2363
2324
2195
2057
2099
2794
2483
1414
2555
2741
2525
2724
2267
2230
1489
2186
2225
1897
2081
2560
2446
2993
2619
2416
2964
2680
2247
2155
2684
2733
2625
2864
2645
2584
2923
2402
2346
2684
2988
2551
2179
2676
2875
3895
2621
2798
2861
2230
2588
2405
2367
2571
2555
2708
2619
2398
2046
2020
2361
3074
2007
2247
2228
2396
2671
2289
2208
1736
1801
2708
2634
1574
2483
1793
627
1699
1734
1535
1701
1170
842
903
1170
1314
612
1742
1038
892
1366
1747
669
1051
527
453
549
741
455
1196
649
1554
1148
741
494
621
549
448
931
326
693
603
1100
769
710
789
789
566
748
955
516
597
693
302
717
518
525
549
313
573
597
348
573
359
332
883
402
525
376
573
383
214
310
1141
1360
1390
1532
1668
2197
2671
1452
1814
1467
1674
1392
1130
1180
1226
1301
562
623
453
286
1801
544
118
214
1218
837
1150
1425
1274
127
2186
1561
785
925
1172
916
813
901
461
573
549
665
1242
1720
1283
1204
813
638
1032
1436
1065
942
669
549
527
1696
1646
1388
1506
1189
1036
1025
1491
1056
776
619
883
953
1165
737
625
621
457
573
404
669
603
669
398
645
533
597
501
345
262
310
238
387
1065
453
238
501
260
525
428
367
383
831
621
1226
813
380
1928
1672
1786
916
453
1089
310
310
428
785
1917
1939
1937
964
944
1445
1082
1124
953
750
962
837
520
907
824
656
977
1285
2081
1644
2026
2370
2105
2505
2400
2582
2687
2687
2807
2507
1065
1865
2527
2953
2363
2608
3043
3288
2271
2070
2092
2339
2219
2359
2451
2947
2588
1375
1423
1191
1570
1248
1266
1340
1327
1858
2136
1303
1596
1130
1480
1716
1364
1288
1913
1803
1377
955
1084
1379
1491
1277
1559
1605
1607
1640
1285
1775
1902
1943
1596
1989
1773
2096
2173
1716
2293
2179
2241
2470
1882
1956
2234
2501
2555
2848
2907
2693
1705
1646
2013
2319
2383
1983
2520
2813
2558
1889
2029
2630
2505
2418
2407
2219
1963
1740
1773
2853
2295
2639
1849
2326
2466
2466
2593
3259
2011
2234
2805
2352
2464
2582
2973
2525
1996
1956
842
2540
2072
2289
2297
1967
2179
2514
1893
2048
2011
1572
1025
907
717
1583
2269
2280
2610
1860
2514
2527
1904
3069
1880
1954
1959
2448
2980
2376
2800
2490
2514
2601
2628
2426
1423
2346
2713
1967
2682
1941
2708
2794
2632
2835
2424
2761
2569
2872
2875
2551
2284
20
2107
3832
3251
477
693
1204
1362
2195
2015
2921
2617
2601
2997
3117
3227
2243
1699
1828
1609
892
551
979
496
477
566
1045
1224
979
796
645
1204
1845
1183
428
334
310
214
778
837
1530
2015
1456
1220
848
831
1124
1358
1078
1073
992
713
1325
1082
691
936
931
1038
933
525
525
916
1441
1331
542
1001
1685
1974
1803
1714
1696
1788
1445
1554
1506
1602
1784
1421
717
330
1624
2190
1653
1696
2046
1734
1115
1836
2387
1856
2667
2343
1172
1902
2593
2050
2184
2201
2639
2346
2798
3430
2813
1738
1670
1570
2341
2457
1834
1246
918
1720
1452
1368
988
2300
2700
2256
2361
2381
1819
1736
2770
2079
2387
2070
2387
1546
1530
1801
1900
1272
1375
1242
979
1559
1775
1699
1825
1211
1830
1854
1889
2221
2223
1972
1395
844
669
1867
2048
2053
2153
2153
2496
2405
1747
1921
1443
1801
1318
968
1858
2127
1902
1264
1473
1003
627
741
1211
1519
1637
1738
1408
1784
1985
2013
2173
1952
2002
2002
1895
1167
1911
1930
2000
1921
1943
1360
2195
2142
1906
2223
2322
2459
2435
2632
2566
2516
2311
1928
1292
826
1198
1148
909
1303
992
774
1084
586
1880
1701
1486
859
634
1771
2481
2372
1921
2540
3163
2422
3146
2332
2516
2302
1806
1720
2308
2197
1956
2398
3395
2540
2308
2297
2350
2184
2258
2606
1854
1996
1605
1714
1395
872
2420
2313
2158
2179
1965
1546
1983
2405
2151
1563
765
286
208
2127
2606
2424
2053
2990
3017
2398
1952
1948
1891
1432
1283
1121
1106
1406
2177
1561
1928
2223
1618
2639
2144
2549
2324
2256
2144
1731
1388
702
811
1091
837
46
1288
1200
1191
1137
2767
2960
3001
2840
3202
3078
2575
3742
2783
2042
1640
118
190
1388
1038
1331
951
1714
2376
2851
3196
3393
2757
3561
2951
2634
2429
2864
2593
2942
2542
2787
3019
2833
2405
2547
1565
724
477
1664
2647
3001
3161
2440
1985
1825
1830
1478
1185
1095
1226
1285
1231
1351
859
614
708
883
1145
1220
818
813
278
2582
2857
2483
2370
2396
1738
2018
2499
2619
1255
1738
1943
1747
1150
914
1071
525
525
446
1268
1012
682
846
907
632
606
597
391
501
492
741
501
501
400
525
387
579
238
238
262
175
645
402
286
190
166
94
190
153
166
70
70
621
155
501
383
319
477
407
227
262
46
789
142
166
256
955
645
466
693
662
765
402
310
334
214
275
359
453
332
621
492
1091
1613
1312
1176
1351
1076
571
807
1406
1578
741
459
501
321
453
505
947
1178
1430
1375
2599
2096
1683
2044
2317
3242
3362
3456
2654
2496
2254
1932
2337
1924
2501
2203
2593
3264
3441
2951
3200
2813
2512
2700
2619
2437
2116
2267
2396
2352
2496
2223
3386
2861
2451
2778
3262
3251
2785
3089
2842
2945
2735
2457
3056
2531
1937
2175
2468
2444
2075
2123
2160
2260
2503
2241
2934
2496
2829
1784
2905
1876
2252
2654
2737
3135
2942
3111
2905
3550
3198
2822
1191
721
621
842
2276
2929
2829
2545
2676
2236
2287
2501
2315
2492
2800
2757
1742
2407
2134
2234
3034
3342
2551
2540
2387
2107
2225
1611
2575
2223
2249
1305
1003
787
544
453
428
750
1495
2265
2416
1801
2671
2203
1736
1849
2590
2776
2652
1768
2409
1838
2335
2103
2278
988
1237
951
1596
1644
1823
1506
1135
883
214
621
951
1202
2120
2444
2378
2470
2350
3168
3143
2614
1981
1989
2105
2311
1985
2914
2081
2590
2024
1626
2193
2050
1834
2079
1924
1841
2162
2269
1795
1185
1539
1408
973
1294
1974
1926
1281
1471
1320
1674
903
951
453
717
717
514
1246
1561
2090
2066
2273
1987
1917
2569
2442
2337
2322
2330
2343
2367
2704
2319
2735
2687
2678
2947
2881
2007
2842
2759
2896
2759
3133
3312
2197
3143
2851
2241
2831
2881
3087
3342
3047
2759
2988
2492
3025
2737
3019
2872
2955
2894
2770
2221
3078
3012
2079
2523
1421
2571
2566
2378
1812
2258
2219
1681
2247
1591
2217
1913
1784
2118
2273
2402
2485
2492
2927
2809
2792
3010
1952
2925
3060
2829
2201
2737
2842
2667
2894
2608
2352
2177
2468
2687
1963
2396
2179
2337
2007
1650
1817
2363
2324
2195
2057
2099
2794
2483
1414
2555
2741
2525
2724
2267
2230
1489
2186
2225
1897
2081
2560
2446
2993
2619
2416
2964
2680
2247
2155
2684
2733
2625
2864
2645
2584
2923
2402
2346
2684
2988
2551
2179
2676
2875
3895
2621
2798
2861
2230
2588
2405
2367
2571
2555
2708
2619
2398
2046
2020
2361
3074
2007
2247
2228
2396
2671
2289
2208
1736
1801
2708
2634
1574
2483
1793
627
1699
1734
1535
1701
1170
842
903
1170
1314
612
1742
1038
892
1366
1747
669
1051
527
453
549
741
455
1196
649
1554
1148
741
494
621
549
448
931
326
693
603
1100
769
710
789
789
566
748
955
516
597
693
302
717
518
525
549
313
573
597
348
573
359
332
883
402
525
376
573
383
214
310
1141
1360
1390
1532
1668
2197
2671
1452
1814
1467
1674
1392
1130
1180
1226
1301
562
623
453
286
1801
544
118
214
1218
837
1150
1425
1274
127
2186
1561
785
925
1172
916
813
901
461
573
549
665
1242
1720
1283
1204
813
638
1032
1436
1065
942
669
549
527
1696
1646
1388
1506
1189
1036
1025
1491
1056
776
619
883
953
1165
737
625
621
457
573
404
669
603
669
398
645
533
597
501
345
262
310
238
387
1065
453
238
501
260
525
428
367
383
831
621
1226
813
380
1928
1672
1786
916
453
1089
310
310
428
785
1917
1939
1937
964
944
1445
1082
1124
953
750
962
837
520
907
824
656
977
1285
2081
1644
2026
2370
2105
2505
2400
2582
2687
2687
2807
2507
1065
1865
2527
2953
2363
2608
3043
3288
2271
2070
2092
2339
2219
2359
2451
2947
2588
1375
1423
1191
1570
1248
1266
1340
1327
1858
2136
1303
1596
1130
1480
1716
1364
1288
1913
1803
1377
955
1084
1379
1491
1277
1559
1605
1607
1640
1285
1775
1902
1943
1596
1989
1773
2096
2173
1716
2293
2179
2241
2470
1882
1956
2234
2501
2555
2848
2907
2693
1705
1646
2013
2319
2383
1983
2520
2813
2558
1889
2029
2630
2505
2418
2407
2219
1963
1740
1773
2853
2295
2639
1849
2326
2466
2466
2593
3259
2011
2234
2805
2352
2464
2582
2973
2525
1996
1956
842
2540
2072
2289
2297
1967
2179
2514
1893
2048
2011
1572
1025
907
717
1583
2269
2280
2610
1860
2514
2527
1904
3069
1880
1954
1959
2448
2980
2376
2800
2490
2514
2601
2628
2426
1423
2346
2713
1967
2682
1941
2708
2794
2632
2835
2424
2761
2569
2872
2875
2551
2284
