1393
1586
1412
1440
1268
1206
1390
1650
1665
1861
2180
2100
1838
2335
2103
1844
2122
2058
1706
2188
1846
2025
2556
2391
1795
1299
1499
1535
1840
2194
2163
1792
1616
1628
1409
1217
1267
1509
1058
1216
1310
1582
952
939
619
461
374
262
225
255
359
630
568
616
457
509
385
419
374
320
374
344
689
262
268
225
524
568
794
240
393
686
809
924
937
644
657
849
967
1041
1076
923
1100
917
1163
976
727
1063
1090
938
868
1098
841
868
687
404
486
511
418
627
869
1408
1161
1094
816
1037
850
711
531
524
212
299
268
268
374
285
434
220
1165
570
179
652
676
587
679
1019
904
783
716
900
705
839
968
805
759
605
753
711
911
872
687
865
1135
1093
1439
1349
1291
1165
937
1189
1132
1228
1484
1273
1145
1454
1147
1205
1169
1520
1431
1232
1236
1217
1361
1410
1650
985
2403
1832
2372
1045
1469
991
1520
1466
908
1058
739
1021
949
900
789
891
891
906
949
1404
2232
1629
2317
1894
1528
979
763
1339
1161
1156
1246
1097
1498
1353
1304
1608
1401
1224
1424
1477
1295
1139
1220
1423
1471
1379
1232
1280
969
1679
1560
1614
985
1152
1912
1586
1564
1629
1565
1215
1725
1527
1083
1349
1576
1383
1499
1367
1410
1824
1301
1086
1193
1064
294
449
522
423
329
170
613
230
344
297
449
256
209
74
74
152
494
307
255
314
333
479
442
538
672
780
794
496
1015
1357
1102
1032
1024
509
575
848
504
592
628
522
200
449
208
389
854
948
841
1016
845
1223
1038
1034
1109
976
619
372
779
837
419
404
420
359
1223
1234
1395
1906
1293
1675
1351
1058
1436
1621
1820
1376
1464
1457
964
1301
1357
1079
917
1523
1336
1892
1603
1424
1364
953
1128
1446
1477
1357
868
991
1039
1256
1367
1399
1643
1353
942
1497
1519
1310
718
913
1168
1095
1440
1287
1108
1206
978
1282
1353
1172
1380
1121
1706
1137
978
779
880
1106
1199
1067
911
778
742
656
741
709
916
868
524
1067
807
809
1021
1093
1004
1013
1100
1561
797
594
683
919
819
728
849
779
646
802
1030
1434
1480
1184
675
1153
1254
964
663
764
1043
1128
1187
987
1115
1028
934
650
779
994
939
1245
1406
932
1115
1065
1494
1498
1442
1393
1135
1278
909
1186
1208
1130
1184
687
864
694
1019
656
589
912
937
1249
957
968
976
707
1008
1013
934
696
527
771
808
843
849
828
1004
853
713
957
969
1150
1149
689
572
1145
954
1158
927
849
1147
886
798
615
490
635
681
568
760
749
750
819
723
770
538
841
652
538
381
459
464
420
374
649
757
886
948
628
408
515
494
366
711
782
901
838
548
550
674
553
327
299
329
416
509
464
335
209
268
179
731
434
434
374
389
141
149
255
209
233
255
225
214
283
268
314
208
344
268
134
179
171
314
209
377
689
507
563
434
238
283
149
164
119
74
51
89
194
134
119
89
59
47
89
74
74
119
74
104
149
245
225
194
111
194
149
59
361
134
119
44
639
344
129
89
59
74
74
104
119
153
801
896
1587
1235
790
805
652
422
442
759
586
628
616
701
696
613
459
711
835
920
1239
1065
1360
1556
1554
1358
1108
1484
1624
1306
1232
1252
1241
1142
1146
978
504
660
1112
1639
1160
942
1120
1064
433
719
586
749
385
509
738
1379
898
1220
875
1074
957
1227
1813
1716
1536
1413
1142
1635
1449
789
268
366
359
307
329
248
1061
1268
1202
1043
831
949
1093
987
950
842
1275
1508
1569
1005
1264
1475
1813
1617
2077
1505
2295
1933
1807
1729
1236
1466
1623
1738
1723
1681
1642
1610
1753
1576
1358
1569
1260
1457
1335
1508
1521
835
1230
1480
1046
1127
1345
1089
1183
915
911
794
646
448
704
534
734
668
1398
1223
1176
1163
1327
1887
953
553
505
719
334
404
294
283
374
348
268
225
164
73
524
915
555
763
581
509
241
624
1356
1283
1332
1369
1520
1514
1543
1651
1840
1439
1806
1547
1209
1239
665
719
1440
1412
1390
1327
1178
987
1179
1164
1350
1230
1097
978
1843
1351
1468
1598
1716
1413
1942
1577
2074
878
1282
1150
1806
1698
1395
2021
1414
1457
1302
1393
1477
1591
1892
1731
1617
1658
1560
1315
1579
1818
1443
1260
1584
1524
1410
1373
1497
2155
1457
930
1315
1635
990
1016
1132
817
1625
2003
1601
690
1157
724
923
482
1019
730
1190
791
1271
920
1354
1168
1076
1249
1157
1275
1210
1095
492
770
764
560
1212
1256
1309
1632
1569
1595
1564
1305
1569
1495
1401
1283
1364
1372
1398
1358
1269
1421
1464
1319
1464
1472
1330
1428
1365
1353
1520
1597
1116
1527
1547
1153
1666
1056
1681
1740
1453
1512
1466
1605
1004
1731
1666
1508
837
1243
1288
1558
1568
1575
1110
739
1354
301
389
592
696
843
875
935
985
1100
1197
212
1677
2760
1676
2028
1862
1917
2299
2053
2225
2239
1910
1512
2183
1591
2302
2321
1004
2098
1738
1980
2341
1990
1943
2058
2090
2296
2053
2322
2451
1844
2667
2173
2588
1928
1844
1765
2521
2399
2502
1146
2151
1883
2144
1896
2217
2600
2299
1376
1729
2263
1996
1565
2183
1712
2373
2717
1865
1894
2467
2335
2148
2440
1899
2016
2220
2011
2192
1824
1725
1449
2090
1594
948
308
1190
1028
1046
1213
1454
1579
1416
1275
1098
1084
1431
1861
1468
1803
2096
2100
1876
1810
1898
1951
1445
1809
1734
1545
1628
1747
1549
1594
1582
179
482
479
664
745
1242
2113
1584
2022
2036
1717
2031
1951
1921
1773
1795
1554
1809
2124
2340
1718
1890
1795
1972
1901
1996
1531
1788
1777
1996
2092
2456
1727
1494
1486
1464
1324
1654
1482
1273
1304
1464
1586
1665
1910
997
1591
1404
1869
1482
2248
1792
1362
1654
1646
1790
1976
1647
1965
1543
1521
1862
1510
1331
1499
978
674
542
1219
1538
1224
952
1376
898
1179
860
524
1517
299
757
1227
1349
1556
1524
1424
1584
1209
1521
2220
2407
2088
930
494
694
800
989
427
675
1425
1707
1661
1616
1602
1842
1953
2031
1914
1539
1065
1701
1839
1894
2024
1482
1606
1527
1430
1297
1601
1843
1556
1913
1820
1172
763
783
1056
1037
1023
637
670
856
1130
978
656
149
635
697
639
1493
1258
1391
1512
1642
1327
991
794
711
909
1043
1189
1404
1127
971
179
638
255
25
830
419
207
1409
1398
1744
1646
1346
1105
1252
1153
963
708
434
575
696
545
578
1030
1206
1539
1309
1356
1304
1406
1149
1223
1015
1317
969
1494
2144
1650
2243
1773
2388
2091
2203
2187
2240
2126
2084
1238
2120
1828
2404
2191
2173
1887
2194
2425
1491
1597
2088
2043
2058
2373
2624
2751
2250
1301
1351
1301
1421
1680
1901
2263
1865
2692
1940
2273
2263
2400
2147
1938
2085
2154
2163
2079
2295
1525
2144
1854
2072
1316
1357
1011
1041
931
1328
1469
1382
1238
1376
1109
1457
1175
1380
1227
1393
1586
1412
1440
1268
1206
1390
1650
1665
1861
2180
2100
1838
2335
2103
1844
2122
2058
1706
2188
1846
2025
2556
2391
1795
1299
1499
1535
1840
2194
2163
1792
1616
1628
1409
1217
1267
1509
1058
1216
1310
1582
952
939
619
461
374
262
225
255
359
630
568
616
457
509
385
419
374
320
374
344
689
262
268
225
524
568
794
240
393
686
809
924
937
644
657
849
967
1041
1076
923
1100
917
1163
976
727
1063
1090
938
868
1098
841
868
687
404
486
511
418
627
869
1408
1161
1094
816
1037
850
711
531
524
212
299
268
268
374
285
434
220
1165
570
179
652
676
587
679
1019
904
783
716
900
705
839
968
805
759
605
753
711
911
872
687
865
1135
1093
1439
1349
1291
1165
937
1189
1132
1228
1484
1273
1145
1454
1147
1205
1169
1520
1431
1232
1236
1217
1361
1410
1650
985
2403
1832
2372
1045
1469
991
1520
1466
908
1058
739
1021
949
900
789
891
891
906
949
1404
2232
1629
2317
1894
1528
979
763
1339
1161
1156
1246
1097
1498
1353
1304
1608
1401
1224
1424
1477
1295
1139
1220
1423
1471
1379
1232
1280
969
1679
1560
1614
985
1152
1912
1586
1564
1629
1565
1215
1725
1527
1083
1349
1576
1383
1499
1367
1410
1824
1301
1086
1193
1064
294
449
522
423
329
170
613
230
344
297
449
256
209
74
74
152
494
307
255
314
333
479
442
538
672
780
794
496
1015
1357
1102
1032
1024
509
575
848
504
592
628
522
200
449
208
389
854
948
841
1016
845
1223
1038
1034
1109
976
619
372
779
837
419
404
420
359
1223
1234
1395
1906
1293
1675
1351
1058
1436
1621
1820
1376
1464
1457
964
1301
1357
1079
917
1523
1336
1892
1603
1424
1364
953
1128
1446
1477
1357
868
991
1039
1256
1367
1399
1643
1353
942
1497
1519
1310
718
913
1168
1095
1440
1287
1108
1206
978
1282
1353
1172
1380
1121
1706
1137
978
779
880
1106
1199
1067
911
778
742
656
741
709
916
868
524
1067
807
809
1021
1093
1004
1013
1100
1561
797
594
683
919
819
728
849
779
646
802
1030
1434
1480
1184
675
1153
1254
964
663
764
1043
1128
1187
987
1115
1028
934
650
779
994
939
1245
1406
932
1115
1065
1494
1498
1442
1393
1135
1278
909
1186
1208
1130
1184
687
864
694
1019
656
589
912
937
1249
957
968
976
707
1008
1013
934
696
527
771
808
843
849
828
1004
853
713
957
969
1150
1149
689
572
1145
954
1158
927
849
1147
886
798
615
490
635
681
568
760
749
750
819
723
770
538
841
652
538
381
459
464
420
374
649
757
886
948
628
408
515
494
366
711
782
901
838
548
550
674
553
327
299
329
416
509
464
335
209
268
179
731
434
434
374
389
141
149
255
209
233
255
225
214
283
268
314
208
344
268
134
179
171
314
209
377
689
507
563
434
238
283
149
164
119
74
51
89
194
134
119
89
59
47
89
74
74
119
74
104
149
245
225
194
111
194
149
59
361
134
119
44
639
344
129
89
59
74
74
104
119
153
801
896
1587
1235
790
805
652
422
442
759
586
628
616
701
696
613
459
711
835
920
1239
1065
1360
1556
1554
1358
1108
1484
1624
1306
1232
1252
1241
1142
1146
978
504
660
1112
1639
1160
942
1120
1064
433
719
586
749
385
509
738
1379
898
1220
875
1074
957
1227
1813
1716
1536
1413
1142
1635
1449
789
268
366
359
307
329
248
1061
1268
1202
1043
831
949
1093
987
950
842
1275
1508
1569
1005
1264
1475
1813
1617
2077
1505
2295
1933
1807
1729
1236
1466
1623
1738
1723
1681
1642
1610
1753
1576
1358
1569
1260
1457
1335
1508
1521
835
1230
1480
1046
1127
1345
1089
1183
915
911
794
646
448
704
534
734
668
1398
1223
1176
1163
1327
1887
953
553
505
719
334
404
294
283
374
348
268
225
164
73
524
915
555
763
581
509
241
624
1356
1283
1332
1369
1520
1514
1543
1651
1840
1439
1806
1547
1209
1239
665
719
1440
1412
1390
1327
1178
987
1179
1164
1350
1230
1097
978
1843
1351
1468
1598
1716
1413
1942
1577
2074
878
1282
1150
1806
1698
1395
2021
1414
1457
1302
1393
1477
1591
1892
1731
1617
1658
1560
1315
1579
1818
1443
1260
1584
1524
1410
1373
1497
2155
1457
930
1315
1635
990
1016
1132
817
1625
2003
1601
690
1157
724
923
482
1019
730
1190
791
1271
920
1354
1168
1076
1249
1157
1275
1210
1095
492
770
764
560
1212
1256
1309
1632
1569
1595
1564
1305
1569
1495
1401
1283
1364
1372
1398
1358
1269
1421
1464
1319
1464
1472
1330
1428
1365
1353
1520
1597
1116
1527
1547
1153
1666
1056
1681
1740
1453
1512
1466
1605
1004
1731
1666
1508
837
1243
1288
1558
1568
1575
1110
739
1354
301
389
592
696
843
875
935
985
1100
1197
212
1677
2760
1676
2028
1862
1917
2299
2053
2225
2239
1910
1512
2183
1591
2302
2321
1004
2098
1738
1980
2341
1990
1943
2058
2090
2296
2053
2322
2451
1844
2667
2173
2588
1928
1844
1765
2521
2399
2502
1146
2151
1883
2144
1896
2217
2600
2299
1376
1729
2263
1996
1565
2183
1712
2373
2717
1865
1894
2467
2335
2148
2440
1899
2016
2220
2011
2192
1824
1725
1449
2090
1594
948
308
1190
1028
1046
1213
1454
1579
1416
1275
1098
1084
1431
1861
1468
1803
2096
2100
1876
1810
1898
1951
1445
1809
1734
1545
1628
1747
1549
1594
1582
179
482
479
664
745
1242
2113
1584
2022
2036
1717
2031
1951
1921
1773
1795
1554
1809
2124
2340
1718
1890
1795
1972
1901
1996
1531
1788
1777
1996
2092
2456
1727
1494
1486
1464
1324
1654
1482
1273
1304
1464
1586
1665
1910
997
1591
1404
1869
1482
2248
1792
1362
1654
1646
1790
1976
1647
1965
1543
1521
1862
1510
1331
1499
978
674
542
1219
1538
1224
952
1376
898
1179
860
524
1517
299
757
1227
1349
1556
1524
1424
1584
1209
1521
2220
2407
2088
930
494
694
800
989
427
675
1425
1707
1661
1616
1602
1842
1953
2031
1914
1539
1065
1701
1839
1894
2024
1482
1606
1527
1430
1297
1601
1843
1556
1913
1820
1172
763
783
1056
1037
1023
637
670
856
1130
978
656
149
635
697
639
1493
1258
1391
1512
1642
1327
991
794
711
909
1043
1189
1404
1127
971
179
638
255
25
830
419
207
1409
1398
1744
1646
1346
1105
1252
1153
963
708
434
575
696
545
578
1030
1206
1539
1309
1356
1304
1406
1149
1223
1015
1317
969
1494
2144
1650
2243
1773
2388
2091
2203
2187
2240
2126
2084
1238
2120
1828
2404
2191
2173
1887
2194
2425
1491
1597
2088
2043
2058
2373
2624
2751
2250
1301
1351
1301
1421
1680
1901
2263
1865
2692
1940
2273
2263
2400
2147
1938
2085
2154
2163
2079
2295
1525
2144
1854
2072
1316
1357
1011
1041
931
1328
1469
1382
1238
1376
1109
1457
1175
1380
1227
1393
1586
1412
1440
1268
1206
1390
1650
1665
1861
2180
2100
1838
2335
2103
1844
2122
2058
1706
2188
1846
2025
2556
2391
1795
1299
1499
1535
1840
2194
2163
1792
1616
1628
1409
1217
1267
1509
1058
1216
1310
1582
952
939
619
461
374
262
225
255
359
630
568
616
457
509
385
419
374
320
374
344
689
262
268
225
524
568
794
240
393
686
809
924
937
644
657
849
967
1041
1076
923
1100
917
1163
976
727
1063
1090
938
868
1098
841
868
687
404
486
511
418
627
869
1408
1161
1094
816
1037
850
711
531
524
212
299
268
268
374
285
434
220
1165
570
179
652
676
587
679
1019
904
783
716
900
705
839
968
805
759
605
753
711
911
872
687
865
1135
1093
1439
1349
1291
1165
937
1189
1132
1228
1484
1273
1145
1454
1147
1205
1169
1520
1431
1232
1236
1217
1361
1410
1650
985
2403
1832
2372
1045
1469
991
1520
1466
908
1058
739
1021
949
900
789
891
891
906
949
1404
2232
1629
2317
1894
1528
979
763
1339
1161
1156
1246
1097
1498
1353
1304
1608
1401
1224
1424
1477
1295
1139
1220
1423
1471
1379
1232
1280
969
1679
1560
1614
985
1152
1912
1586
1564
1629
1565
1215
1725
1527
1083
1349
1576
1383
1499
1367
1410
1824
1301
1086
1193
1064
294
449
522
423
329
170
613
230
344
297
449
256
209
74
74
152
494
307
255
314
333
479
442
538
672
780
794
496
1015
1357
1102
1032
1024
509
575
848
504
592
628
522
200
449
208
389
854
948
841
1016
845
1223
1038
1034
1109
976
619
372
779
837
419
404
420
359
1223
1234
1395
1906
1293
1675
1351
1058
1436
1621
1820
1376
1464
1457
964
1301
1357
1079
917
1523
1336
1892
1603
1424
1364
953
1128
1446
1477
1357
868
991
1039
1256
1367
1399
1643
1353
942
1497
1519
1310
718
913
1168
1095
1440
1287
1108
1206
978
1282
1353
1172
1380
1121
1706
1137
978
779
880
1106
1199
1067
911
778
742
656
741
709
916
868
524
1067
807
809
1021
1093
1004
1013
1100
1561
797
594
683
919
819
728
849
779
646
802
1030
1434
1480
1184
675
1153
1254
964
663
764
1043
1128
1187
987
1115
1028
934
650
779
994
939
1245
1406
932
1115
1065
1494
1498
1442
1393
1135
1278
909
1186
1208
1130
1184
687
864
694
1019
656
589
912
937
1249
957
968
976
707
1008
1013
934
696
527
771
808
843
849
828
1004
853
713
957
969
1150
1149
689
572
1145
954
1158
927
849
1147
886
798
615
490
635
681
568
760
749
750
819
723
770
538
841
652
538
381
459
464
420
374
649
757
886
948
628
408
515
494
366
711
782
901
838
548
550
674
553
327
299
329
416
509
464
335
209
268
179
731
434
434
374
389
141
149
255
209
233
255
225
214
283
268
314
208
344
268
134
179
171
314
209
377
689
507
563
434
238
283
149
164
119
74
51
89
194
134
119
89
59
47
89
74
74
119
74
104
149
245
225
194
111
194
149
59
361
134
119
44
639
344
129
89
59
74
74
104
119
153
801
896
1587
1235
790
805
652
422
442
759
586
628
616
701
696
613
459
711
835
920
1239
1065
1360
1556
1554
1358
1108
1484
1624
1306
1232
1252
1241
1142
1146
978
504
660
1112
1639
1160
942
1120
1064
433
719
586
749
385
509
738
1379
898
1220
875
1074
957
1227
1813
1716
1536
1413
1142
1635
1449
789
268
366
359
307
329
248
1061
1268
1202
1043
831
949
1093
987
950
842
1275
1508
1569
1005
1264
1475
1813
1617
2077
1505
2295
1933
1807
1729
1236
1466
1623
1738
1723
1681
1642
1610
1753
1576
1358
1569
1260
1457
1335
1508
1521
835
1230
1480
1046
1127
1345
1089
1183
915
911
794
646
448
704
534
734
668
1398
1223
1176
1163
1327
1887
953
553
505
719
334
404
294
283
374
348
268
225
164
73
524
915
555
763
581
509
241
624
1356
1283
1332
1369
1520
1514
1543
1651
1840
1439
1806
1547
1209
1239
665
719
1440
1412
1390
1327
1178
987
1179
1164
1350
1230
1097
978
1843
1351
1468
1598
1716
1413
1942
1577
2074
878
1282
1150
1806
1698
1395
2021
1414
1457
1302
1393
1477
1591
1892
1731
1617
1658
1560
1315
1579
1818
1443
1260
1584
1524
1410
1373
1497
2155
1457
930
1315
1635
990
1016
1132
817
1625
2003
1601
690
1157
724
923
482
1019
730
1190
791
1271
920
1354
1168
1076
1249
1157
1275
1210
1095
492
770
764
560
1212
1256
1309
1632
1569
1595
1564
1305
1569
1495
1401
1283
1364
1372
1398
1358
1269
1421
1464
1319
1464
1472
1330
1428
1365
1353
1520
1597
1116
1527
1547
1153
1666
1056
1681
1740
1453
1512
1466
1605
1004
1731
1666
1508
837
1243
1288
1558
1568
1575
1110
739
1354
301
389
592
696
843
875
935
985
1100
1197
212
