2007
1301
1950
2040
1886
1468
1825
1895
1778
1930
1739
1568
1452
1645
1791
1309
1597
1453
1558
1338
1100
1211
1575
1549
1463
1371
1399
1862
1656
943
1704
1828
1683
1816
1511
1486
992
1457
1484
1265
1387
1707
1631
1995
1746
1610
1976
1787
1498
1437
1790
1822
1750
1909
1763
1723
1948
1602
1564
1790
1992
1701
1453
1784
1916
2597
1747
1865
1908
1486
1725
1603
1578
1714
1704
1806
1746
1599
1364
1347
1574
2049
1338
1498
1485
1597
1781
1526
1472
1157
1201
1806
1756
1049
1656
1195
418
1132
1156
1023
1134
780
561
602
780
876
408
1161
692
595
911
1164
446
701
351
302
366
494
303
797
433
1036
765
494
329
414
366
299
621
217
462
402
733
513
474
526
526
377
498
637
344
398
462
201
478
345
350
366
208
382
398
232
382
239
222
589
268
350
251
382
255
143
207
761
906
927
1022
1112
1465
1781
968
1210
978
1116
928
753
787
818
867
375
415
302
191
1201
363
79
143
812
558
767
950
850
85
1457
1041
523
616
781
611
542
600
307
382
366
443
828
1147
855
803
542
426
688
957
710
628
446
366
351
1131
1097
925
1004
793
691
683
994
704
517
412
589
635
777
491
417
414
305
382
270
446
402
446
265
430
356
398
334
230
175
207
159
258
710
302
159
334
173
350
286
245
255
554
414
818
542
254
1285
1115
1191
611
302
726
207
207
286
523
1278
1293
1291
643
630
963
721
749
635
500
641
558
347
605
549
437
651
857
1387
1096
1351
1580
1403
1670
1600
1721
1791
1791
1871
1672
710
1243
1685
1969
1575
1739
2029
2192
1514
1380
1395
1559
1479
1572
1634
1964
1725
917
949
794
1046
832
844
893
885
1239
1424
869
1064
753
987
1144
909
858
1275
1202
918
637
723
920
994
851
1039
1070
1071
1093
857
1183
1268
1296
1064
1326
1182
1398
1449
1144
1529
1453
1494
1647
1255
1304
1489
1667
1704
1899
1938
1795
1137
1097
1342
1546
1588
1322
1680
1876
1705
1259
1352
1753
1670
1612
1605
1479
1309
1160
1182
1902
1530
1759
1233
1551
1644
1644
1728
2173
1341
1489
1870
1568
1642
1721
1982
1683
1331
1304
561
1693
1382
1526
1532
1312
1453
1676
1262
1366
1341
1048
683
605
478
1055
1513
1520
1740
1240
1676
1685
1269
2046
1253
1303
1306
1632
1986
1584
1867
1660
1676
1734
1752
1618
949
1564
1809
1312
1788
1294
1806
1862
1755
1890
1616
1841
1712
1915
1916
1701
1523
13
1405
2555
2167
318
462
803
908
1463
1344
1947
1744
1734
1998
2078
2151
1495
1132
1218
1073
595
367
653
331
318
377
697
816
653
530
430
803
1230
788
286
223
207
143
519
558
1020
1344
971
813
565
554
749
905
718
716
662
475
883
721
461
624
621
692
622
350
350
611
960
888
361
667
1124
1316
1202
1143
1131
1192
963
1036
1004
1068
1189
947
478
220
1083
1460
1102
1131
1364
1156
743
1224
1591
1237
1778
1562
781
1268
1728
1367
1456
1468
1759
1564
1865
2287
1876
1159
1113
1046
1561
1638
1223
831
612
1147
968
912
659
1533
1800
1504
1574
1587
1213
1157
1846
1386
1591
1380
1591
1030
1020
1201
1266
848
917
828
653
1039
1183
1132
1217
807
1220
1236
1259
1481
1482
1315
930
563
446
1245
1366
1368
1435
1435
1664
1603
1164
1281
962
1201
879
646
1239
1418
1268
842
982
669
418
494
807
1013
1092
1159
939
1189
1323
1342
1449
1301
1335
1335
1264
778
1274
1287
1333
1281
1296
906
1463
1428
1271
1482
1548
1640
1623
1755
1711
1677
1540
1285
861
551
799
765
606
869
662
516
723
391
1253
1134
991
573
423
1180
1654
1581
1281
1693
2109
1615
2097
1555
1677
1535
1204
1147
1539
1465
1304
1599
2263
1693
1539
1532
1567
1456
1505
1737
1236
1331
1070
1143
930
581
1613
1542
1438
1453
1310
1030
1322
1603
1434
1042
510
191
138
1418
1737
1616
1368
1994
2011
1599
1301
1298
1261
955
855
748
737
937
1452
1041
1285
1482
1078
1759
1430
1699
1549
1504
1430
1154
925
468
541
727
558
31
858
800
794
758
1845
1973
2001
1893
2135
2052
1717
2495
1855
1361
1093
79
127
925
692
888
634
1143
1584
1900
2131
2262
1838
2374
1967
1756
1619
1909
1728
1962
1695
1858
2013
1889
1603
1698
1043
482
318
1109
1765
2001
2107
1626
1323
1217
1220
985
790
730
818
857
820
901
573
410
472
589
764
813
545
542
185
1721
1905
1656
1580
1597
1159
1345
1666
1746
837
1159
1296
1164
767
609
714
350
350
297
845
675
455
564
605
421
404
398
261
334
328
494
334
334
267
350
258
386
159
159
175
117
430
268
191
127
111
63
127
102
111
47
47
414
103
334
255
213
318
271
152
175
31
526
95
111
171
637
430
310
462
442
510
268
207
223
143
184
239
302
222
414
328
727
1076
874
784
901
717
380
538
937
1052
494
306
334
214
302
337
631
786
953
917
1733
1398
1122
1363
1545
2161
2241
2304
1769
1664
1503
1288
1558
1282
1667
1469
1728
2176
2294
1967
2134
1876
1674
1800
1746
1625
1411
1511
1597
1568
1664
1482
2257
1908
1634
1852
2174
2167
1857
2059
1895
1963
1823
1638
2037
1688
1291
1450
1645
1629
1383
1415
1440
1507
1669
1494
1956
1664
1886
1189
1937
1250
1501
1769
1825
2090
1962
2074
1937
2367
2132
1881
794
481
414
561
1517
1953
1886
1696
1784
1491
1524
1667
1543
1661
1867
1838
1161
1605
1422
1489
2023
2228
1701
1693
1591
1405
1484
1074
1717
1482
1500
870
669
525
363
302
286
500
997
1510
1610
1201
1781
1469
1157
1233
1727
1851
1768
1179
1606
1226
1556
1402
1519
659
825
634
1064
1096
1215
1004
756
589
143
414
634
802
1414
1629
1586
1647
1567
2112
2096
1743
1320
1326
1403
1540
1323
1943
1387
1727
1349
1084
1462
1367
1223
1386
1282
1227
1441
1513
1196
790
1026
939
649
863
1316
1284
854
981
880
1116
602
634
302
478
478
342
831
1041
1393
1377
1516
1325
1278
1712
1628
1558
1548
1554
1562
1578
1803
1546
1823
1791
1785
1964
1921
1338
1895
1839
1931
1839
2088
2208
1465
2096
1900
1494
1887
1921
2058
2228
2032
1839
1992
1661
2017
1825
2013
1915
1970
1930
1846
1481
2052
2008
1386
1682
947
1714
1711
1586
1208
1505
1479
1121
1498
1061
1478
1275
1189
1412
1516
1602
1657
1661
1951
1873
1861
2007
1301
1950
2040
1886
1468
1825
1895
1778
1930
1739
1568
1452
1645
1791
1309
1597
1453
1558
1338
1100
1211
1575
1549
1463
1371
1399
1862
1656
943
1704
1828
1683
1816
1511
1486
992
1457
1484
1265
1387
1707
1631
1995
1746
1610
1976
1787
1498
1437
1790
1822
1750
1909
1763
1723
1948
1602
1564
1790
1992
1701
1453
1784
1916
2597
1747
1865
1908
1486
1725
1603
1578
1714
1704
1806
1746
1599
1364
1347
1574
2049
1338
1498
1485
1597
1781
1526
1472
1157
1201
1806
1756
1049
1656
1195
418
1132
1156
1023
1134
780
561
602
780
876
408
1161
692
595
911
1164
446
701
351
302
366
494
303
797
433
1036
765
494
329
414
366
299
621
217
462
402
733
513
474
526
526
377
498
637
344
398
462
201
478
345
350
366
208
382
398
232
382
239
222
589
268
350
251
382
255
143
207
761
906
927
1022
1112
1465
1781
968
1210
978
1116
928
753
787
818
867
375
415
302
191
1201
363
79
143
812
558
767
950
850
85
1457
1041
523
616
781
611
542
600
307
382
366
443
828
1147
855
803
542
426
688
957
710
628
446
366
351
1131
1097
925
1004
793
691
683
994
704
517
412
589
635
777
491
417
414
305
382
270
446
402
446
265
430
356
398
334
230
175
207
159
258
710
302
159
334
173
350
286
245
255
554
414
818
542
254
1285
1115
1191
611
302
726
207
207
286
523
1278
1293
1291
643
630
963
721
749
635
500
641
558
347
605
549
437
651
857
1387
1096
1351
1580
1403
1670
1600
1721
1791
1791
1871
1672
710
1243
1685
1969
1575
1739
2029
2192
1514
1380
1395
1559
1479
1572
1634
1964
1725
917
949
794
1046
832
844
893
885
1239
1424
869
1064
753
987
1144
909
858
1275
1202
918
637
723
920
994
851
1039
1070
1071
1093
857
1183
1268
1296
1064
1326
1182
1398
1449
1144
1529
1453
1494
1647
1255
1304
1489
1667
1704
1899
1938
1795
1137
1097
1342
1546
1588
1322
1680
1876
1705
1259
1352
1753
1670
1612
1605
1479
1309
1160
1182
1902
1530
1759
1233
1551
1644
1644
1728
2173
1341
1489
1870
1568
1642
1721
1982
1683
1331
1304
561
1693
1382
1526
1532
1312
1453
1676
1262
1366
1341
1048
683
605
478
1055
1513
1520
1740
1240
1676
1685
1269
2046
1253
1303
1306
1632
1986
1584
1867
1660
1676
1734
1752
1618
949
1564
1809
1312
1788
1294
1806
1862
1755
1890
1616
1841
1712
1915
1916
1701
1523
13
1405
2555
2167
318
462
803
908
1463
1344
1947
1744
1734
1998
2078
2151
1495
1132
1218
1073
595
367
653
331
318
377
697
816
653
530
430
803
1230
788
286
223
207
143
519
558
1020
1344
971
813
565
554
749
905
718
716
662
475
883
721
461
624
621
692
622
350
350
611
960
888
361
667
1124
1316
1202
1143
1131
1192
963
1036
1004
1068
1189
947
478
220
1083
1460
1102
1131
1364
1156
743
1224
1591
1237
1778
1562
781
1268
1728
1367
1456
1468
1759
1564
1865
2287
1876
1159
1113
1046
1561
1638
1223
831
612
1147
968
912
659
1533
1800
1504
1574
1587
1213
1157
1846
1386
1591
1380
1591
1030
1020
1201
1266
848
917
828
653
1039
1183
1132
1217
807
1220
1236
1259
1481
1482
1315
930
563
446
1245
1366
1368
1435
1435
1664
1603
1164
1281
962
1201
879
646
1239
1418
1268
842
982
669
418
494
807
1013
1092
1159
939
1189
1323
1342
1449
1301
1335
1335
1264
778
1274
1287
1333
1281
1296
906
1463
1428
1271
1482
1548
1640
1623
1755
1711
1677
1540
1285
861
551
799
765
606
869
662
516
723
391
1253
1134
991
573
423
1180
1654
1581
1281
1693
2109
1615
2097
1555
1677
1535
1204
1147
1539
1465
1304
1599
2263
1693
1539
1532
1567
1456
1505
1737
1236
1331
1070
1143
930
581
1613
1542
1438
1453
1310
1030
1322
1603
1434
1042
510
191
138
1418
1737
1616
1368
1994
2011
1599
1301
1298
1261
955
855
748
737
937
1452
1041
1285
1482
1078
1759
1430
1699
1549
1504
1430
1154
925
468
541
727
558
31
858
800
794
758
1845
1973
2001
1893
2135
2052
1717
2495
1855
1361
1093
79
127
925
692
888
634
1143
1584
1900
2131
2262
1838
2374
1967
1756
1619
1909
1728
1962
1695
1858
2013
1889
1603
1698
1043
482
318
1109
1765
2001
2107
1626
1323
1217
1220
985
790
730
818
857
820
901
573
410
472
589
764
813
545
542
185
1721
1905
1656
1580
1597
1159
1345
1666
1746
837
1159
1296
1164
767
609
714
350
350
297
845
675
455
564
605
421
404
398
261
334
328
494
334
334
267
350
258
386
159
159
175
117
430
268
191
127
111
63
127
102
111
47
47
414
103
334
255
213
318
271
152
175
31
526
95
111
171
637
430
310
462
442
510
268
207
223
143
184
239
302
222
414
328
727
1076
874
784
901
717
380
538
937
1052
494
306
334
214
302
337
631
786
953
917
1733
1398
1122
1363
1545
2161
2241
2304
1769
1664
1503
1288
1558
1282
1667
1469
1728
2176
2294
1967
2134
1876
1674
1800
1746
1625
1411
1511
1597
1568
1664
1482
2257
1908
1634
1852
2174
2167
1857
2059
1895
1963
1823
1638
2037
1688
1291
1450
1645
1629
1383
1415
1440
1507
1669
1494
1956
1664
1886
1189
1937
1250
1501
1769
1825
2090
1962
2074
1937
2367
2132
1881
794
481
414
561
1517
1953
1886
1696
1784
1491
1524
1667
1543
1661
1867
1838
1161
1605
1422
1489
2023
2228
1701
1693
1591
1405
1484
1074
1717
1482
1500
870
669
525
363
302
286
500
997
1510
1610
1201
1781
1469
1157
1233
1727
1851
1768
1179
1606
1226
1556
1402
1519
659
825
634
1064
1096
1215
1004
756
589
143
414
634
802
1414
1629
1586
1647
1567
2112
2096
1743
1320
1326
1403
1540
1323
1943
1387
1727
1349
1084
1462
1367
1223
1386
1282
1227
1441
1513
1196
790
1026
939
649
863
1316
1284
854
981
880
1116
602
634
302
478
478
342
831
1041
1393
1377
1516
1325
1278
1712
1628
1558
1548
1554
1562
1578
1803
1546
1823
1791
1785
1964
1921
1338
1895
1839
1931
1839
2088
2208
1465
2096
1900
1494
1887
1921
2058
2228
2032
1839
1992
1661
2017
1825
2013
1915
1970
1930
1846
1481
2052
2008
1386
1682
947
1714
1711
1586
1208
1505
1479
1121
1498
1061
1478
1275
1189
1412
1516
1602
1657
1661
1951
1873
1861
2007
1301
1950
2040
1886
1468
1825
1895
1778
1930
1739
1568
1452
1645
1791
1309
1597
1453
1558
1338
1100
1211
1575
1549
1463
1371
1399
1862
1656
943
1704
1828
1683
1816
1511
1486
992
1457
1484
1265
1387
1707
1631
1995
1746
1610
1976
1787
1498
1437
1790
1822
1750
1909
1763
1723
1948
1602
1564
1790
1992
1701
1453
1784
1916
2597
1747
1865
1908
1486
1725
1603
1578
1714
1704
1806
1746
1599
1364
1347
1574
2049
1338
1498
1485
1597
1781
1526
1472
1157
1201
1806
1756
1049
1656
1195
418
1132
1156
1023
1134
780
561
602
780
876
408
1161
692
595
911
1164
446
701
351
302
366
494
303
797
433
1036
765
494
329
414
366
299
621
217
462
402
733
513
474
526
526
377
498
637
344
398
462
201
478
345
350
366
208
382
398
232
382
239
222
589
268
350
251
382
255
143
207
761
906
927
1022
1112
1465
1781
968
1210
978
1116
928
753
787
818
867
375
415
302
191
1201
363
79
143
812
558
767
950
850
85
1457
1041
523
616
781
611
542
600
307
382
366
443
828
1147
855
803
542
426
688
957
710
628
446
366
351
1131
1097
925
1004
793
691
683
994
704
517
412
589
635
777
491
417
414
305
382
270
446
402
446
265
430
356
398
334
230
175
207
159
258
710
302
159
334
173
350
286
245
255
554
414
818
542
254
1285
1115
1191
611
302
726
207
207
286
523
1278
1293
1291
643
630
963
721
749
635
500
641
558
347
605
549
437
651
857
1387
1096
1351
1580
1403
1670
1600
1721
1791
1791
1871
1672
710
1243
1685
1969
1575
1739
2029
2192
1514
1380
1395
1559
1479
1572
1634
1964
1725
917
949
794
1046
832
844
893
885
1239
1424
869
1064
753
987
1144
909
858
1275
1202
918
637
723
920
994
851
1039
1070
1071
1093
857
1183
1268
1296
1064
1326
1182
1398
1449
1144
1529
1453
1494
1647
1255
1304
1489
1667
1704
1899
1938
1795
1137
1097
1342
1546
1588
1322
1680
1876
1705
1259
1352
1753
1670
1612
1605
1479
1309
1160
1182
1902
1530
1759
1233
1551
1644
1644
1728
2173
1341
1489
1870
1568
1642
1721
1982
1683
1331
1304
561
1693
1382
1526
1532
1312
1453
1676
1262
1366
1341
1048
683
605
478
1055
1513
1520
1740
1240
1676
1685
1269
2046
1253
1303
1306
1632
1986
1584
1867
1660
1676
1734
1752
1618
949
1564
1809
1312
1788
1294
1806
1862
1755
1890
1616
1841
1712
1915
1916
1701
1523
