2565
2470
2900
2205
2226
2249
2688
2604
2090
1984
1550
2467
2269
2390
1647
2015
2005
2468
2021
2499
2305
2332
2680
2810
3218
1810
2332
2784
3087
2747
3166
2702
2364
2367
2856
2310
3022
2560
2609
2326
1598
2630
3005
2398
2457
2301
1912
2229
2526
2593
2604
2023
1868
2369
2576
2647
2770
1940
1553
1881
1591
1324
1981
2107
1619
1260
1584
1923
1602
1293
1766
2359
1653
1940
2424
2612
2179
2375
2048
2563
2869
2727
1992
2414
2143
2190
2292
2459
2040
2170
1784
2025
2079
2274
1763
1714
2002
2018
2054
2365
1501
1501
1298
1480
1606
1143
1008
926
1526
771
905
661
214
93
447
583
876
859
195
827
985
1977
1611
1282
1216
1010
1064
841
512
530
321
796
820
902
948
1039
763
1108
1197
1278
1354
1008
1236
1219
1275
1170
1110
1198
984
214
861
1092
861
777
974
1128
796
604
918
769
1020
851
953
971
1013
1154
1118
1175
1156
1319
956
1399
1177
1329
1329
966
1416
1144
1231
1021
856
1139
1406
1313
1765
1568
1629
1341
1573
1616
1336
995
1390
1414
1326
958
1234
1270
1025
1421
1044
1278
1116
1198
1172
1493
1062
439
1360
858
1003
1020
1067
601
925
1136
1110
1159
1131
895
1126
1282
954
1272
814
1052
1003
1000
1015
1023
1036
1115
1075
976
684
912
753
751
792
784
751
571
655
859
730
707
758
859
522
679
627
877
735
931
859
841
594
715
537
661
370
573
591
354
447
442
1544
1377
1964
948
1730
1141
611
1084
1699
977
1236
1125
1216
1149
895
1591
1018
671
738
1003
1211
902
1054
615
440
393
291
232
196
178
167
214
321
270
506
609
542
543
759
609
542
483
430
586
804
859
1093
781
954
722
850
864
676
925
861
902
1087
902
750
750
805
255
759
859
534
491
769
334
483
306
1498
1010
1005
1252
1679
1329
1607
1722
1282
1422
856
1033
964
755
701
607
668
715
530
812
958
1079
1262
607
990
800
936
1110
1318
1244
1095
1419
1442
1517
1454
1023
1332
1584
1023
1102
856
686
578
645
622
609
277
393
365
609
589
622
715
357
465
270
715
458
489
679
435
375
267
321
214
935
797
689
835
771
501
615
679
386
504
661
452
429
268
321
345
429
286
275
357
196
79
250
357
437
434
679
486
1092
787
709
532
609
642
823
712
1458
1396
928
661
393
232
277
196
745
393
470
429
661
804
617
715
540
555
694
583
949
894
848
1041
980
1023
1105
1228
843
638
622
1915
1458
1871
1653
1516
1005
1077
1331
1229
1064
519
354
787
563
586
609
1043
1067
1342
1305
1720
1386
1576
1882
1995
1994
1984
1877
1966
2364
1660
1822
1838
2017
2398
2493
2077
1894
1769
1691
1873
1913
1979
1427
1421
1013
1255
1203
917
1125
866
679
620
802
964
599
868
851
570
591
246
1288
1617
1257
1277
1797
1674
1283
1598
1185
1313
1336
1354
1291
1226
1475
1462
1486
1498
1938
1437
1416
1846
1809
1714
1565
1588
1262
1580
1259
1359
1416
1342
1508
1511
1707
1190
1751
1305
1282
1462
1463
1720
1742
1740
1676
1997
1437
1670
1861
1760
1717
1563
1990
2148
2364
1678
1398
2092
1396
727
1331
1121
1367
1814
1804
1594
1832
1198
1504
1499
1681
1393
989
1432
899
642
920
1458
1107
1116
1125
1365
1347
1213
1380
1182
1765
2023
1522
1840
1082
1342
933
1399
1162
1481
1642
1030
1182
925
897
689
1506
1642
1760
1683
1707
1846
1710
1750
1694
1398
1766
1589
2198
2003
1692
1375
1128
751
1149
1249
1381
753
1213
1188
1062
709
1257
1144
1242
1210
1108
1051
1167
1696
1553
1871
1958
2138
1912
1941
1922
2031
1684
2180
2025
2107
2144
2130
2684
232
103
593
859
2278
3061
1529
1270
2247
1462
1596
1305
2316
1696
2488
2192
1267
1408
1201
1332
1498
1003
676
890
943
953
902
859
651
647
573
376
411
295
411
321
447
1568
1850
1771
1956
1984
1666
1696
1794
1095
1674
948
954
756
800
728
1125
1005
1233
591
545
393
334
1002
966
1034
1368
1290
573
661
1093
679
404
250
106
375
705
1499
1891
1183
1771
1048
1118
1229
1661
1501
1300
1458
1584
1192
679
1138
1568
1390
1342
1044
1344
1976
1756
1072
643
466
1476
1676
1537
1198
1508
1187
1146
1016
1007
832
710
396
232
399
519
393
357
519
537
478
519
357
380
650
751
496
545
897
1087
913
848
948
712
465
529
447
380
697
841
902
1143
966
607
679
447
609
462
733
967
671
751
516
627
566
501
566
687
1560
943
953
940
1074
1164
1167
861
1347
1313
907
725
984
833
738
1141
1377
1414
1100
1188
918
679
483
332
178
268
653
979
1278
1059
954
676
1473
956
1367
964
1573
1866
1188
1470
1334
1121
344
692
1566
1871
2367
1653
1670
1521
1624
1468
1526
1985
1475
1722
1966
1894
2162
2316
2221
1738
2252
1596
2077
2203
1643
1953
1861
2062
1892
2059
2069
1774
1668
1534
1512
900
1386
1293
1591
1260
1486
1472
990
1188
1070
758
874
719
766
796
1110
648
1008
1048
930
383
501
1267
953
1548
1521
1442
1599
1773
2359
1789
1724
2015
1648
1169
1401
768
1085
1054
697
1092
1012
1208
1057
751
1301
1215
1283
1296
1211
1079
1345
1043
1450
1449
1509
1630
1480
1206
1553
1233
1416
1475
1580
984
1517
1291
1221
627
593
1090
1033
958
807
876
1193
627
660
1223
1267
1090
796
1460
1005
948
1134
1162
1211
1259
1005
838
1139
1298
1131
894
1180
1010
1129
935
769
748
908
1025
784
836
15
1116
1285
447
286
311
411
573
298
286
679
660
463
426
483
445
411
286
304
259
214
357
401
1427
1164
841
164
524
756
751
669
877
557
591
609
525
715
579
537
609
494
627
503
627
383
530
609
550
612
725
828
985
1075
1023
1015
930
985
948
1002
1043
1074
1125
214
1596
1049
998
1102
1103
1201
1062
1107
1108
1082
1242
1087
782
779
889
946
519
124
257
483
424
679
881
1015
710
445
440
519
555
696
781
447
383
591
344
286
250
178
155
250
642
1149
922
961
730
966
720
750
792
799
928
1311
722
1002
653
800
342
627
547
534
537
416
501
462
545
637
714
764
871
787
661
715
720
817
1048
1046
1067
1072
961
899
429
1344
1794
1823
1578
604
674
661
599
784
1534
1344
1431
1868
1000
447
214
1033
1521
1028
1190
1463
1210
998
1118
1884
1671
2871
2529
1904
1920
1958
1894
1856
1948
917
447
457
683
995
1169
1143
1012
319
1088
997
769
805
527
671
697
509
627
507
588
805
521
511
725
697
296
375
403
661
550
550
447
250
20
49
1490
2010
1832
1609
1768
1440
1956
2141
1817
1480
1483
1715
1990
1763
1823
2017
1635
1666
1814
1738
1706
1545
1668
1095
720
841
1082
794
763
931
555
475
519
411
242
931
503
465
416
429
524
609
419
429
427
319
142
393
280
268
557
268
509
591
280
375
214
218
70
715
242
537
358
627
660
1067
1023
769
773
1254
964
933
1013
1237
1085
1111
339
620
627
329
124
437
773
643
552
1375
1347
881
1193
1154
1070
1146
818
493
429
283
357
462
573
388
720
866
994
1149
1301
2126
2113
2159
1666
838
1686
1413
1350
1881
2311
1990
1062
1416
781
1200
434
722
733
977
1504
1563
1823
2229
2085
1740
1287
1812
1710
1771
1783
1913
2681
2629
2411
2745
2364
1352
2131
2288
2228
2427
2334
2367
2882
2796
2680
2886
2889
3090
2517
3108
2737
2622
2586
2373
2483
2612
1640
2049
1999
1902
2175
2077
2257
2118
2673
2565
2470
2900
2205
2226
2249
2688
2604
2090
1984
1550
2467
2269
2390
1647
2015
2005
2468
2021
2499
2305
2332
2680
2810
3218
1810
2332
2784
3087
2747
3166
2702
2364
2367
2856
2310
3022
2560
2609
2326
1598
2630
3005
2398
2457
2301
1912
2229
2526
2593
2604
2023
1868
2369
2576
2647
2770
1940
1553
1881
1591
1324
1981
2107
1619
1260
1584
1923
1602
1293
1766
2359
1653
1940
2424
2612
2179
2375
2048
2563
2869
2727
1992
2414
2143
2190
2292
2459
2040
2170
1784
2025
2079
2274
1763
1714
2002
2018
2054
2365
1501
1501
1298
1480
1606
1143
1008
926
1526
771
905
661
214
93
447
583
876
859
195
827
985
1977
1611
1282
1216
1010
1064
841
512
530
321
796
820
902
948
1039
763
1108
1197
1278
1354
1008
1236
1219
1275
1170
1110
1198
984
214
861
1092
861
777
974
1128
796
604
918
769
1020
851
953
971
1013
1154
1118
1175
1156
1319
956
1399
1177
1329
1329
966
1416
1144
1231
1021
856
1139
1406
1313
1765
1568
1629
1341
1573
1616
1336
995
1390
1414
1326
958
1234
1270
1025
1421
1044
1278
1116
1198
1172
1493
1062
439
1360
858
1003
1020
1067
601
925
1136
1110
1159
1131
895
1126
1282
954
1272
814
1052
1003
1000
1015
1023
1036
1115
1075
976
684
912
753
751
792
784
751
571
655
859
730
707
758
859
522
679
627
877
735
931
859
841
594
715
537
661
370
573
591
354
447
442
1544
1377
1964
948
1730
1141
611
1084
1699
977
1236
1125
1216
1149
895
1591
1018
671
738
1003
1211
902
1054
615
440
393
291
232
196
178
167
214
321
270
506
609
542
543
759
609
542
483
430
586
804
859
1093
781
954
722
850
864
676
925
861
902
1087
902
750
750
805
255
759
859
534
491
769
334
483
306
1498
1010
1005
1252
1679
1329
1607
1722
1282
1422
856
1033
964
755
701
607
668
715
530
812
958
1079
1262
607
990
800
936
1110
1318
1244
1095
1419
1442
1517
1454
1023
1332
1584
1023
1102
856
686
578
645
622
609
277
393
365
609
589
622
715
357
465
270
715
458
489
679
435
375
267
321
214
935
797
689
835
771
501
615
679
386
504
661
452
429
268
321
345
429
286
275
357
196
79
250
357
437
434
679
486
1092
787
709
532
609
642
823
712
1458
1396
928
661
393
232
277
196
745
393
470
429
661
804
617
715
540
555
694
583
949
894
848
1041
980
1023
1105
1228
843
638
622
1915
1458
1871
1653
1516
1005
1077
1331
1229
1064
519
354
787
563
586
609
1043
1067
1342
1305
1720
1386
1576
1882
1995
1994
1984
1877
1966
2364
1660
1822
1838
2017
2398
2493
2077
1894
1769
1691
1873
1913
1979
1427
1421
1013
1255
1203
917
1125
866
679
620
802
964
599
868
851
570
591
246
1288
1617
1257
1277
1797
1674
1283
1598
1185
1313
1336
1354
1291
1226
1475
1462
1486
1498
1938
1437
1416
1846
1809
1714
1565
1588
1262
1580
1259
1359
1416
1342
1508
1511
1707
1190
1751
1305
1282
1462
1463
1720
1742
1740
1676
1997
1437
1670
1861
1760
1717
1563
1990
2148
2364
1678
1398
2092
1396
727
1331
1121
1367
1814
1804
1594
1832
1198
1504
1499
1681
1393
989
1432
899
642
920
1458
1107
1116
1125
1365
1347
1213
1380
1182
1765
2023
1522
1840
1082
1342
933
1399
1162
1481
1642
1030
1182
925
897
689
1506
1642
1760
1683
1707
1846
1710
1750
1694
1398
1766
1589
2198
2003
1692
1375
1128
751
1149
1249
1381
753
1213
1188
1062
709
1257
1144
1242
1210
1108
1051
1167
1696
1553
1871
1958
2138
1912
1941
1922
2031
1684
2180
2025
2107
2144
2130
2684
232
103
593
859
2278
3061
1529
1270
2247
1462
1596
1305
2316
1696
2488
2192
1267
1408
1201
1332
1498
1003
676
890
943
953
902
859
651
647
573
376
411
295
411
321
447
1568
1850
1771
1956
1984
1666
1696
1794
1095
1674
948
954
756
800
728
1125
1005
1233
591
545
393
334
1002
966
1034
1368
1290
573
661
1093
679
404
250
106
375
705
1499
1891
1183
1771
1048
1118
1229
1661
1501
1300
1458
1584
1192
679
1138
1568
1390
1342
1044
1344
1976
1756
1072
643
466
1476
1676
1537
1198
1508
1187
1146
1016
1007
832
710
396
232
399
519
393
357
519
537
478
519
357
380
650
751
496
545
897
1087
913
848
948
712
465
529
447
380
697
841
902
1143
966
607
679
447
609
462
733
967
671
751
516
627
566
501
566
687
1560
943
953
940
1074
1164
1167
861
1347
1313
907
725
984
833
738
1141
1377
1414
1100
1188
918
679
483
332
178
268
653
979
1278
1059
954
676
1473
956
1367
964
1573
1866
1188
1470
1334
1121
344
692
1566
1871
2367
1653
1670
1521
1624
1468
1526
1985
1475
1722
1966
1894
2162
2316
2221
1738
2252
1596
2077
2203
1643
1953
1861
2062
1892
2059
2069
1774
1668
1534
1512
900
1386
1293
1591
1260
1486
1472
990
1188
1070
758
874
719
766
796
1110
648
1008
1048
930
383
501
1267
953
1548
1521
1442
1599
1773
2359
1789
1724
2015
1648
1169
1401
768
1085
1054
697
1092
1012
1208
1057
751
1301
1215
1283
1296
1211
1079
1345
1043
1450
1449
1509
1630
1480
1206
1553
1233
1416
1475
1580
984
1517
1291
1221
627
593
1090
1033
958
807
876
1193
627
660
1223
1267
1090
796
1460
1005
948
1134
1162
1211
1259
1005
838
1139
1298
1131
894
1180
1010
1129
935
769
748
908
1025
784
836
15
1116
1285
447
286
311
411
573
298
286
679
660
463
426
483
445
411
286
304
259
214
357
401
1427
1164
841
164
524
756
751
669
877
557
591
609
525
715
579
537
609
494
627
503
627
383
530
609
550
612
725
828
985
1075
1023
1015
930
985
948
1002
1043
1074
1125
214
1596
1049
998
1102
1103
1201
1062
1107
1108
1082
1242
1087
782
779
889
946
519
124
257
483
424
679
881
1015
710
445
440
519
555
696
781
447
383
591
344
286
250
178
155
250
642
1149
922
961
730
966
720
750
792
799
928
1311
722
1002
653
800
342
627
547
534
537
416
501
462
545
637
714
764
871
787
661
715
720
817
1048
1046
1067
1072
961
899
429
1344
1794
1823
1578
604
674
661
599
784
1534
1344
1431
1868
1000
447
214
1033
1521
1028
1190
1463
1210
998
1118
1884
1671
2871
2529
1904
1920
1958
1894
1856
1948
917
447
457
683
995
1169
1143
1012
319
1088
997
769
805
527
671
697
509
627
507
588
805
521
511
725
697
296
375
403
661
550
550
447
250
20
49
1490
2010
1832
1609
1768
1440
1956
2141
1817
1480
1483
1715
1990
1763
1823
2017
1635
1666
1814
1738
1706
1545
1668
1095
720
841
1082
794
763
931
555
475
519
411
242
931
503
465
416
429
524
609
419
429
427
319
142
393
280
268
557
268
509
591
280
375
214
218
70
715
242
537
358
627
660
1067
1023
769
773
1254
964
933
1013
1237
1085
1111
339
620
627
329
124
437
773
643
552
1375
1347
881
1193
1154
1070
1146
818
493
429
283
357
462
573
388
720
866
994
1149
1301
2126
2113
2159
1666
838
1686
1413
1350
1881
2311
1990
1062
1416
781
1200
434
722
733
977
1504
1563
1823
2229
2085
1740
1287
1812
1710
1771
1783
1913
2681
2629
2411
2745
2364
1352
2131
2288
2228
2427
2334
2367
2882
2796
2680
2886
2889
3090
2517
3108
2737
2622
2586
2373
2483
2612
1640
2049
1999
1902
2175
2077
2257
2118
2673
2565
2470
2900
2205
2226
2249
2688
2604
2090
1984
1550
2467
2269
2390
1647
2015
2005
2468
2021
2499
2305
2332
2680
2810
3218
1810
2332
2784
3087
2747
3166
2702
2364
2367
2856
2310
3022
2560
2609
2326
1598
2630
3005
2398
2457
2301
1912
2229
2526
2593
2604
2023
1868
2369
2576
2647
2770
1940
1553
1881
1591
1324
1981
2107
1619
1260
1584
1923
1602
1293
1766
2359
1653
1940
2424
2612
2179
2375
2048
2563
2869
2727
1992
2414
2143
2190
2292
2459
2040
2170
1784
2025
2079
2274
1763
1714
2002
2018
2054
2365
1501
1501
1298
1480
1606
1143
1008
926
1526
771
905
661
214
93
447
583
876
859
195
827
985
1977
1611
1282
1216
1010
1064
841
512
530
321
796
820
902
948
1039
763
1108
1197
1278
1354
1008
1236
1219
1275
1170
1110
1198
984
214
861
1092
861
777
974
1128
796
604
918
769
1020
851
953
971
1013
1154
1118
1175
1156
1319
956
1399
1177
1329
1329
966
1416
1144
1231
1021
856
1139
1406
1313
1765
1568
1629
1341
1573
1616
1336
995
1390
1414
1326
958
1234
1270
1025
1421
1044
1278
1116
1198
1172
1493
1062
439
1360
858
1003
1020
1067
601
925
1136
1110
1159
1131
895
1126
1282
954
1272
814
1052
1003
1000
1015
1023
1036
1115
1075
976
684
912
753
751
792
784
751
571
655
859
730
707
758
859
522
679
627
877
735
931
859
841
594
715
537
661
370
573
591
354
447
442
1544
1377
1964
948
1730
1141
611
1084
1699
977
1236
1125
1216
1149
895
1591
1018
671
738
1003
1211
902
1054
615
440
393
291
232
196
178
167
214
321
270
506
609
542
543
759
609
542
483
430
586
804
859
1093
781
954
722
850
864
676
925
861
902
1087
902
750
750
805
255
759
859
534
491
769
334
483
306
1498
1010
1005
1252
1679
1329
1607
1722
1282
1422
856
1033
964
755
701
607
668
715
530
812
958
1079
1262
607
990
800
936
1110
1318
1244
1095
1419
1442
1517
1454
1023
1332
1584
1023
1102
856
686
578
645
622
609
277
393
365
609
589
622
715
357
465
270
715
458
489
679
435
375
267
321
214
935
797
689
835
771
501
615
679
386
504
661
452
429
268
321
345
429
286
275
357
196
79
250
357
437
434
679
486
1092
787
709
532
609
642
823
712
1458
1396
928
661
393
232
277
196
745
393
470
429
661
804
617
715
540
555
694
583
949
894
848
1041
980
1023
1105
1228
843
638
622
1915
1458
1871
1653
1516
1005
1077
1331
1229
1064
519
354
787
563
586
609
1043
1067
1342
1305
1720
1386
1576
1882
1995
1994
1984
1877
1966
2364
1660
1822
1838
2017
2398
2493
2077
1894
1769
1691
1873
1913
1979
1427
1421
1013
1255
1203
917
1125
866
679
620
802
964
599
868
851
570
591
246
1288
1617
1257
1277
1797
1674
1283
1598
1185
1313
1336
1354
1291
1226
1475
1462
1486
1498
1938
1437
1416
1846
1809
1714
1565
1588
1262
1580
1259
1359
1416
1342
1508
1511
1707
1190
1751
1305
1282
1462
1463
1720
1742
1740
1676
1997
1437
1670
1861
1760
1717
1563
1990
2148
2364
1678
1398
2092
1396
727
1331
1121
1367
1814
1804
1594
1832
1198
1504
1499
1681
1393
989
1432
899
642
920
1458
1107
1116
1125
1365
1347
1213
1380
1182
1765
2023
1522
1840
1082
1342
933
1399
1162
1481
1642
1030
1182
925
897
689
1506
1642
1760
1683
1707
1846
1710
1750
1694
1398
1766
1589
2198
2003
1692
1375
1128
751
1149
1249
1381
753
1213
1188
1062
709
1257
1144
1242
1210
1108
1051
1167
1696
1553
1871
1958
2138
1912
1941
1922
2031
1684
2180
2025
2107
2144
2130
2684
232
