582
421
82
262
378
376
335
439
278
295
304
263
358
290
268
304
247
313
251
313
192
265
304
275
306
363
414
493
538
512
507
465
493
474
501
521
537
562
107
798
525
499
551
552
601
531
553
554
541
621
543
391
390
444
473
259
62
128
241
212
340
440
507
355
223
220
259
277
348
390
223
192
295
172
143
125
89
78
125
321
575
461
480
365
483
360
375
396
399
464
656
361
501
327
400
171
313
273
267
268
208
250
231
273
318
357
382
435
394
331
358
360
408
524
523
534
536
480
449
214
672
897
912
789
302
337
331
300
392
767
672
715
934
500
223
107
516
760
514
595
732
605
499
559
942
836
1436
1264
952
960
979
947
928
974
458
223
228
341
498
584
571
506
160
544
498
385
403
264
336
349
255
313
254
294
403
260
255
363
349
148
187
201
331
275
275
223
125
10
25
745
1005
916
805
884
720
978
1070
908
740
741
858
995
881
912
1008
818
833
907
869
853
773
834
548
360
421
541
397
381
466
277
237
259
205
121
466
251
232
208
214
262
304
210
214
214
160
71
196
140
134
278
134
255
295
140
187
107
109
35
358
121
268
179
313
330
534
512
385
386
627
482
466
507
619
543
556
169
310
313
165
62
219
386
322
276
687
674
440
597
577
535
573
409
246
214
142
178
231
286
194
360
433
497
575
651
1063
1057
1079
833
419
843
706
675
940
1156
995
531
708
390
600
217
361
367
489
752
782
912
1115
1043
870
643
906
855
886
891
957
1341
1314
1206
1372
1182
676
1066
1144
1114
1214
1167
1183
1441
1398
1340
1443
1445
1545
1259
1554
1368
1311
1293
1187
1242
1306
820
1025
999
951
1088
1039
1129
1059
1336
1282
1235
1450
1102
1113
1125
1344
1302
1045
992
775
1233
1134
1195
823
1007
1003
1234
1011
1250
1152
1166
1340
1405
1609
905
1166
1392
1544
1373
1583
1351
1182
1183
1428
1155
1511
1280
1305
1163
799
1315
1503
1199
1228
1151
956
1115
1263
1296
1302
1012
934
1184
1288
1323
1385
970
777
940
796
662
990
1053
809
630
792
962
801
647
883
1179
827
970
1212
1306
1089
1188
1024
1282
1435
1363
996
1207
1071
1095
1146
1229
1020
1085
892
1012
1039
1137
881
857
1001
1009
1027
1183
750
750
649
740
803
571
504
463
763
385
453
331
107
47
223
291
438
430
97
413
493
989
805
641
608
505
532
421
256
265
160
398
410
451
474
520
381
554
598
639
677
504
618
610
638
585
555
599
492
107
430
546
430
389
487
564
398
302
459
385
510
426
476
485
507
577
559
588
578
660
478
700
588
665
665
483
708
572
615
511
428
570
703
656
882
784
814
670
787
808
668
498
695
707
663
479
617
635
512
710
522
639
558
599
586
746
531
219
680
429
502
510
534
300
462
568
555
579
566
448
563
641
477
636
407
526
502
500
507
512
518
557
538
488
342
456
376
376
396
392
376
286
327
430
365
354
379
430
261
340
313
439
367
466
430
421
297
358
268
331
185
286
295
177
223
221
772
688
982
474
865
570
305
542
850
489
618
562
608
575
448
796
509
336
369
502
606
451
527
308
220
196
146
116
98
89
83
107
160
135
253
304
271
272
380
304
271
241
215
293
402
430
547
390
477
361
425
432
338
462
430
451
543
451
375
375
403
128
380
430
267
246
385
167
241
153
749
505
503
626
840
665
804
861
641
711
428
516
482
377
350
304
334
358
265
406
479
539
631
304
495
400
468
555
659
622
548
710
721
759
727
512
666
792
512
551
428
343
289
322
311
304
138
196
183
304
295
311
358
178
232
135
358
229
245
340
218
187
133
160
107
467
399
345
417
385
250
308
340
193
252
331
226
214
134
160
173
214
143
137
178
98
39
125
178
219
217
340
243
546
394
354
266
304
321
412
356
729
698
464
331
196
116
138
98
372
196
235
214
331
402
309
358
270
277
347
291
475
447
424
521
490
512
552
614
421
319
311
958
729
935
827
758
503
539
665
615
532
259
177
394
282
293
304
521
534
671
652
860
693
788
941
998
997
992
939
983
1182
830
911
919
1008
1199
1246
1039
947
885
845
936
957
989
714
710
507
628
602
458
562
433
340
310
401
482
300
434
426
285
295
123
644
809
629
638
899
837
642
799
593
656
668
677
646
613
737
731
743
749
969
719
708
923
904
857
782
794
631
790
629
679
708
671
754
755
854
595
876
652
641
731
732
860
871
870
838
998
719
835
931
880
859
782
995
1074
1182
839
699
1046
698
363
665
561
683
907
902
797
916
599
752
750
841
696
494
716
449
321
460
729
553
558
562
683
674
606
690
591
882
1012
761
920
541
671
466
700
581
741
821
515
591
462
448
345
753
821
880
841
854
923
855
875
847
699
883
795
1099
1002
846
687
564
376
575
624
691
376
606
594
531
354
629
572
621
605
554
525
584
848
777
935
979
1069
956
971
961
1016
842
1090
1012
1053
1072
1065
1342
116
52
296
430
1139
1530
764
635
1124
731
798
652
1158
848
1244
1096
633
704
601
666
749
502
338
445
471
476
451
430
326
323
286
188
205
147
205
160
223
784
925
886
978
992
833
848
897
548
837
474
477
378
400
364
562
503
616
295
273
196
167
501
483
517
684
645
286
331
547
340
202
125
53
187
353
750
945
592
886
524
559
615
831
750
650
729
792
596
340
569
784
695
671
522
672
988
878
536
322
233
738
838
768
599
754
593
573
508
503
416
355
198
116
200
259
196
178
259
268
239
259
178
190
325
376
248
273
448
543
457
424
474
356
232
264
223
190
349
421
451
571
483
304
340
223
304
231
367
484
336
376
258
313
283
250
283
344
780
471
476
470
537
582
584
430
674
656
453
363
492
417
369
570
688
707
550
594
459
340
241
166
89
134
327
489
639
530
477
338
737
478
683
482
787
933
594
735
667
561
172
346
783
935
1183
827
835
760
812
734
763
993
737
861
983
947
1081
1158
1111
869
1126
798
1039
1102
822
976
931
1031
946
1030
1034
887
834
767
756
450
693
647
796
630
743
736
495
594
535
379
437
359
383
398
555
324
504
524
465
192
250
633
476
774
760
721
800
886
1179
895
862
1007
824
584
701
384
543
527
349
546
506
604
529
376
651
607
642
648
606
539
673
521
725
724
755
815
740
603
777
616
708
737
790
492
759
646
611
313
296
545
516
479
403
438
597
313
330
611
633
545
398
730
503
474
567
581
606
629
503
419
570
649
566
447
590
505
565
467
385
374
454
512
392
418
7
558
642
223
143
155
205
286
149
143
340
330
232
213
241
223
205
143
152
129
107
178
201
714
582
421
82
262
378
376
335
439
278
295
304
263
358
290
268
304
247
313
251
313
192
265
304
275
306
363
414
493
538
512
507
465
493
474
501
521
537
562
107
798
525
499
551
552
601
531
553
554
541
621
543
391
390
444
473
259
62
128
241
212
340
440
507
355
223
220
259
277
348
390
223
192
295
172
143
125
89
78
125
321
575
461
480
365
483
360
375
396
399
464
656
361
501
327
400
171
313
273
267
268
208
250
231
273
318
357
382
435
394
331
358
360
408
524
523
534
536
480
449
214
672
897
912
789
302
337
331
300
392
767
672
715
934
500
223
107
516
760
514
595
732
605
499
559
942
836
1436
1264
952
960
979
947
928
974
458
223
228
341
498
584
571
506
160
544
498
385
403
264
336
349
255
313
254
294
403
260
255
363
349
148
187
201
331
275
275
223
125
10
25
745
1005
916
805
884
720
978
1070
908
740
741
858
995
881
912
1008
818
833
907
869
853
773
834
548
360
421
541
397
381
466
277
237
259
205
121
466
251
232
208
214
262
304
210
214
214
160
71
196
140
134
278
134
255
295
140
187
107
109
35
358
121
268
179
313
330
534
512
385
386
627
482
466
507
619
543
556
169
310
313
165
62
219
386
322
276
687
674
440
597
577
535
573
409
246
214
142
178
231
286
194
360
433
497
575
651
1063
1057
1079
833
419
843
706
675
940
1156
995
531
708
390
600
217
361
367
489
752
782
912
1115
1043
870
643
906
855
886
891
957
1341
1314
1206
1372
1182
676
1066
1144
1114
1214
1167
1183
1441
1398
1340
1443
1445
1545
1259
1554
1368
1311
1293
1187
1242
1306
820
1025
999
951
1088
1039
1129
1059
1336
1282
1235
1450
1102
1113
1125
1344
1302
1045
992
775
1233
1134
1195
823
1007
1003
1234
1011
1250
1152
1166
1340
1405
1609
905
1166
1392
1544
1373
1583
1351
1182
1183
1428
1155
1511
1280
1305
1163
799
1315
1503
1199
1228
1151
956
1115
1263
1296
1302
1012
934
1184
1288
1323
1385
970
777
940
796
662
990
1053
809
630
792
962
801
647
883
1179
827
970
1212
1306
1089
1188
1024
1282
1435
1363
996
1207
1071
1095
1146
1229
1020
1085
892
1012
1039
1137
881
857
1001
1009
1027
1183
750
750
649
740
803
571
504
463
763
385
453
331
107
47
223
291
438
430
97
413
493
989
805
641
608
505
532
421
256
265
160
398
410
451
474
520
381
554
598
639
677
504
618
610
638
585
555
599
492
107
430
546
430
389
487
564
398
302
459
385
510
426
476
485
507
577
559
588
578
660
478
700
588
665
665
483
708
572
615
511
428
570
703
656
882
784
814
670
787
808
668
498
695
707
663
479
617
635
512
710
522
639
558
599
586
746
531
219
680
429
502
510
534
300
462
568
555
579
566
448
563
641
477
636
407
526
502
500
507
512
518
557
538
488
342
456
376
376
396
392
376
286
327
430
365
354
379
430
261
340
313
439
367
466
430
421
297
358
268
331
185
286
295
177
223
221
772
688
982
474
865
570
305
542
850
489
618
562
608
575
448
796
509
336
369
502
606
451
527
308
220
196
146
116
98
89
83
107
160
135
253
304
271
272
380
304
271
241
215
293
402
430
547
390
477
361
425
432
338
462
430
451
543
451
375
375
403
128
380
430
267
246
385
167
241
153
749
505
503
626
840
665
804
861
641
711
428
516
482
377
350
304
334
358
265
406
479
539
631
304
495
400
468
555
659
622
548
710
721
759
727
512
666
792
512
551
428
343
289
322
311
304
138
196
183
304
295
311
358
178
232
135
358
229
245
340
218
187
133
160
107
467
399
345
417
385
250
308
340
193
252
331
226
214
134
160
173
214
143
137
178
98
39
125
178
219
217
340
243
546
394
354
266
304
321
412
356
729
698
464
331
196
116
138
98
372
196
235
214
331
402
309
358
270
277
347
291
475
447
424
521
490
512
552
614
421
319
311
958
729
935
827
758
503
539
665
615
532
259
177
394
282
293
304
521
534
671
652
860
693
788
941
998
997
992
939
983
1182
830
911
919
1008
1199
1246
1039
947
885
845
936
957
989
714
710
507
628
602
458
562
433
340
310
401
482
300
434
426
285
295
123
644
809
629
638
899
837
642
799
593
656
668
677
646
613
737
731
743
749
969
719
708
923
904
857
782
794
631
790
629
679
708
671
754
755
854
595
876
652
641
731
732
860
871
870
838
998
719
835
931
880
859
782
995
1074
1182
839
699
1046
698
363
665
561
683
907
902
797
916
599
752
750
841
696
494
716
449
321
460
729
553
558
562
683
674
606
690
591
882
1012
761
920
541
671
466
700
581
741
821
515
591
462
448
345
753
821
880
841
854
923
855
875
847
699
883
795
1099
1002
846
687
564
376
575
624
691
376
606
594
531
354
629
572
621
605
554
525
584
848
777
935
979
1069
956
971
961
1016
842
1090
1012
1053
1072
1065
1342
116
52
296
430
1139
1530
764
635
1124
731
798
652
1158
848
1244
1096
633
704
601
666
749
502
338
445
471
476
451
430
326
323
286
188
205
147
205
160
223
784
925
886
978
992
833
848
897
548
837
474
477
378
400
364
562
503
616
295
273
196
167
501
483
517
684
645
286
331
547
340
202
125
53
187
353
750
945
592
886
524
559
615
831
750
650
729
792
596
340
569
784
695
671
522
672
988
878
536
322
233
738
838
768
599
754
593
573
508
503
416
355
198
116
200
259
196
178
259
268
239
259
178
190
325
376
248
273
448
543
457
424
474
356
232
264
223
190
349
421
451
571
483
304
340
223
304
231
367
484
336
376
258
313
283
250
283
344
780
471
476
470
537
582
584
430
674
656
453
363
492
417
369
570
688
707
550
594
459
340
241
166
89
134
327
489
639
530
477
338
737
478
683
482
787
933
594
735
667
561
172
346
783
935
1183
827
835
760
812
734
763
993
737
861
983
947
1081
1158
1111
869
1126
798
1039
1102
822
976
931
1031
946
1030
1034
887
834
767
756
450
693
647
796
630
743
736
495
594
535
379
437
359
383
398
555
324
504
524
465
192
250
633
476
774
760
721
800
886
1179
895
862
1007
824
584
701
384
543
527
349
546
506
604
529
376
651
607
642
648
606
539
673
521
725
724
755
815
740
603
777
616
708
737
790
492
759
646
611
313
296
545
516
479
403
438
597
313
330
611
633
545
398
730
503
474
567
581
606
629
503
419
570
649
566
447
590
505
565
467
385
374
454
512
392
418
7
558
642
223
143
155
205
286
149
143
340
330
232
213
241
223
205
143
152
129
107
178
201
714
582
421
82
262
378
376
335
439
278
295
304
263
358
290
268
304
247
313
251
313
192
265
304
275
306
363
414
493
538
512
507
465
493
474
501
521
537
562
107
798
525
499
551
552
601
531
553
554
541
621
543
391
390
444
473
259
62
128
241
212
340
440
507
355
223
220
259
277
348
390
223
192
295
172
143
125
89
78
125
321
575
461
480
365
483
360
375
396
399
464
656
361
501
327
400
171
313
273
267
268
208
250
231
273
318
357
382
435
394
331
358
360
408
524
523
534
536
480
449
214
672
897
912
789
302
337
331
300
392
767
672
715
934
500
223
107
516
760
514
595
732
605
499
559
942
836
1436
1264
952
960
979
947
928
974
458
223
228
341
498
584
571
506
160
544
498
385
403
264
336
349
255
313
254
294
403
260
255
363
349
148
187
201
331
275
275
223
125
10
25
745
1005
916
805
884
720
978
1070
908
740
741
858
995
881
912
1008
818
833
907
869
853
773
834
548
360
421
541
397
381
466
277
237
259
205
121
466
251
232
208
214
262
304
210
214
214
160
71
196
140
134
278
134
255
295
140
187
107
109
35
358
121
268
179
313
330
534
512
385
386
627
482
466
507
619
543
556
169
310
313
165
62
219
386
322
276
687
674
440
597
577
535
573
409
246
214
142
178
231
286
194
360
433
497
575
651
1063
1057
1079
833
419
843
706
675
940
1156
995
531
708
390
600
217
361
367
489
752
782
912
1115
1043
870
643
906
855
886
891
957
1341
1314
1206
1372
1182
676
1066
1144
1114
1214
1167
1183
1441
1398
1340
1443
1445
1545
1259
1554
1368
1311
1293
1187
1242
1306
820
1025
999
951
1088
1039
1129
1059
1336
1282
1235
1450
1102
1113
1125
1344
1302
1045
992
775
1233
1134
1195
823
1007
1003
1234
1011
1250
1152
1166
1340
1405
1609
905
1166
1392
1544
1373
1583
1351
1182
1183
1428
1155
1511
1280
1305
1163
799
1315
1503
1199
1228
1151
956
1115
1263
1296
1302
1012
934
1184
1288
1323
1385
970
777
940
796
662
990
1053
809
630
792
962
801
647
883
1179
827
970
1212
1306
1089
1188
1024
1282
1435
1363
996
1207
1071
1095
1146
1229
1020
1085
892
1012
1039
1137
881
857
1001
1009
1027
1183
750
750
649
740
803
571
504
463
763
385
453
331
107
47
223
291
438
430
97
413
493
989
805
641
608
505
532
421
256
265
160
398
410
451
474
520
381
554
598
639
677
504
618
610
638
585
555
599
492
107
430
546
430
389
487
564
398
302
459
385
510
426
476
485
507
577
559
588
578
660
478
700
588
665
665
483
708
572
615
511
428
570
703
656
882
784
814
670
787
808
668
498
695
707
663
479
617
635
512
710
522
639
558
599
586
746
531
219
680
429
502
510
534
300
462
568
555
579
566
448
563
641
477
636
407
526
502
500
507
512
518
557
538
488
342
456
376
376
396
392
376
286
327
430
365
354
379
430
261
340
313
439
367
466
430
421
297
358
268
331
185
286
295
177
223
221
772
688
982
474
865
570
305
542
850
489
618
562
608
575
448
796
509
336
369
502
606
451
527
308
220
196
146
116
98
89
83
107
160
135
253
304
271
272
380
304
271
241
215
293
402
430
547
390
477
361
425
432
338
462
430
451
543
451
375
375
403
128
380
430
267
246
385
167
241
153
749
505
503
626
840
665
804
861
641
711
428
516
482
377
350
304
334
358
265
406
479
539
631
304
495
400
468
555
659
622
548
710
721
759
727
512
666
792
512
551
428
343
289
322
311
304
138
196
183
304
295
311
358
178
232
135
358
229
245
340
218
187
133
160
107
467
399
345
417
385
250
308
340
193
252
331
226
214
134
160
173
214
143
137
178
98
39
125
178
219
217
340
243
546
394
354
266
304
321
412
356
729
698
464
331
196
116
138
98
372
196
235
214
331
402
309
358
270
277
347
291
475
447
424
521
490
512
552
614
421
319
311
958
729
935
827
758
503
539
665
615
532
259
177
394
282
293
304
521
534
671
652
860
693
788
941
998
997
992
939
983
1182
830
911
919
1008
1199
1246
1039
947
885
845
936
957
989
714
710
507
628
602
458
562
433
340
310
401
482
300
434
426
285
295
123
644
809
629
638
899
837
642
799
593
656
668
677
646
613
737
731
743
749
969
719
708
923
904
857
782
794
631
790
629
679
708
671
754
755
854
595
876
652
641
731
732
860
871
870
838
998
719
835
931
880
859
782
995
1074
1182
839
699
1046
698
363
665
561
683
907
902
797
916
599
752
750
841
696
494
716
449
321
460
729
553
558
562
683
674
606
690
591
882
1012
761
920
541
671
466
700
581
741
821
515
591
462
448
345
753
821
880
841
854
923
855
875
847
699
883
795
1099
1002
846
687
564
376
575
624
691
376
606
594
531
354
629
572
621
605
554
525
584
848
777
935
979
1069
956
971
961
1016
842
1090
1012
1053
1072
1065
1342
116
