2089
2378
2118
2161
1902
1810
2085
2475
2498
2791
3270
3151
2756
3502
3155
2767
3184
3087
2559
3282
2769
3038
3835
3586
2693
1949
2249
2302
2760
3290
3245
2689
2424
2442
2113
1826
1900
2263
1588
1824
1966
2372
1427
1409
928
692
561
392
337
382
538
945
852
924
686
764
577
628
561
481
561
516
1033
392
403
337
787
852
1191
359
589
1029
1214
1386
1405
965
986
1273
1450
1561
1614
1384
1649
1376
1744
1464
1091
1594
1635
1407
1302
1647
1261
1302
1031
606
729
766
626
941
1304
2111
1742
1641
1224
1555
1275
1066
797
787
318
448
403
403
561
427
651
331
1748
854
269
978
1015
881
1019
1528
1356
1175
1074
1349
1058
1259
1452
1208
1138
908
1130
1066
1366
1308
1031
1298
1703
1639
2159
2023
1937
1748
1405
1783
1699
1842
2226
1910
1717
2181
1721
1807
1754
2280
2146
1849
1855
1826
2042
2116
2475
1477
3605
2748
3557
1567
2204
1487
2280
2200
1362
1588
1109
1532
1423
1349
1183
1337
1337
1360
1423
2105
3348
2444
3475
2841
2292
1469
1144
2009
1742
1734
1869
1645
2247
2029
1955
2411
2101
1836
2136
2216
1943
1709
1830
2134
2206
2068
1849
1920
1454
2518
2339
2422
1477
1727
2867
2378
2346
2444
2348
1822
2588
2290
1625
2023
2364
2074
2249
2050
2116
2736
1951
1629
1789
1596
442
674
783
635
493
255
920
345
516
446
674
384
314
111
111
228
741
460
382
470
499
719
663
807
1008
1171
1191
744
1522
2035
1653
1549
1536
764
863
1271
756
887
943
783
300
674
312
583
1282
1421
1261
1524
1267
1834
1557
1551
1664
1464
928
559
1169
1255
628
606
631
538
1834
1851
2093
2859
1939
2512
2027
1588
2155
2432
2730
2064
2196
2185
1446
1951
2035
1618
1376
2284
2005
2839
2405
2136
2046
1430
1692
2169
2216
2035
1302
1487
1559
1883
2050
2099
2465
2029
1413
2245
2278
1966
1076
1370
1752
1643
2161
1931
1662
1810
1466
1922
2029
1758
2070
1682
2559
1705
1466
1169
1321
1660
1799
1600
1366
1167
1113
984
1111
1064
1374
1302
787
1600
1210
1214
1532
1639
1506
1520
1649
2341
1195
891
1025
1378
1228
1093
1273
1169
969
1204
1545
2150
2220
1777
1013
1729
1881
1446
994
1146
1565
1692
1781
1481
1672
1542
1401
976
1169
1491
1409
1867
2109
1399
1672
1598
2241
2247
2163
2089
1703
1916
1364
1779
1812
1694
1777
1031
1296
1041
1528
984
883
1368
1405
1873
1436
1452
1464
1060
1512
1520
1401
1043
791
1156
1212
1265
1273
1243
1506
1280
1070
1436
1454
1725
1723
1033
859
1717
1432
1738
1391
1273
1721
1329
1197
922
735
953
1021
852
1140
1123
1126
1228
1084
1154
807
1261
978
807
571
688
696
631
561
974
1136
1329
1421
943
612
772
741
548
1066
1173
1351
1257
822
826
1011
830
491
448
493
624
764
696
503
314
403
269
1097
651
651
561
583
212
224
382
314
349
382
337
320
425
403
470
312
516
403
201
269
257
470
314
565
1033
760
844
651
357
425
224
246
179
111
76
134
292
201
179
134
88
70
134
111
111
179
111
156
224
368
337
292
166
292
224
88
542
201
179
66
959
516
193
134
88
111
111
156
179
230
1202
1343
2380
1853
1185
1208
978
633
663
1138
879
943
924
1052
1043
920
688
1066
1253
1380
1859
1598
2040
2333
2331
2037
1662
2226
2436
1959
1849
1877
1861
1713
1719
1466
756
990
1668
2459
1740
1413
1680
1596
649
1078
879
1123
577
764
1107
2068
1347
1830
1312
1610
1436
1840
2719
2574
2304
2120
1713
2452
2173
1183
403
548
538
460
493
372
1592
1902
1803
1565
1247
1423
1639
1481
1425
1263
1912
2261
2354
1508
1896
2212
2719
2426
3116
2257
3442
2900
2711
2594
1855
2200
2434
2606
2584
2522
2463
2415
2629
2364
2037
2354
1890
2185
2003
2261
2282
1253
1844
2220
1569
1690
2017
1633
1775
1372
1366
1191
969
672
1056
801
1101
1002
2097
1834
1764
1744
1990
2830
1430
830
758
1078
501
606
442
425
561
522
403
337
246
109
787
1372
832
1144
871
764
361
937
2033
1925
1998
2054
2280
2272
2315
2477
2760
2159
2709
2321
1814
1859
998
1078
2161
2118
2085
1990
1766
1481
1768
1746
2025
1844
1645
1466
2765
2027
2202
2397
2574
2120
2912
2366
3112
1317
1922
1725
2709
2547
2093
3032
2122
2185
1953
2089
2216
2387
2839
2596
2426
2487
2339
1972
2368
2728
2165
1890
2376
2286
2116
2060
2245
3233
2185
1395
1972
2452
1485
1524
1699
1226
2438
3005
2401
1035
1736
1087
1384
723
1528
1095
1785
1187
1906
1380
2031
1752
1614
1873
1736
1912
1816
1643
737
1154
1146
840
1818
1883
1964
2448
2354
2393
2346
1957
2354
2243
2101
1925
2046
2058
2097
2037
1904
2132
2196
1978
2196
2208
1994
2142
2048
2029
2280
2395
1674
2290
2321
1729
2500
1584
2522
2611
2179
2268
2200
2407
1506
2596
2500
2261
1255
1865
1933
2337
2352
2362
1666
1109
2031
452
583
887
1043
1265
1312
1403
1477
1649
1795
318
2516
4141
2514
3042
2793
2875
3449
3079
3338
3358
2865
2268
3274
2387
3453
3481
1506
3147
2606
2970
3512
2984
2915
3087
3134
3444
3079
3483
3677
2767
4001
3260
3882
2892
2767
2648
3781
3598
3753
1719
3227
2824
3216
2845
3325
3900
3449
2064
2594
3395
2995
2348
3274
2567
3559
4075
2797
2841
3701
3502
3223
3660
2849
3023
3329
3017
3288
2736
2588
2173
3134
2391
1421
462
1785
1542
1569
1820
2181
2368
2124
1912
1647
1627
2146
2791
2202
2705
3145
3151
2814
2715
2847
2927
2167
2713
2600
2317
2442
2621
2323
2391
2372
269
723
719
996
1117
1863
3169
2376
3034
3054
2576
3046
2927
2882
2660
2693
2331
2713
3186
3510
2578
2834
2693
2958
2851
2995
2296
2682
2666
2995
3138
3685
2590
2241
2229
2196
1986
2481
2222
1910
1955
2196
2378
2498
2865
1495
2387
2105
2804
2222
3373
2689
2044
2481
2469
2684
2964
2471
2947
2315
2282
2793
2265
1996
2249
1466
1011
813
1828
2307
1836
1427
2064
1347
1768
1290
787
2276
448
1136
1840
2023
2333
2286
2136
2376
1814
2282
3329
3611
3132
1395
741
1041
1199
1483
641
1013
2138
2561
2491
2424
2403
2763
2929
3046
2871
2309
1598
2551
2758
2841
3036
2222
2409
2290
2144
1945
2401
2765
2333
2869
2730
1758
1144
1175
1584
1555
1534
955
1004
1284
1694
1466
984
224
953
1045
959
2239
1888
2087
2268
2463
1990
1487
1191
1066
1364
1565
1783
2105
1690
1456
269
957
382
37
1245
628
310
2113
2097
2617
2469
2019
1658
1877
1729
1444
1062
651
863
1043
817
867
1545
1810
2309
1964
2033
1955
2109
1723
1834
1522
1976
1454
2241
3216
2475
3364
2660
3582
3136
3305
3280
3360
3190
3126
1857
3179
2742
3607
3286
3260
2830
3290
3637
2237
2395
3132
3064
3087
3559
3935
4126
3375
1951
2027
1951
2132
2520
2851
3395
2797
4038
2910
3410
3395
3601
3221
2906
3128
3231
3245
3118
3442
2288
3216
2781
3108
1974
2035
1516
1561
1397
1992
2204
2072
1857
2064
1664
2185
1762
2070
1840
2089
2378
2118
2161
1902
1810
2085
2475
2498
2791
3270
3151
2756
3502
3155
2767
3184
3087
2559
3282
2769
3038
3835
3586
2693
1949
2249
2302
2760
3290
3245
2689
2424
2442
2113
1826
1900
2263
1588
1824
1966
2372
1427
1409
928
692
561
392
337
382
538
945
852
924
686
764
577
628
561
481
561
516
1033
392
403
337
787
852
1191
359
589
1029
1214
1386
1405
965
986
1273
1450
1561
1614
1384
1649
1376
1744
1464
1091
1594
1635
1407
1302
1647
1261
1302
1031
606
729
766
626
941
1304
2111
1742
1641
1224
1555
1275
1066
797
787
318
448
403
403
561
427
651
331
1748
854
269
978
1015
881
1019
1528
1356
1175
1074
1349
1058
1259
1452
1208
1138
908
1130
1066
1366
1308
1031
1298
1703
1639
2159
2023
1937
1748
1405
1783
1699
1842
2226
1910
1717
2181
1721
1807
1754
2280
2146
1849
1855
1826
2042
2116
2475
1477
3605
2748
3557
1567
2204
1487
2280
2200
1362
1588
1109
1532
1423
1349
1183
1337
1337
1360
1423
2105
3348
2444
3475
2841
2292
1469
1144
2009
1742
1734
1869
1645
2247
2029
1955
2411
2101
1836
2136
2216
1943
1709
1830
2134
2206
2068
1849
1920
1454
2518
2339
2422
1477
1727
2867
2378
2346
2444
2348
1822
2588
2290
1625
2023
2364
2074
2249
2050
2116
2736
1951
1629
1789
1596
442
674
783
635
493
255
920
345
516
446
674
384
314
111
111
228
741
460
382
470
499
719
663
807
1008
1171
1191
744
1522
2035
1653
1549
1536
764
863
1271
756
887
943
783
300
674
312
583
1282
1421
1261
1524
1267
1834
1557
1551
1664
1464
928
559
1169
1255
628
606
631
538
1834
1851
2093
2859
1939
2512
2027
1588
2155
2432
2730
2064
2196
2185
1446
1951
2035
1618
1376
2284
2005
2839
2405
2136
2046
1430
1692
2169
2216
2035
1302
1487
1559
1883
2050
2099
2465
2029
1413
2245
2278
1966
1076
1370
1752
1643
2161
1931
1662
1810
1466
1922
2029
1758
2070
1682
2559
1705
1466
1169
1321
1660
1799
1600
1366
1167
1113
984
1111
1064
1374
1302
787
1600
1210
1214
1532
1639
1506
1520
1649
2341
1195
891
1025
1378
1228
1093
1273
1169
969
1204
1545
2150
2220
1777
1013
1729
1881
1446
994
1146
1565
1692
1781
1481
1672
1542
1401
976
1169
1491
1409
1867
2109
1399
1672
1598
2241
2247
2163
2089
1703
1916
1364
1779
1812
1694
1777
1031
1296
1041
1528
984
883
1368
1405
1873
1436
1452
1464
1060
1512
1520
1401
1043
791
1156
1212
1265
1273
1243
1506
1280
1070
1436
1454
1725
1723
1033
859
1717
1432
1738
1391
1273
1721
1329
1197
922
735
953
1021
852
1140
1123
1126
1228
1084
1154
807
1261
978
807
571
688
696
631
561
974
1136
1329
1421
943
612
772
741
548
1066
1173
1351
1257
822
826
1011
830
491
448
493
624
764
696
503
314
403
269
1097
651
651
561
583
212
224
382
314
349
382
337
320
425
403
470
312
516
403
201
269
257
470
314
565
1033
760
844
651
357
425
224
246
179
111
76
134
292
201
179
134
88
70
134
111
111
179
111
156
224
368
337
292
166
292
224
88
542
201
179
66
959
516
193
134
88
111
111
156
179
230
1202
1343
2380
1853
1185
1208
978
633
663
1138
879
943
924
1052
1043
920
688
1066
1253
1380
1859
1598
2040
2333
2331
2037
1662
2226
2436
1959
1849
1877
1861
1713
1719
1466
756
990
1668
2459
1740
1413
1680
1596
649
1078
879
1123
577
764
1107
2068
1347
1830
1312
1610
1436
1840
2719
2574
2304
2120
1713
2452
2173
1183
403
548
538
460
493
372
1592
1902
1803
1565
1247
1423
1639
1481
1425
1263
1912
2261
2354
1508
1896
2212
2719
2426
3116
2257
3442
2900
2711
2594
1855
2200
2434
2606
2584
2522
2463
2415
2629
2364
2037
2354
1890
2185
2003
2261
2282
1253
1844
2220
1569
1690
2017
1633
1775
1372
1366
1191
969
672
1056
801
1101
1002
2097
1834
1764
1744
1990
2830
1430
830
758
1078
501
606
442
425
561
522
403
337
246
109
787
1372
832
1144
871
764
361
937
2033
1925
1998
2054
2280
2272
2315
2477
2760
2159
2709
2321
1814
1859
998
1078
2161
2118
2085
1990
1766
1481
1768
1746
2025
1844
1645
1466
2765
2027
2202
2397
2574
2120
2912
2366
3112
1317
1922
1725
2709
2547
2093
3032
2122
2185
1953
2089
2216
2387
2839
2596
2426
2487
2339
1972
2368
2728
2165
1890
2376
2286
2116
2060
2245
3233
2185
1395
1972
2452
1485
1524
1699
1226
2438
3005
2401
1035
1736
1087
1384
723
1528
1095
1785
1187
1906
1380
2031
1752
1614
1873
1736
1912
1816
1643
737
1154
1146
840
1818
1883
1964
2448
2354
2393
2346
1957
2354
2243
2101
1925
2046
2058
2097
2037
1904
2132
2196
1978
2196
2208
1994
2142
2048
2029
2280
2395
1674
2290
2321
1729
2500
1584
2522
2611
2179
2268
2200
2407
1506
2596
2500
2261
1255
1865
1933
2337
2352
2362
1666
1109
2031
452
583
887
1043
1265
1312
1403
1477
1649
1795
318
2516
4141
2514
3042
2793
2875
3449
3079
3338
3358
2865
2268
3274
2387
3453
3481
1506
3147
2606
2970
3512
2984
2915
3087
3134
3444
3079
3483
3677
2767
4001
3260
3882
2892
2767
2648
3781
3598
3753
1719
3227
2824
3216
2845
3325
3900
3449
2064
2594
3395
2995
2348
3274
2567
3559
4075
2797
2841
3701
3502
3223
3660
2849
3023
3329
3017
3288
2736
2588
2173
3134
2391
1421
462
1785
1542
1569
1820
2181
2368
2124
1912
1647
1627
2146
2791
2202
2705
3145
3151
2814
2715
2847
2927
2167
2713
2600
2317
2442
2621
2323
2391
2372
269
723
719
996
1117
1863
3169
2376
3034
3054
2576
3046
2927
2882
2660
2693
2331
2713
3186
3510
2578
2834
2693
2958
2851
2995
2296
2682
2666
2995
3138
3685
2590
2241
2229
2196
1986
2481
2222
1910
1955
2196
2378
2498
2865
1495
2387
2105
2804
2222
3373
2689
2044
2481
2469
2684
2964
2471
2947
2315
2282
2793
2265
1996
2249
1466
1011
813
1828
2307
1836
1427
2064
1347
1768
1290
787
2276
448
1136
1840
2023
2333
2286
2136
2376
1814
2282
3329
3611
3132
1395
741
1041
1199
1483
641
1013
2138
2561
2491
2424
2403
2763
2929
3046
2871
2309
1598
2551
2758
2841
3036
2222
2409
2290
2144
1945
2401
2765
2333
2869
2730
1758
1144
1175
1584
1555
1534
955
1004
1284
1694
1466
984
224
953
1045
959
2239
1888
2087
2268
2463
1990
1487
1191
1066
1364
1565
1783
2105
1690
1456
269
957
382
37
1245
628
310
2113
2097
2617
2469
2019
1658
1877
1729
1444
1062
651
863
1043
817
867
1545
1810
2309
1964
2033
1955
2109
1723
1834
1522
1976
1454
2241
3216
2475
3364
2660
3582
3136
3305
3280
3360
3190
3126
1857
3179
2742
3607
3286
3260
2830
3290
3637
2237
2395
3132
3064
3087
3559
3935
4126
3375
1951
2027
1951
2132
2520
2851
3395
2797
4038
2910
3410
3395
3601
3221
2906
3128
3231
3245
3118
3442
2288
3216
2781
3108
1974
2035
1516
1561
1397
1992
2204
2072
1857
2064
1664
2185
1762
2070
1840
2089
2378
2118
2161
1902
1810
2085
2475
2498
2791
3270
3151
2756
3502
3155
2767
3184
3087
2559
3282
2769
3038
3835
3586
2693
1949
2249
2302
2760
3290
3245
2689
2424
2442
2113
1826
1900
2263
1588
1824
1966
2372
1427
1409
928
692
561
392
337
382
538
945
852
924
686
764
577
628
561
481
561
516
1033
392
403
337
787
852
1191
359
589
1029
1214
1386
1405
965
986
1273
1450
1561
1614
1384
1649
1376
1744
1464
1091
1594
1635
1407
1302
1647
1261
1302
1031
606
729
766
626
941
1304
2111
1742
1641
1224
1555
1275
1066
797
787
318
448
403
403
561
427
651
331
1748
854
269
978
1015
881
1019
1528
1356
1175
1074
1349
1058
1259
1452
1208
1138
908
1130
1066
1366
1308
1031
1298
1703
1639
2159
2023
1937
1748
1405
1783
1699
1842
2226
1910
1717
2181
1721
1807
1754
2280
2146
1849
1855
1826
2042
2116
2475
1477
3605
2748
3557
1567
2204
1487
2280
2200
1362
1588
1109
1532
1423
1349
1183
1337
1337
1360
1423
2105
3348
2444
3475
2841
2292
1469
1144
2009
1742
1734
1869
1645
2247
2029
1955
2411
2101
1836
2136
2216
1943
1709
1830
2134
2206
2068
1849
1920
1454
2518
2339
2422
1477
1727
2867
2378
2346
2444
2348
1822
2588
2290
1625
2023
2364
2074
2249
2050
2116
2736
1951
1629
1789
1596
442
674
783
635
493
255
920
345
516
446
674
384
314
111
111
228
741
460
382
470
499
719
663
807
1008
1171
1191
744
1522
2035
1653
1549
1536
764
863
1271
756
887
943
783
300
674
312
583
1282
1421
1261
1524
1267
1834
1557
1551
1664
1464
928
559
1169
1255
628
606
631
538
1834
1851
2093
2859
1939
2512
2027
1588
2155
2432
2730
2064
2196
2185
1446
1951
2035
1618
1376
2284
2005
2839
2405
2136
2046
1430
1692
2169
2216
2035
1302
1487
1559
1883
2050
2099
2465
2029
1413
2245
2278
1966
1076
1370
1752
1643
2161
1931
1662
1810
1466
1922
2029
1758
2070
1682
2559
1705
1466
1169
1321
1660
1799
1600
1366
1167
1113
984
1111
1064
1374
1302
787
1600
1210
1214
1532
1639
1506
1520
1649
2341
1195
891
1025
1378
1228
1093
1273
1169
969
1204
1545
2150
2220
1777
1013
1729
1881
1446
994
1146
1565
1692
1781
1481
1672
1542
1401
976
1169
1491
1409
1867
2109
1399
1672
1598
2241
2247
2163
2089
1703
1916
1364
1779
1812
1694
1777
1031
1296
1041
1528
984
883
1368
1405
1873
1436
1452
1464
1060
1512
1520
1401
1043
791
1156
1212
1265
1273
1243
1506
1280
1070
1436
1454
1725
1723
1033
859
1717
1432
1738
1391
1273
1721
1329
1197
922
735
953
1021
852
1140
1123
1126
1228
1084
1154
807
1261
978
807
571
688
696
631
561
974
1136
1329
1421
943
612
772
741
548
1066
1173
1351
1257
822
826
1011
830
491
448
493
624
764
696
503
314
403
269
1097
651
651
561
583
212
224
382
314
349
382
337
320
425
403
470
312
516
403
201
269
257
470
314
565
1033
760
844
651
357
425
224
246
179
111
76
134
292
201
179
134
88
70
134
111
111
179
111
156
224
368
337
292
166
292
224
88
542
201
179
66
959
516
193
134
88
111
111
156
179
230
1202
1343
2380
1853
1185
1208
978
633
663
1138
879
943
924
1052
1043
920
688
1066
1253
1380
1859
1598
2040
2333
2331
2037
1662
2226
2436
1959
1849
1877
1861
1713
1719
1466
756
990
1668
2459
1740
1413
1680
1596
649
1078
879
1123
577
764
1107
2068
1347
1830
1312
1610
1436
1840
2719
2574
2304
2120
1713
2452
2173
1183
403
548
538
460
493
372
1592
1902
1803
1565
1247
1423
1639
1481
1425
1263
1912
2261
2354
1508
1896
2212
2719
2426
3116
2257
3442
2900
2711
2594
1855
2200
2434
2606
2584
2522
2463
2415
2629
2364
2037
2354
1890
2185
2003
2261
2282
1253
1844
2220
1569
1690
2017
1633
1775
1372
1366
1191
969
672
1056
801
1101
1002
2097
1834
1764
1744
1990
2830
1430
830
758
1078
501
606
442
425
561
522
403
337
246
109
787
1372
832
1144
871
764
361
937
2033
1925
1998
2054
2280
2272
2315
2477
2760
2159
2709
2321
1814
1859
998
1078
2161
2118
2085
1990
1766
1481
1768
1746
2025
1844
1645
1466
2765
2027
2202
2397
2574
2120
2912
2366
3112
1317
1922
1725
2709
2547
2093
3032
2122
2185
1953
2089
2216
2387
2839
2596
2426
2487
2339
1972
2368
2728
2165
1890
2376
2286
2116
2060
2245
3233
2185
1395
1972
2452
1485
1524
1699
1226
2438
3005
2401
1035
1736
1087
1384
723
1528
1095
1785
1187
1906
1380
2031
1752
1614
1873
1736
1912
1816
1643
737
1154
1146
840
1818
1883
1964
2448
2354
2393
2346
1957
2354
2243
2101
1925
2046
2058
2097
2037
1904
2132
2196
1978
2196
2208
1994
2142
2048
2029
2280
2395
1674
2290
2321
1729
2500
1584
2522
2611
2179
2268
2200
2407
1506
2596
2500
2261
1255
1865
1933
2337
2352
2362
1666
1109
2031
452
583
887
1043
1265
1312
1403
1477
1649
1795
318
