291
210
41
131
189
188
167
219
139
148
152
131
179
145
134
152
124
157
126
157
96
133
152
137
153
181
207
246
269
256
254
232
246
237
250
261
268
281
54
399
262
250
275
276
300
266
277
277
270
311
272
196
195
222
237
130
31
64
121
106
170
220
254
178
111
110
130
139
174
195
112
96
148
86
72
63
45
39
63
160
287
230
240
183
241
180
187
198
200
232
328
180
250
163
200
86
157
137
133
134
104
125
115
136
159
178
191
218
197
165
179
180
204
262
261
267
268
240
225
107
336
448
456
394
151
169
165
150
196
383
336
358
467
250
112
54
258
380
257
297
366
302
250
279
471
418
718
632
476
480
489
473
464
487
229
112
114
171
249
292
286
253
80
272
249
192
201
132
168
174
127
157
127
147
201
130
128
181
174
74
94
101
165
137
137
112
63
5
12
372
503
458
402
442
360
489
535
454
370
371
429
498
441
456
504
409
417
453
435
426
386
417
274
180
210
270
198
191
233
139
119
130
103
61
233
126
116
104
107
131
152
105
107
107
80
36
98
70
67
139
67
127
148
70
94
54
54
18
179
61
134
90
157
165
267
256
192
193
313
241
233
253
309
271
278
85
155
157
82
31
109
193
161
138
344
337
220
298
288
268
286
205
123
107
71
89
115
143
97
180
216
248
287
325
532
528
540
417
210
421
353
338
470
578
498
266
354
195
300
108
180
183
244
376
391
456
557
521
435
322
453
428
443
446
478
670
657
603
686
591
338
533
572
557
607
584
592
721
699
670
721
722
773
629
777
684
656
647
593
621
653
410
512
500
476
544
519
564
530
668
641
617
725
551
557
562
672
651
523
496
388
617
567
597
412
504
501
617
505
625
576
583
670
703
805
453
583
696
772
687
791
676
591
592
714
577
755
640
652
581
399
658
751
599
614
575
478
557
631
648
651
506
467
592
644
662
692
485
388
470
398
331
495
527
405
315
396
481
401
323
442
590
413
485
606
653
545
594
512
641
717
682
498
604
536
548
573
615
510
543
446
506
520
568
441
428
500
505
514
591
375
375
325
370
401
286
252
232
381
193
226
165
54
23
112
146
219
215
49
207
246
494
403
320
304
252
266
210
128
133
80
199
205
225
237
260
191
277
299
320
338
252
309
305
319
293
277
300
246
54
215
273
215
194
243
282
199
151
230
192
255
213
238
243
253
288
279
294
289
330
239
350
294
332
332
241
354
286
308
255
214
285
352
328
441
392
407
335
393
404
334
249
347
354
331
239
309
318
256
355
261
320
279
300
293
373
266
110
340
214
251
255
267
150
231
284
277
290
283
224
282
320
239
318
203
263
251
250
254
256
259
279
269
244
171
228
188
188
198
196
188
143
164
215
183
177
189
215
131
170
157
219
184
233
215
210
149
179
134
165
92
143
148
88
112
110
386
344
491
237
433
285
153
271
425
244
309
281
304
287
224
398
255
168
185
251
303
225
264
154
110
98
73
58
49
45
42
54
80
68
126
152
135
136
190
152
135
121
108
146
201
215
273
195
239
180
212
216
169
231
215
225
272
225
187
187
201
64
190
215
133
123
192
83
121
77
374
252
251
313
420
332
402
430
320
356
214
258
241
189
175
152
167
179
133
203
239
270
316
152
248
200
234
277
329
311
274
355
361
379
363
256
333
396
256
275
214
171
144
161
155
152
69
98
91
152
147
155
179
89
116
68
179
115
122
170
109
94
67
80
54
234
199
172
209
193
125
154
170
97
126
165
113
107
67
80
86
107
72
69
89
49
20
63
89
109
108
170
122
273
197
177
133
152
160
206
178
365
349
232
165
98
58
69
49
186
98
117
107
165
201
154
179
135
139
174
146
237
223
212
260
245
256
276
307
211
160
155
479
365
468
413
379
251
269
333
307
266
130
88
197
141
146
152
261
267
336
326
430
347
394
471
499
498
496
469
491
591
415
455
460
504
599
623
519
473
442
423
468
478
495
357
355
253
314
301
229
281
216
170
155
201
241
150
217
213
142
148
61
322
404
314
319
449
419
321
399
296
328
334
338
323
306
369
365
372
374
485
359
354
462
452
428
391
397
316
395
315
340
354
336
377
378
427
297
438
326
320
365
366
430
435
435
419
499
359
417
465
440
429
391
498
537
591
419
349
523
349
182
333
280
342
453
451
399
458
300
376
375
420
348
247
358
225
160
230
365
277
279
281
341
337
303
345
295
441
506
381
460
270
336
233
350
291
370
410
257
295
231
224
172
376
410
440
421
427
462
428
437
424
349
442
397
550
501
423
344
282
188
287
312
345
188
303
297
266
177
314
286
311
302
277
263
292
424
388
468
489
534
478
485
480
508
421
545
506
527
536
532
671
58
26
148
215
570
765
382
318
562
365
399
326
579
424
622
548
317
352
300
333
374
251
169
223
236
238
225
215
163
162
143
94
103
74
103
80
112
392
462
443
489
496
417
424
448
274
419
237
239
189
200
182
281
251
308
148
136
98
83
250
241
259
342
322
143
165
273
170
101
63
27
94
176
375
473
296
443
262
279
307
415
375
325
365
396
298
170
284
392
347
336
261
336
494
439
268
161
117
369
419
384
300
377
297
286
254
252
208
178
99
58
100
130
98
89
130
134
119
130
89
95
162
188
124
136
224
272
228
212
237
178
116
132
112
95
174
210
225
286
241
152
170
112
152
115
183
242
168
188
129
157
142
125
142
172
390
236
238
235
268
291
292
215
337
328
227
181
246
208
185
285
344
354
275
297
230
170
121
83
45
67
163
245
320
265
239
169
368
239
342
241
393
466
297
367
334
280
86
173
392
468
592
413
417
380
406
367
381
496
369
430
491
473
541
579
555
435
563
399
519
551
411
488
465
516
473
515
517
444
417
383
378
225
347
323
398
315
372
368
248
297
268
189
219
180
192
199
277
162
252
262
232
96
125
317
238
387
380
361
400
443
590
447
431
504
412
292
350
192
271
264
174
273
253
302
264
188
325
304
321
324
303
270
336
261
363
362
377
408
370
302
388
308
354
369
395
246
379
323
305
157
148
273
258
239
202
219
298
157
165
306
317
273
199
365
251
237
284
291
303
315
251
210
285
325
283
223
295
252
282
234
192
187
227
256
196
209
4
279
321
112
72
78
103
143
74
72
170
165
116
106
121
111
103
72
76
65
54
89
100
357
291
210
41
131
189
188
167
219
139
148
152
131
179
145
134
152
124
157
126
157
96
133
152
137
153
181
207
246
269
256
254
232
246
237
250
261
268
281
54
399
262
250
275
276
300
266
277
277
270
311
272
196
195
222
237
130
31
64
121
106
170
220
254
178
111
110
130
139
174
195
112
96
148
86
72
63
45
39
63
160
287
230
240
183
241
180
187
198
200
232
328
180
250
163
200
86
157
137
133
134
104
125
115
136
159
178
191
218
197
165
179
180
204
262
261
267
268
240
225
107
336
448
456
394
151
169
165
150
196
383
336
358
467
250
112
54
258
380
257
297
366
302
250
279
471
418
718
632
476
480
489
473
464
487
229
112
114
171
249
292
286
253
80
272
249
192
201
132
168
174
127
157
127
147
201
130
128
181
174
74
94
101
165
137
137
112
63
5
12
372
503
458
402
442
360
489
535
454
370
371
429
498
441
456
504
409
417
453
435
426
386
417
274
180
210
270
198
191
233
139
119
130
103
61
233
126
116
104
107
131
152
105
107
107
80
36
98
70
67
139
67
127
148
70
94
54
54
18
179
61
134
90
157
165
267
256
192
193
313
241
233
253
309
271
278
85
155
157
82
31
109
193
161
138
344
337
220
298
288
268
286
205
123
107
71
89
115
143
97
180
216
248
287
325
532
528
540
417
210
421
353
338
470
578
498
266
354
195
300
108
180
183
244
376
391
456
557
521
435
322
453
428
443
446
478
670
657
603
686
591
338
533
572
557
607
584
592
721
699
670
721
722
773
629
777
684
656
647
593
621
653
410
512
500
476
544
519
564
530
668
641
617
725
551
557
562
672
651
523
496
388
617
567
597
412
504
501
617
505
625
576
583
670
703
805
453
583
696
772
687
791
676
591
592
714
577
755
640
652
581
399
658
751
599
614
575
478
557
631
648
651
506
467
592
644
662
692
485
388
470
398
331
495
527
405
315
396
481
401
323
442
590
413
485
606
653
545
594
512
641
717
682
498
604
536
548
573
615
510
543
446
506
520
568
441
428
500
505
514
591
375
375
325
370
401
286
252
232
381
193
226
165
54
23
112
146
219
215
49
207
246
494
403
320
304
252
266
210
128
133
80
199
205
225
237
260
191
277
299
320
338
252
309
305
319
293
277
300
246
54
215
273
215
194
243
282
199
151
230
192
255
213
238
243
253
288
279
294
289
330
239
350
294
332
332
241
354
286
308
255
214
285
352
328
441
392
407
335
393
404
334
249
347
354
331
239
309
318
256
355
261
320
279
300
293
373
266
110
340
214
251
255
267
150
231
284
277
290
283
224
282
320
239
318
203
263
251
250
254
256
259
279
269
244
171
228
188
188
198
196
188
143
164
215
183
177
189
215
131
170
157
219
184
233
215
210
149
179
134
165
92
143
148
88
112
110
386
344
491
237
433
285
153
271
425
244
309
281
304
287
224
398
255
168
185
251
303
225
264
154
110
98
73
58
49
45
42
54
80
68
126
152
135
136
190
152
135
121
108
146
201
215
273
195
239
180
212
216
169
231
215
225
272
225
187
187
201
64
190
215
133
123
192
83
121
77
374
252
251
313
420
332
402
430
320
356
214
258
241
189
175
152
167
179
133
203
239
270
316
152
248
200
234
277
329
311
274
355
361
379
363
256
333
396
256
275
214
171
144
161
155
152
69
98
91
152
147
155
179
89
116
68
179
115
122
170
109
94
67
80
54
234
199
172
209
193
125
154
170
97
126
165
113
107
67
80
86
107
72
69
89
49
20
63
89
109
108
170
122
273
197
177
133
152
160
206
178
365
349
232
165
98
58
69
49
186
98
117
107
165
201
154
179
135
139
174
146
237
223
212
260
245
256
276
307
211
160
155
479
365
468
413
379
251
269
333
307
266
130
88
197
141
146
152
261
267
336
326
430
347
394
471
499
498
496
469
491
591
415
455
460
504
599
623
519
473
442
423
468
478
495
357
355
253
314
301
229
281
216
170
155
201
241
150
217
213
142
148
61
322
404
314
319
449
419
321
399
296
328
334
338
323
306
369
365
372
374
485
359
354
462
452
428
391
397
316
395
315
340
354
336
377
378
427
297
438
326
320
365
366
430
435
435
419
499
359
417
465
440
429
391
498
537
591
419
349
523
349
182
333
280
342
453
451
399
458
300
376
375
420
348
247
358
225
160
230
365
277
279
281
341
337
303
345
295
441
506
381
460
270
336
233
350
291
370
410
257
295
231
224
172
376
410
440
421
427
462
428
437
424
349
442
397
550
501
423
344
282
188
287
312
345
188
303
297
266
177
314
286
311
302
277
263
292
424
388
468
489
534
478
485
480
508
421
545
506
527
536
532
671
58
26
148
215
570
765
382
318
562
365
399
326
579
424
622
548
317
352
300
333
374
251
169
223
236
238
225
215
163
162
143
94
103
74
103
80
112
392
462
443
489
496
417
424
448
274
419
237
239
189
200
182
281
251
308
148
136
98
83
250
241
259
342
322
143
165
273
170
101
63
27
94
176
375
473
296
443
262
279
307
415
375
325
365
396
298
170
284
392
347
336
261
336
494
439
268
161
117
369
419
384
300
377
297
286
254
252
208
178
99
58
100
130
98
89
130
134
119
130
89
95
162
188
124
136
224
272
228
212
237
178
116
132
112
95
174
210
225
286
241
152
170
112
152
115
183
242
168
188
129
157
142
125
142
172
390
236
238
235
268
291
292
215
337
328
227
181
246
208
185
285
344
354
275
297
230
170
121
83
45
67
163
245
320
265
239
169
368
239
342
241
393
466
297
367
334
280
86
173
392
468
592
413
417
380
406
367
381
496
369
430
491
473
541
579
555
435
563
399
519
551
411
488
465
516
473
515
517
444
417
383
378
225
347
323
398
315
372
368
248
297
268
189
219
180
192
199
277
162
252
262
232
96
125
317
238
387
380
361
400
443
590
447
431
504
412
292
350
192
271
264
174
273
253
302
264
188
325
304
321
324
303
270
336
261
363
362
377
408
370
302
388
308
354
369
395
246
379
323
305
157
148
273
258
239
202
219
298
157
165
306
317
273
199
365
251
237
284
291
303
315
251
210
285
325
283
223
295
252
282
234
192
187
227
256
196
209
4
279
321
112
72
78
103
143
74
72
170
165
116
106
121
111
103
72
76
65
54
89
100
357
291
210
41
131
189
188
167
219
139
148
152
131
179
145
134
152
124
157
126
157
96
133
152
137
153
181
207
246
269
256
254
232
246
237
250
261
268
281
54
399
262
250
275
276
300
266
277
277
270
311
272
196
195
222
237
130
31
64
121
106
170
220
254
178
111
110
130
139
174
195
112
96
148
86
72
63
45
39
63
160
287
230
240
183
241
180
187
198
200
232
328
180
250
163
200
86
157
137
133
134
104
125
115
136
159
178
191
218
197
165
179
180
204
262
261
267
268
240
225
107
336
448
456
394
151
169
165
150
196
383
336
358
467
250
112
54
258
380
257
297
366
302
250
279
471
418
718
632
476
480
489
473
464
487
229
112
114
171
249
292
286
253
80
272
249
192
201
132
168
174
127
157
127
147
201
130
128
181
174
74
94
101
165
137
137
112
63
5
12
372
503
458
402
442
360
489
535
454
370
371
429
498
441
456
504
409
417
453
435
426
386
417
274
180
210
270
198
191
233
139
119
130
103
61
233
126
116
104
107
131
152
105
107
107
80
36
98
70
67
139
67
127
148
70
94
54
54
18
179
61
134
90
157
165
267
256
192
193
313
241
233
253
309
271
278
85
155
157
82
31
109
193
161
138
344
337
220
298
288
268
286
205
123
107
71
89
115
143
97
180
216
248
287
325
532
528
540
417
210
421
353
338
470
578
498
266
354
195
300
108
180
183
244
376
391
456
557
521
435
322
453
428
443
446
478
670
657
603
686
591
338
533
572
557
607
584
592
721
699
670
721
722
773
629
777
684
656
647
593
621
653
410
512
500
476
544
519
564
530
668
641
617
725
551
557
562
672
651
523
496
388
617
567
597
412
504
501
617
505
625
576
583
670
703
805
453
583
696
772
687
791
676
591
592
714
577
755
640
652
581
399
658
751
599
614
575
478
557
631
648
651
506
467
592
644
662
692
485
388
470
398
331
495
527
405
315
396
481
401
323
442
590
413
485
606
653
545
594
512
641
717
682
498
604
536
548
573
615
510
543
446
506
520
568
441
428
500
505
514
591
375
375
325
370
401
286
252
232
381
193
226
165
54
23
112
146
219
215
49
207
246
494
403
320
304
252
266
210
128
133
80
199
205
225
237
260
191
277
299
320
338
252
309
305
319
293
277
300
246
54
215
273
215
194
243
282
199
151
230
192
255
213
238
243
253
288
279
294
289
330
239
350
294
332
332
241
354
286
308
255
214
285
352
328
441
392
407
335
393
404
334
249
347
354
331
239
309
318
256
355
261
320
279
300
293
373
266
110
340
214
251
255
267
150
231
284
277
290
283
224
282
320
239
318
203
263
251
250
254
256
259
279
269
244
171
228
188
188
198
196
188
143
164
215
183
177
189
215
131
170
157
219
184
233
215
210
149
179
134
165
92
143
148
88
112
110
386
344
491
237
433
285
153
271
425
244
309
281
304
287
224
398
255
168
185
251
303
225
264
154
110
98
73
58
49
45
42
54
80
68
126
152
135
136
190
152
135
121
108
146
201
215
273
195
239
180
212
216
169
231
215
225
272
225
187
187
201
64
190
215
133
123
192
83
121
77
374
252
251
313
420
332
402
430
320
356
214
258
241
189
175
152
167
179
133
203
239
270
316
152
248
200
234
277
329
311
274
355
361
379
363
256
333
396
256
275
214
171
144
161
155
152
69
98
91
152
147
155
179
89
116
68
179
115
122
170
109
94
67
80
54
234
199
172
209
193
125
154
170
97
126
165
113
107
67
80
86
107
72
69
89
49
20
63
89
109
108
170
122
273
197
177
133
152
160
206
178
365
349
232
165
98
58
69
49
186
98
117
107
165
201
154
179
135
139
174
146
237
223
212
260
245
256
276
307
211
160
155
479
365
468
413
379
251
269
333
307
266
130
88
197
141
146
152
261
267
336
326
430
347
394
471
499
498
496
469
491
591
415
455
460
504
599
623
519
473
442
423
468
478
495
357
355
253
314
301
229
281
216
170
155
201
241
150
217
213
142
148
61
322
404
314
319
449
419
321
399
296
328
334
338
323
306
369
365
372
374
485
359
354
462
452
428
391
397
316
395
315
340
354
336
377
378
427
297
438
326
320
365
366
430
435
435
419
499
359
417
465
440
429
391
498
537
591
419
349
523
349
182
333
280
342
453
451
399
458
300
376
375
420
348
247
358
225
160
230
365
277
279
281
341
337
303
345
295
441
506
381
460
270
336
233
350
291
370
410
257
295
231
224
172
376
410
440
421
427
462
428
437
424
349
442
397
550
501
423
344
282
188
287
312
345
188
303
297
266
177
314
286
311
302
277
263
292
424
388
468
489
534
478
485
480
508
421
545
506
527
536
532
671
58
