839
1380
838
1014
931
958
1150
1026
1113
1119
955
756
1091
796
1151
1160
502
1049
869
990
1171
995
972
1029
1045
1148
1026
1161
1226
922
1334
1087
1294
964
922
883
1260
1199
1251
573
1076
941
1072
948
1108
1300
1150
688
865
1132
998
783
1091
856
1186
1358
932
947
1234
1167
1074
1220
950
1008
1110
1006
1096
912
863
724
1045
797
474
154
595
514
523
607
727
789
708
637
549
542
715
930
734
902
1048
1050
938
905
949
976
722
904
867
772
814
874
774
797
791
90
241
240
332
372
621
1056
792
1011
1018
859
1015
976
961
887
898
777
904
1062
1170
859
945
898
986
950
998
765
894
889
998
1046
1228
863
747
743
732
662
827
741
637
652
732
793
833
955
498
796
702
935
741
1124
896
681
827
823
895
988
824
982
772
761
931
755
665
750
489
337
271
609
769
612
476
688
449
589
430
262
759
149
379
613
674
778
762
712
792
605
761
1110
1204
1044
465
247
347
400
494
214
338
713
854
830
808
801
921
976
1015
957
770
533
850
919
947
1012
741
803
763
715
648
800
922
778
956
910
586
381
392
528
518
511
318
335
428
565
489
328
75
318
348
320
746
629
696
756
821
663
496
397
355
455
522
594
702
563
485
90
319
127
12
415
209
103
704
699
872
823
673
553
626
576
481
354
217
288
348
272
289
515
603
770
655
678
652
703
574
611
507
659
485
747
1072
825
1121
887
1194
1045
1102
1093
1120
1063
1042
619
1060
914
1202
1095
1087
943
1097
1212
746
798
1044
1021
1029
1186
1312
1375
1125
650
676
650
711
840
950
1132
932
1346
970
1137
1132
1200
1074
969
1043
1077
1082
1039
1147
763
1072
927
1036
658
678
505
520
466
664
735
691
619
688
555
728
587
690
613
696
793
706
720
634
603
695
825
833
930
1090
1050
919
1167
1052
922
1061
1029
853
1094
923
1013
1278
1195
898
650
750
767
920
1097
1082
896
808
814
704
609
633
754
529
608
655
791
476
470
309
231
187
131
112
127
179
315
284
308
229
255
192
209
187
160
187
172
344
131
134
112
262
284
397
120
196
343
405
462
468
322
329
424
483
520
538
461
550
459
581
488
364
531
545
469
434
549
420
434
344
202
243
255
209
314
435
704
581
547
408
518
425
355
266
262
106
149
134
134
187
142
217
110
583
285
90
326
338
294
340
509
452
392
358
450
353
420
484
403
379
303
377
355
455
436
344
433
568
546
720
674
646
583
468
594
566
614
742
637
572
727
574
602
585
760
715
616
618
609
681
705
825
492
1202
916
1186
522
735
496
760
733
454
529
370
511
474
450
394
446
446
453
474
702
1116
815
1158
947
764
490
381
670
581
578
623
548
749
676
652
804
700
612
712
739
648
570
610
711
735
689
616
640
485
839
780
807
492
576
956
793
782
815
783
607
863
763
542
674
788
691
750
683
705
912
650
543
596
532
147
225
261
212
164
85
307
115
172
149
225
128
105
37
37
76
247
153
127
157
166
240
221
269
336
390
397
248
507
678
551
516
512
255
288
424
252
296
314
261
100
225
104
194
427
474
420
508
422
611
519
517
555
488
309
186
390
418
209
202
210
179
611
617
698
953
646
837
676
529
718
811
910
688
732
728
482
650
678
539
459
761
668
946
802
712
682
477
564
723
739
678
434
496
520
628
683
700
822
676
471
748
759
655
359
457
584
548
720
644
554
603
489
641
676
586
690
561
853
568
489
390
440
553
600
533
455
389
371
328
370
355
458
434
262
533
403
405
511
546
502
507
550
780
398
297
342
459
409
364
424
390
323
401
515
717
740
592
338
576
627
482
331
382
522
564
594
494
557
514
467
325
390
497
470
622
703
466
557
533
747
749
721
696
568
639
455
593
604
565
592
344
432
347
509
328
294
456
468
624
479
484
488
353
504
507
467
348
264
385
404
422
424
414
502
427
357
479
485
575
574
344
286
572
477
579
464
424
574
443
399
307
245
318
340
284
380
374
375
409
361
385
269
420
326
269
190
229
232
210
187
325
379
443
474
314
204
257
247
183
355
391
450
419
274
275
337
277
164
149
164
208
255
232
168
105
134
90
366
217
217
187
194
71
75
127
105
116
127
112
107
142
134
157
104
172
134
67
90
86
157
105
188
344
253
281
217
119
142
75
82
60
37
25
45
97
67
60
45
29
23
45
37
37
60
37
52
75
123
112
97
55
97
75
29
181
67
60
22
320
172
64
45
29
37
37
52
60
77
401
448
793
618
395
403
326
211
221
379
293
314
308
351
348
307
229
355
418
460
620
533
680
778
777
679
554
742
812
653
616
626
620
571
573
489
252
330
556
820
580
471
560
532
216
359
293
374
192
255
369
689
449
610
437
537
479
613
906
858
768
707
571
817
724
394
134
183
179
153
164
124
531
634
601
522
416
474
546
494
475
421
637
754
785
503
632
737
906
809
1039
752
1147
967
904
865
618
733
811
869
861
841
821
805
876
788
679
785
630
728
668
754
761
418
615
740
523
563
672
544
592
457
455
397
323
224
352
267
367
334
699
611
588
581
663
943
477
277
253
359
167
202
147
142
187
174
134
112
82
36
262
457
277
381
290
255
120
312
678
642
666
685
760
757
772
826
920
720
903
774
605
620
333
359
720
706
695
663
589
494
589
582
675
615
548
489
922
676
734
799
858
707
971
789
1037
439
641
575
903
849
698
1011
707
728
651
696
739
796
946
865
809
829
780
657
789
909
722
630
792
762
705
687
748
1078
728
465
657
817
495
508
566
409
813
1002
800
345
579
362
461
241
509
365
595
396
635
460
677
584
538
624
579
637
605
548
246
385
382
280
606
628
655
816
785
798
782
652
785
748
700
642
682
686
699
679
635
711
732
659
732
736
665
714
683
676
760
798
558
763
774
576
833
528
841
870
726
756
733
802
502
865
833
754
418
622
644
779
784
787
555
370
677
151
194
296
348
422
437
468
492
550
598
106
839
1380
838
1014
931
958
1150
1026
1113
1119
955
756
1091
796
1151
1160
502
1049
869
990
1171
995
972
1029
1045
1148
1026
1161
1226
922
1334
1087
1294
964
922
883
1260
1199
1251
573
1076
941
1072
948
1108
1300
1150
688
865
1132
998
783
1091
856
1186
1358
932
947
1234
1167
1074
1220
950
1008
1110
1006
1096
912
863
724
1045
797
474
154
595
514
523
607
727
789
708
637
549
542
715
930
734
902
1048
1050
938
905
949
976
722
904
867
772
814
874
774
797
791
90
241
240
332
372
621
1056
792
1011
1018
859
1015
976
961
887
898
777
904
1062
1170
859
945
898
986
950
998
765
894
889
998
1046
1228
863
747
743
732
662
827
741
637
652
732
793
833
955
498
796
702
935
741
1124
896
681
827
823
895
988
824
982
772
761
931
755
665
750
489
337
271
609
769
612
476
688
449
589
430
262
759
149
379
613
674
778
762
712
792
605
761
1110
1204
1044
465
247
347
400
494
214
338
713
854
830
808
801
921
976
1015
957
770
533
850
919
947
1012
741
803
763
715
648
800
922
778
956
910
586
381
392
528
518
511
318
335
428
565
489
328
75
318
348
320
746
629
696
756
821
663
496
397
355
455
522
594
702
563
485
90
319
127
12
415
209
103
704
699
872
823
673
553
626
576
481
354
217
288
348
272
289
515
603
770
655
678
652
703
574
611
507
659
485
747
1072
825
1121
887
1194
1045
1102
1093
1120
1063
1042
619
1060
914
1202
1095
1087
943
1097
1212
746
798
1044
1021
1029
1186
1312
1375
1125
650
676
650
711
840
950
1132
932
1346
970
1137
1132
1200
1074
969
1043
1077
1082
1039
1147
763
1072
927
1036
658
678
505
520
466
664
735
691
619
688
555
728
587
690
613
696
793
706
720
634
603
695
825
833
930
1090
1050
919
1167
1052
922
1061
1029
853
1094
923
1013
1278
1195
898
650
750
767
920
1097
1082
896
808
814
704
609
633
754
529
608
655
791
476
470
309
231
187
131
112
127
179
315
284
308
229
255
192
209
187
160
187
172
344
131
134
112
262
284
397
120
196
343
405
462
468
322
329
424
483
520
538
461
550
459
581
488
364
531
545
469
434
549
420
434
344
202
243
255
209
314
435
704
581
547
408
518
425
355
266
262
106
149
134
134
187
142
217
110
583
285
90
326
338
294
340
509
452
392
358
450
353
420
484
403
379
303
377
355
455
436
344
433
568
546
720
674
646
583
468
594
566
614
742
637
572
727
574
602
585
760
715
616
618
609
681
705
825
492
1202
916
1186
522
735
496
760
733
454
529
370
511
474
450
394
446
446
453
474
702
1116
815
1158
947
764
490
381
670
581
578
623
548
749
676
652
804
700
612
712
739
648
570
610
711
735
689
616
640
485
839
780
807
492
576
956
793
782
815
783
607
863
763
542
674
788
691
750
683
705
912
650
543
596
532
147
225
261
212
164
85
307
115
172
149
225
128
105
37
37
76
247
153
127
157
166
240
221
269
336
390
397
248
507
678
551
516
512
255
288
424
252
296
314
261
100
225
104
194
427
474
420
508
422
611
519
517
555
488
309
186
390
418
209
202
210
179
611
617
698
953
646
837
676
529
718
811
910
688
732
728
482
650
678
539
459
761
668
946
802
712
682
477
564
723
739
678
434
496
520
628
683
700
822
676
471
748
759
655
359
457
584
548
720
644
554
603
489
641
676
586
690
561
853
568
489
390
440
553
600
533
455
389
371
328
370
355
458
434
262
533
403
405
511
546
502
507
550
780
398
297
342
459
409
364
424
390
323
401
515
717
740
592
338
576
627
482
331
382
522
564
594
494
557
514
467
325
390
497
470
622
703
466
557
533
747
749
721
696
568
639
455
593
604
565
592
344
432
347
509
328
294
456
468
624
479
484
488
353
504
507
467
348
264
385
404
422
424
414
502
427
357
479
485
575
574
344
286
572
477
579
464
424
574
443
399
307
245
318
340
284
380
374
375
409
361
385
269
420
326
269
190
229
232
210
187
325
379
443
474
314
204
257
247
183
355
391
450
419
274
275
337
277
164
149
164
208
255
232
168
105
134
90
366
217
217
187
194
71
75
127
105
116
127
112
107
142
134
157
104
172
134
67
90
86
157
105
188
344
253
281
217
119
142
75
82
60
37
25
45
97
67
60
45
29
23
45
37
37
60
37
52
75
123
112
97
55
97
75
29
181
67
60
22
320
172
64
45
29
37
37
52
60
77
401
448
793
618
395
403
326
211
221
379
293
314
308
351
348
307
229
355
418
460
620
533
680
778
777
679
554
742
812
653
616
626
620
571
573
489
252
330
556
820
580
471
560
532
216
359
293
374
192
255
369
689
449
610
437
537
479
613
906
858
768
707
571
817
724
394
134
183
179
153
164
124
531
634
601
522
416
474
546
494
475
421
637
754
785
503
632
737
906
809
1039
752
1147
967
904
865
618
733
811
869
861
841
821
805
876
788
679
785
630
728
668
754
761
418
615
740
523
563
672
544
592
457
455
397
323
224
352
267
367
334
699
611
588
581
663
943
477
277
253
359
167
202
147
142
187
174
134
112
82
36
262
457
277
381
290
255
120
312
678
642
666
685
760
757
772
826
920
720
903
774
605
620
333
359
720
706
695
663
589
494
589
582
675
615
548
489
922
676
734
799
858
707
971
789
1037
439
641
575
903
849
698
1011
707
728
651
696
739
796
946
865
809
829
780
657
789
909
722
630
792
762
705
687
748
1078
728
465
657
817
495
508
566
409
813
1002
800
345
579
362
461
241
509
365
595
396
635
460
677
584
538
624
579
637
605
548
246
385
382
280
606
628
655
816
785
798
782
652
785
748
700
642
682
686
699
679
635
711
732
659
732
736
665
714
683
676
760
798
558
763
774
576
833
528
841
870
726
756
733
802
502
865
833
754
418
622
644
779
784
787
555
370
677
151
194
296
348
422
437
468
492
550
598
106
839
1380
838
1014
931
958
1150
1026
1113
1119
955
756
1091
796
1151
1160
502
1049
869
990
1171
995
972
1029
1045
1148
1026
1161
1226
922
1334
1087
1294
964
922
883
1260
1199
1251
573
1076
941
1072
948
1108
1300
1150
688
865
1132
998
783
1091
856
1186
1358
932
947
1234
1167
1074
1220
950
1008
1110
1006
1096
912
863
724
1045
797
474
154
595
514
523
607
727
789
708
637
549
542
715
930
734
902
1048
1050
938
905
949
976
722
904
867
772
814
874
774
797
791
90
241
240
332
372
621
1056
792
1011
1018
859
1015
976
961
887
898
777
904
1062
1170
859
945
898
986
950
998
765
894
889
998
1046
1228
863
747
743
732
662
827
741
637
652
732
793
833
955
498
796
702
935
741
1124
896
681
827
823
895
988
824
982
772
761
931
755
665
750
489
337
271
609
769
612
476
688
449
589
430
262
759
149
379
613
674
778
762
712
792
605
761
1110
1204
1044
465
247
347
400
494
214
338
713
854
830
808
801
921
976
1015
957
770
533
850
919
947
1012
741
803
763
715
648
800
922
778
956
910
586
381
392
528
518
511
318
335
428
565
489
328
75
318
348
320
746
629
696
756
821
663
496
397
355
455
522
594
702
563
485
90
319
127
12
415
209
103
704
699
872
823
673
553
626
576
481
354
217
288
348
272
289
515
603
770
655
678
652
703
574
611
507
659
485
747
1072
825
1121
887
1194
1045
1102
1093
1120
1063
1042
619
1060
914
1202
1095
1087
943
1097
1212
746
798
1044
1021
1029
1186
1312
1375
1125
650
676
650
711
840
950
1132
932
1346
970
1137
1132
1200
1074
969
1043
1077
1082
1039
1147
763
1072
927
1036
658
678
505
520
466
664
735
691
619
688
555
728
587
690
613
696
793
706
720
634
603
695
825
833
930
1090
1050
919
1167
1052
922
1061
1029
853
1094
923
1013
1278
1195
898
650
750
767
920
1097
1082
896
808
814
704
609
633
754
529
608
655
791
476
470
309
231
187
131
112
127
179
315
284
308
229
255
192
209
187
160
187
172
344
131
134
112
262
284
397
120
196
343
405
462
468
322
329
424
483
520
538
461
550
459
581
488
364
531
545
469
434
549
420
434
344
202
243
255
209
314
435
704
581
547
408
518
425
355
266
262
106
149
134
134
187
142
217
110
583
285
90
326
338
294
340
509
452
392
358
450
353
420
484
403
379
303
377
355
455
436
344
433
568
546
720
674
646
583
468
594
566
614
742
637
572
727
574
602
585
760
715
616
618
609
681
705
825
492
1202
916
1186
522
735
496
760
733
454
529
370
511
474
450
394
446
446
453
474
702
1116
815
1158
947
764
490
381
670
581
578
623
548
749
676
652
804
700
612
712
739
648
570
610
711
735
689
616
640
485
839
780
807
492
576
956
793
782
815
783
607
863
763
542
674
788
691
750
683
705
912
650
543
596
532
147
225
261
212
164
85
307
115
172
149
225
128
105
37
37
76
247
153
127
157
166
240
221
269
336
390
397
248
507
678
551
516
512
255
288
424
252
296
314
261
100
225
104
194
427
474
420
508
422
611
519
517
555
488
309
186
390
418
209
202
210
179
611
617
698
953
646
837
676
529
718
811
910
688
732
728
482
650
678
539
459
761
668
946
802
712
682
477
564
723
739
678
434
496
520
628
683
700
822
676
471
748
759
655
359
457
584
548
720
644
554
603
489
641
676
586
690
561
853
568
489
390
440
553
600
533
455
389
371
328
370
355
458
434
262
533
403
405
511
546
502
507
550
780
398
297
342
459
409
364
424
390
323
401
515
717
740
592
338
576
627
482
331
382
522
564
594
494
557
514
467
325
390
497
470
622
703
466
557
533
747
749
721
696
568
639
455
593
604
565
592
344
432
347
509
328
294
456
468
624
479
484
488
353
504
507
467
348
264
385
404
422
424
414
502
427
357
479
485
575
574
344
286
572
477
579
464
424
574
443
399
307
245
318
340
284
380
374
375
409
361
385
269
420
326
269
190
229
232
210
187
325
379
443
474
314
204
257
247
183
355
391
450
419
274
275
337
277
164
149
164
208
255
232
168
105
134
90
366
217
217
187
194
71
75
127
105
116
127
112
107
142
134
157
104
172
134
67
90
86
157
105
188
344
253
281
217
119
142
75
82
60
37
25
45
97
67
60
45
29
23
45
37
37
60
37
52
75
123
112
97
55
97
75
29
181
67
60
22
320
172
64
45
29
37
37
52
60
77
401
448
793
618
395
403
326
211
221
379
293
314
308
351
348
307
229
355
418
460
620
533
680
778
777
679
554
742
812
653
616
626
620
571
573
489
252
330
556
820
580
471
560
532
216
359
293
374
192
255
369
689
449
610
437
537
479
613
906
858
768
707
571
817
724
394
134
183
179
153
164
124
531
634
601
522
416
474
546
494
475
421
637
754
785
503
632
737
906
809
1039
752
1147
967
904
865
618
733
811
869
861
841
821
805
876
788
679
785
630
728
668
754
761
418
615
740
523
563
672
544
592
457
455
397
323
224
352
267
367
334
699
611
588
581
663
943
477
277
253
359
167
202
147
142
187
174
134
112
82
36
262
457
277
381
290
255
120
312
678
642
666
685
760
757
772
826
920
720
903
774
605
620
333
359
720
706
695
663
589
494
589
582
675
615
548
489
922
676
734
799
858
707
971
789
1037
439
641
575
903
849
698
1011
707
728
651
696
739
796
946
865
809
829
780
657
789
909
722
630
792
762
705
687
748
1078
728
465
657
817
495
508
566
409
813
1002
800
345
579
362
461
241
509
365
595
396
635
460
677
584
538
624
579
637
605
548
246
385
382
280
606
628
655
816
785
798
782
652
785
748
700
642
682
686
699
679
635
711
732
659
732
736
665
714
683
676
760
798
558
763
774
576
833
528
841
870
726
756
733
802
502
865
833
754
418
622
644
779
784
787
555
370
677
151
194
296
348
422
437
468
492
550
598
106
