1746
1262
246
786
1134
1127
1004
1316
835
886
913
788
1073
869
805
913
741
940
754
940
575
796
913
825
918
1088
1242
1478
1613
1535
1522
1395
1478
1422
1503
1564
1611
1687
322
2394
1574
1498
1652
1655
1802
1593
1660
1662
1623
1864
1630
1174
1169
1333
1419
778
187
385
724
636
1019
1321
1522
1066
668
660
778
832
1043
1171
670
575
886
516
430
376
268
233
376
962
1724
1382
1441
1095
1449
1080
1125
1188
1198
1392
1967
1083
1503
980
1201
513
940
820
800
805
624
751
692
818
955
1070
1147
1306
1181
992
1073
1080
1225
1571
1569
1601
1608
1441
1348
643
2016
2691
2735
2367
906
1012
992
899
1176
2301
2016
2146
2801
1500
670
322
1549
2281
1542
1785
2195
1814
1498
1677
2826
2507
4307
3793
2855
2880
2936
2841
2784
2922
1375
670
685
1024
1493
1753
1714
1517
479
1633
1495
1154
1208
791
1007
1046
764
940
761
881
1208
781
766
1088
1046
444
562
604
992
825
825
670
376
29
74
2234
3015
2747
2414
2652
2161
2934
3211
2725
2220
2224
2573
2986
2644
2735
3025
2453
2499
2720
2607
2558
2318
2502
1643
1080
1262
1623
1191
1144
1397
832
712
778
616
363
1397
754
697
624
643
786
913
629
643
641
479
214
589
420
403
835
403
764
886
420
562
322
327
106
1073
363
805
538
940
989
1601
1535
1154
1159
1881
1446
1399
1520
1856
1628
1667
508
931
940
494
187
656
1159
965
827
2062
2021
1321
1790
1731
1606
1719
1228
739
643
425
535
692
859
582
1080
1299
1490
1724
1952
3189
3170
3238
2499
1257
2529
2119
2026
2821
3467
2986
1593
2124
1171
1800
651
1083
1100
1466
2256
2345
2735
3344
3128
2610
1930
2718
2566
2657
2674
2870
4022
3943
3617
4117
3545
2028
3197
3432
3342
3641
3501
3550
4324
4194
4019
4329
4334
4636
3776
4663
4105
3933
3879
3560
3725
3919
2460
3074
2998
2853
3263
3116
3386
3177
4009
3847
3705
4351
3307
3339
3374
4032
3906
3135
2976
2325
3700
3403
3585
2470
3022
3008
3703
3032
3749
3457
3499
4019
4216
4827
2716
3499
4176
4631
4120
4748
4054
3545
3550
4284
3464
4532
3840
3914
3489
2396
3946
4508
3597
3685
3452
2868
3344
3788
3889
3906
3035
2801
3553
3865
3970
4154
2909
2330
2821
2387
1986
2971
3160
2428
1891
2377
2885
2404
1940
2649
3538
2480
2909
3636
3919
3268
3563
3072
3845
4304
4090
2988
3622
3214
3285
3437
3688
3059
3256
2676
3037
3118
3410
2644
2571
3003
3027
3081
3548
2251
2251
1947
2220
2409
1714
1512
1390
2288
1156
1358
992
322
140
670
874
1314
1289
292
1240
1478
2966
2416
1922
1824
1515
1596
1262
768
796
481
1193
1230
1353
1422
1559
1144
1662
1795
1918
2030
1512
1854
1829
1913
1756
1665
1797
1476
322
1291
1638
1291
1166
1461
1692
1193
906
1377
1154
1530
1277
1429
1456
1520
1731
1677
1763
1733
1979
1434
2099
1765
1994
1994
1449
2124
1716
1846
1532
1284
1709
2109
1969
2647
2352
2443
2011
2360
2423
2003
1493
2085
2121
1989
1436
1851
1905
1537
2131
1566
1918
1674
1797
1758
2239
1593
658
2040
1287
1505
1530
1601
901
1387
1704
1665
1738
1697
1343
1689
1922
1431
1908
1220
1579
1505
1500
1522
1535
1554
1672
1613
1463
1026
1368
1129
1127
1188
1176
1127
857
982
1289
1095
1061
1137
1289
783
1019
940
1316
1102
1397
1289
1262
891
1073
805
992
555
859
886
530
670
663
2315
2065
2946
1422
2595
1711
916
1625
2549
1466
1854
1687
1824
1724
1343
2387
1527
1007
1107
1505
1817
1353
1581
923
660
589
437
349
295
268
250
322
481
405
759
913
813
815
1139
913
813
724
646
879
1206
1289
1640
1171
1431
1083
1274
1296
1014
1387
1291
1353
1630
1353
1125
1125
1208
383
1139
1289
800
737
1154
501
724
459
2247
1515
1508
1878
2519
1994
2411
2583
1922
2134
1284
1549
1446
1132
1051
911
1002
1073
796
1218
1436
1618
1893
911
1485
1201
1404
1665
1976
1866
1643
2129
2163
2276
2180
1535
1999
2377
1535
1652
1284
1029
867
967
933
913
415
589
548
913
884
933
1073
535
697
405
1073
687
734
1019
653
562
400
481
322
1402
1196
1034
1252
1156
751
923
1019
579
756
992
678
643
403
481
518
643
430
412
535
295
118
376
535
656
651
1019
729
1638
1181
1063
798
913
962
1235
1068
2188
2094
1392
992
589
349
415
295
1117
589
705
643
992
1206
926
1073
810
832
1041
874
1424
1341
1272
1562
1471
1535
1657
1841
1264
958
933
2873
2188
2806
2480
2274
1508
1616
1996
1844
1596
778
530
1181
845
879
913
1564
1601
2013
1957
2580
2080
2364
2824
2993
2991
2976
2816
2949
3545
2490
2733
2757
3025
3597
3739
3116
2841
2654
2536
2809
2870
2968
2141
2131
1520
1883
1805
1375
1687
1299
1019
931
1203
1446
899
1301
1277
854
886
368
1932
2426
1886
1915
2696
2512
1925
2396
1778
1969
2003
2030
1937
1839
2212
2193
2229
2247
2907
2156
2124
2770
2713
2571
2347
2382
1893
2369
1888
2038
2124
2013
2261
2266
2561
1785
2627
1957
1922
2193
2195
2580
2612
2610
2514
2995
2156
2504
2792
2639
2576
2345
2986
3221
3545
2517
2097
3138
2094
1090
1996
1682
2050
2720
2706
2391
2747
1797
2256
2249
2522
2089
1483
2148
1348
962
1380
2188
1660
1674
1687
2048
2021
1819
2070
1773
2647
3035
2283
2760
1623
2013
1399
2099
1743
2222
2463
1544
1773
1387
1345
1034
2259
2463
2639
2524
2561
2770
2566
2625
2541
2097
2649
2384
3297
3005
2539
2062
1692
1127
1724
1873
2072
1129
1819
1783
1593
1063
1886
1716
1864
1814
1662
1576
1751
2544
2330
2806
2936
3207
2868
2912
2882
3047
2526
3270
3037
3160
3216
3194
4027
349
155
889
1289
3418
4591
2293
1905
3371
2193
2394
1957
3474
2544
3732
3288
1900
2112
1802
1999
2247
1505
1014
1336
1414
1429
1353
1289
977
970
859
565
616
442
616
481
670
2352
2774
2657
2934
2976
2499
2544
2691
1643
2512
1422
1431
1134
1201
1093
1687
1508
1849
886
818
589
501
1503
1449
1552
2053
1935
859
992
1640
1019
606
376
160
562
1058
2249
2836
1775
2657
1571
1677
1844
2492
2251
1949
2188
2377
1787
1019
1706
2352
2085
2013
1566
2016
2963
2634
1608
965
700
2215
2514
2305
1797
2261
1780
1719
1525
1510
1247
1066
594
349
599
778
589
535
778
805
717
778
535
570
975
1127
744
818
1345
1630
1370
1272
1422
1068
697
793
670
570
1046
1262
1353
1714
1449
911
1019
670
913
692
1100
1451
1007
1127
773
940
850
751
850
1031
2340
1414
1429
1409
1611
1746
1751
1291
2021
1969
1360
1088
1476
1250
1107
1711
2065
2121
1650
1783
1377
1019
724
498
268
403
980
1468
1918
1589
1431
1014
2210
1434
2050
1446
2360
2799
1783
2205
2001
1682
516
1039
2350
2806
3550
2480
2504
2281
2436
2202
2288
2978
2212
2583
2949
2841
3243
3474
3332
2607
3378
2394
3116
3305
2465
2929
2792
3094
2838
3089
3103
2661
2502
2301
2269
1350
2080
1940
2387
1891
2229
2207
1485
1783
1606
1137
1311
1078
1149
1193
1665
972
1512
1571
1395
575
751
1900
1429
2323
2281
2163
2399
2659
3538
2684
2585
3022
2472
1753
2102
1152
1628
1581
1046
1638
1517
1812
1586
1127
1952
1822
1925
1945
1817
1618
2018
1564
2175
2173
2264
2445
2220
1810
2330
1849
2124
2212
2369
1476
2276
1937
1832
940
889
1635
1549
1436
1210
1314
1790
940
989
1834
1900
1635
1193
2190
1508
1422
1701
1743
1817
1888
1508
1257
1709
1947
1697
1341
1770
1515
1694
1402
1154
1122
1363
1537
1176
1255
22
1674
1927
670
430
466
616
859
447
430
1019
989
695
638
724
668
616
430
457
388
322
535
602
2141
1746
1262
246
786
1134
1127
1004
1316
835
886
913
788
1073
869
805
913
741
940
754
940
575
796
913
825
918
1088
1242
1478
1613
1535
1522
1395
1478
1422
1503
1564
1611
1687
322
2394
1574
1498
1652
1655
1802
1593
1660
1662
1623
1864
1630
1174
1169
1333
1419
778
187
385
724
636
1019
1321
1522
1066
668
660
778
832
1043
1171
670
575
886
516
430
376
268
233
376
962
1724
1382
1441
1095
1449
1080
1125
1188
1198
1392
1967
1083
1503
980
1201
513
940
820
800
805
624
751
692
818
955
1070
1147
1306
1181
992
1073
1080
1225
1571
1569
1601
1608
1441
1348
643
2016
2691
2735
2367
906
1012
992
899
1176
2301
2016
2146
2801
1500
670
322
1549
2281
1542
1785
2195
1814
1498
1677
2826
2507
4307
3793
2855
2880
2936
2841
2784
2922
1375
670
685
1024
1493
1753
1714
1517
479
1633
1495
1154
1208
791
1007
1046
764
940
761
881
1208
781
766
1088
1046
444
562
604
992
825
825
670
376
29
74
2234
3015
2747
2414
2652
2161
2934
3211
2725
2220
2224
2573
2986
2644
2735
3025
2453
2499
2720
2607
2558
2318
2502
1643
1080
1262
1623
1191
1144
1397
832
712
778
616
363
1397
754
697
624
643
786
913
629
643
641
479
214
589
420
403
835
403
764
886
420
562
322
327
106
1073
363
805
538
940
989
1601
1535
1154
1159
1881
1446
1399
1520
1856
1628
1667
508
931
940
494
187
656
1159
965
827
2062
2021
1321
1790
1731
1606
1719
1228
739
643
425
535
692
859
582
1080
1299
1490
1724
1952
3189
3170
3238
2499
1257
2529
2119
2026
2821
3467
2986
1593
2124
1171
1800
651
1083
1100
1466
2256
2345
2735
3344
3128
2610
1930
2718
2566
2657
2674
2870
4022
3943
3617
4117
3545
2028
3197
3432
3342
3641
3501
3550
4324
4194
4019
4329
4334
4636
3776
4663
4105
3933
3879
3560
3725
3919
2460
3074
2998
2853
3263
3116
3386
3177
4009
3847
3705
4351
3307
3339
3374
4032
3906
3135
2976
2325
3700
3403
3585
2470
3022
3008
3703
3032
3749
3457
3499
4019
4216
4827
2716
3499
4176
4631
4120
4748
4054
3545
3550
4284
3464
4532
3840
3914
3489
2396
3946
4508
3597
3685
3452
2868
3344
3788
3889
3906
3035
2801
3553
3865
3970
4154
2909
2330
2821
2387
1986
2971
3160
2428
1891
2377
2885
2404
1940
2649
3538
2480
2909
3636
3919
3268
3563
3072
3845
4304
4090
2988
3622
3214
3285
3437
3688
3059
3256
2676
3037
3118
3410
2644
2571
3003
3027
3081
3548
2251
2251
1947
2220
2409
1714
1512
1390
2288
1156
1358
992
322
140
670
874
1314
1289
292
1240
1478
2966
2416
1922
1824
1515
1596
1262
768
796
481
1193
1230
1353
1422
1559
1144
1662
1795
1918
2030
1512
1854
1829
1913
1756
1665
1797
1476
322
1291
1638
1291
1166
1461
1692
1193
906
1377
1154
1530
1277
1429
1456
1520
1731
1677
1763
1733
1979
1434
2099
1765
1994
1994
1449
2124
1716
1846
1532
1284
1709
2109
1969
2647
2352
2443
2011
2360
2423
2003
1493
2085
2121
1989
1436
1851
1905
1537
2131
1566
1918
1674
1797
1758
2239
1593
658
2040
1287
1505
1530
1601
901
1387
1704
1665
1738
1697
1343
1689
1922
1431
1908
1220
1579
1505
1500
1522
1535
1554
1672
1613
1463
1026
1368
1129
1127
1188
1176
1127
857
982
1289
1095
1061
1137
1289
783
1019
940
1316
1102
1397
1289
1262
891
1073
805
992
555
859
886
530
670
663
2315
2065
2946
1422
2595
1711
916
1625
2549
1466
1854
1687
1824
1724
1343
2387
1527
1007
1107
1505
1817
1353
1581
923
660
589
437
349
295
268
250
322
481
405
759
913
813
815
1139
913
813
724
646
879
1206
1289
1640
1171
1431
1083
1274
1296
1014
1387
1291
1353
1630
1353
1125
1125
1208
383
1139
1289
800
737
1154
501
724
459
2247
1515
1508
1878
2519
1994
2411
2583
1922
2134
1284
1549
1446
1132
1051
911
1002
1073
796
1218
1436
1618
1893
911
1485
1201
1404
1665
1976
1866
1643
2129
2163
2276
2180
1535
1999
2377
1535
1652
1284
1029
867
967
933
913
415
589
548
913
884
933
1073
535
697
405
1073
687
734
1019
653
562
400
481
322
1402
1196
1034
1252
1156
751
923
1019
579
756
992
678
643
403
481
518
643
430
412
535
295
118
376
535
656
651
1019
729
1638
1181
1063
798
913
962
1235
1068
2188
2094
1392
992
589
349
415
295
1117
589
705
643
992
1206
926
1073
810
832
1041
874
1424
1341
1272
1562
1471
1535
1657
1841
1264
958
933
2873
2188
2806
2480
2274
1508
1616
1996
1844
1596
778
530
1181
845
879
913
1564
1601
2013
1957
2580
2080
2364
2824
2993
2991
2976
2816
2949
3545
2490
2733
2757
3025
3597
3739
3116
2841
2654
2536
2809
2870
2968
2141
2131
1520
1883
1805
1375
1687
1299
1019
931
1203
1446
899
1301
1277
854
886
368
1932
2426
1886
1915
2696
2512
1925
2396
1778
1969
2003
2030
1937
1839
2212
2193
2229
2247
2907
2156
2124
2770
2713
2571
2347
2382
1893
2369
1888
2038
2124
2013
2261
2266
2561
1785
2627
1957
1922
2193
2195
2580
2612
2610
2514
2995
2156
2504
2792
2639
2576
2345
2986
3221
3545
2517
2097
3138
2094
1090
1996
1682
2050
2720
2706
2391
2747
1797
2256
2249
2522
2089
1483
2148
1348
962
1380
2188
1660
1674
1687
2048
2021
1819
2070
1773
2647
3035
2283
2760
1623
2013
1399
2099
1743
2222
2463
1544
1773
1387
1345
1034
2259
2463
2639
2524
2561
2770
2566
2625
2541
2097
2649
2384
3297
3005
2539
2062
1692
1127
1724
1873
2072
1129
1819
1783
1593
1063
1886
1716
1864
1814
1662
1576
1751
2544
2330
2806
2936
3207
2868
2912
2882
3047
2526
3270
3037
3160
3216
3194
4027
349
155
889
1289
3418
4591
2293
1905
3371
2193
2394
1957
3474
2544
3732
3288
1900
2112
1802
1999
2247
1505
1014
1336
1414
1429
1353
1289
977
970
859
565
616
442
616
481
670
2352
2774
2657
2934
2976
2499
2544
2691
1643
2512
1422
1431
1134
1201
1093
1687
1508
1849
886
818
589
501
1503
1449
1552
2053
1935
859
992
1640
1019
606
376
160
562
1058
2249
2836
1775
2657
1571
1677
1844
2492
2251
1949
2188
2377
1787
1019
1706
2352
2085
2013
1566
2016
2963
2634
1608
965
700
2215
2514
2305
1797
2261
1780
1719
1525
1510
1247
1066
594
349
599
778
589
535
778
805
717
778
535
570
975
1127
744
818
1345
1630
1370
1272
1422
1068
697
793
670
570
1046
1262
1353
1714
1449
911
1019
670
913
692
1100
1451
1007
1127
773
940
850
751
850
1031
2340
1414
1429
1409
1611
1746
1751
1291
2021
1969
1360
1088
1476
1250
1107
1711
2065
2121
1650
1783
1377
1019
724
498
268
403
980
1468
1918
1589
1431
1014
2210
1434
2050
1446
2360
2799
1783
2205
2001
1682
516
1039
2350
2806
3550
2480
2504
2281
2436
2202
2288
2978
2212
2583
2949
2841
3243
3474
3332
2607
3378
2394
3116
3305
2465
2929
2792
3094
2838
3089
3103
2661
2502
2301
2269
1350
2080
1940
2387
1891
2229
2207
1485
1783
1606
1137
1311
1078
1149
1193
1665
972
1512
1571
1395
575
751
1900
1429
2323
2281
2163
2399
2659
3538
2684
2585
3022
2472
1753
2102
1152
1628
1581
1046
1638
1517
1812
1586
1127
1952
1822
1925
1945
1817
1618
2018
1564
2175
2173
2264
2445
2220
1810
2330
1849
2124
2212
2369
1476
2276
1937
1832
940
889
1635
1549
1436
1210
1314
1790
940
989
1834
1900
1635
1193
2190
1508
1422
1701
1743
1817
1888
1508
1257
1709
1947
1697
1341
1770
1515
1694
1402
1154
1122
1363
1537
1176
1255
22
1674
1927
670
430
466
616
859
447
430
1019
989
695
638
724
668
616
430
457
388
322
535
602
2141
1746
1262
246
786
1134
1127
1004
1316
835
886
913
788
1073
869
805
913
741
940
754
940
575
796
913
825
918
1088
1242
1478
1613
1535
1522
1395
1478
1422
1503
1564
1611
1687
322
2394
1574
1498
1652
1655
1802
1593
1660
1662
1623
1864
1630
1174
1169
1333
1419
778
187
385
724
636
1019
1321
1522
1066
668
660
778
832
1043
1171
670
575
886
516
430
376
268
233
376
962
1724
1382
1441
1095
1449
1080
1125
1188
1198
1392
1967
1083
1503
980
1201
513
940
820
800
805
624
751
692
818
955
1070
1147
1306
1181
992
1073
1080
1225
1571
1569
1601
1608
1441
1348
643
2016
2691
2735
2367
906
1012
992
899
1176
2301
2016
2146
2801
1500
670
322
1549
2281
1542
1785
2195
1814
1498
1677
2826
2507
4307
3793
2855
2880
2936
2841
2784
2922
1375
670
685
1024
1493
1753
1714
1517
479
1633
1495
1154
1208
791
1007
1046
764
940
761
881
1208
781
766
1088
1046
444
562
604
992
825
825
670
376
29
74
2234
3015
2747
2414
2652
2161
2934
3211
2725
2220
2224
2573
2986
2644
2735
3025
2453
2499
2720
2607
2558
2318
2502
1643
1080
1262
1623
1191
1144
1397
832
712
778
616
363
1397
754
697
624
643
786
913
629
643
641
479
214
589
420
403
835
403
764
886
420
562
322
327
106
1073
363
805
538
940
989
1601
1535
1154
1159
1881
1446
1399
1520
1856
1628
1667
508
931
940
494
187
656
1159
965
827
2062
2021
1321
1790
1731
1606
1719
1228
739
643
425
535
692
859
582
1080
1299
1490
1724
1952
3189
3170
3238
2499
1257
2529
2119
2026
2821
3467
2986
1593
2124
1171
1800
651
1083
1100
1466
2256
2345
2735
3344
3128
2610
1930
2718
2566
2657
2674
2870
4022
3943
3617
4117
3545
2028
3197
3432
3342
3641
3501
3550
4324
4194
4019
4329
4334
4636
3776
4663
4105
3933
3879
3560
3725
3919
2460
3074
2998
2853
3263
3116
3386
3177
4009
3847
3705
4351
3307
3339
3374
4032
3906
3135
2976
2325
3700
3403
3585
2470
3022
3008
3703
3032
3749
3457
3499
4019
4216
4827
2716
3499
4176
4631
4120
4748
4054
3545
3550
4284
3464
4532
3840
3914
3489
2396
3946
4508
3597
3685
3452
2868
3344
3788
3889
3906
3035
2801
3553
3865
3970
4154
2909
2330
2821
2387
1986
2971
3160
2428
1891
2377
2885
2404
1940
2649
3538
2480
2909
3636
3919
3268
3563
3072
3845
4304
4090
2988
3622
3214
3285
3437
3688
3059
3256
2676
3037
3118
3410
2644
2571
3003
3027
3081
3548
2251
2251
1947
2220
2409
1714
1512
1390
2288
1156
1358
992
322
140
670
874
1314
1289
292
1240
1478
2966
2416
1922
1824
1515
1596
1262
768
796
481
1193
1230
1353
1422
1559
1144
1662
1795
1918
2030
1512
1854
1829
1913
1756
1665
1797
1476
322
1291
1638
1291
1166
1461
1692
1193
906
1377
1154
1530
1277
1429
1456
1520
1731
1677
1763
1733
1979
1434
2099
1765
1994
1994
1449
2124
1716
1846
1532
1284
1709
2109
1969
2647
2352
2443
2011
2360
2423
2003
1493
2085
2121
1989
1436
1851
1905
1537
2131
1566
1918
1674
1797
1758
2239
1593
658
2040
1287
1505
1530
1601
901
1387
1704
1665
1738
1697
1343
1689
1922
1431
1908
1220
1579
1505
1500
1522
1535
1554
1672
1613
1463
1026
1368
1129
1127
1188
1176
1127
857
982
1289
1095
1061
1137
1289
783
1019
940
1316
1102
1397
1289
1262
891
1073
805
992
555
859
886
530
670
663
2315
2065
2946
1422
2595
1711
916
1625
2549
1466
1854
1687
1824
1724
1343
2387
1527
1007
1107
1505
1817
1353
1581
923
660
589
437
349
295
268
250
322
481
405
759
913
813
815
1139
913
813
724
646
879
1206
1289
1640
1171
1431
1083
1274
1296
1014
1387
1291
1353
1630
1353
1125
1125
1208
383
1139
1289
800
737
1154
501
724
459
2247
1515
1508
1878
2519
1994
2411
2583
1922
2134
1284
1549
1446
1132
1051
911
1002
1073
796
1218
1436
1618
1893
911
1485
1201
1404
1665
1976
1866
1643
2129
2163
2276
2180
1535
1999
2377
1535
1652
1284
1029
867
967
933
913
415
589
548
913
884
933
1073
535
697
405
1073
687
734
1019
653
562
400
481
322
1402
1196
1034
1252
1156
751
923
1019
579
756
992
678
643
403
481
518
643
430
412
535
295
118
376
535
656
651
1019
729
1638
1181
1063
798
913
962
1235
1068
2188
2094
1392
992
589
349
415
295
1117
589
705
643
992
1206
926
1073
810
832
1041
874
1424
1341
1272
1562
1471
1535
1657
1841
1264
958
933
2873
2188
2806
2480
2274
1508
1616
1996
1844
1596
778
530
1181
845
879
913
1564
1601
2013
1957
2580
2080
2364
2824
2993
2991
2976
2816
2949
3545
2490
2733
2757
3025
3597
3739
3116
2841
2654
2536
2809
2870
2968
2141
2131
1520
1883
1805
1375
1687
1299
1019
931
1203
1446
899
1301
1277
854
886
368
1932
2426
1886
1915
2696
2512
1925
2396
1778
1969
2003
2030
1937
1839
2212
2193
2229
2247
2907
2156
2124
2770
2713
2571
2347
2382
1893
2369
1888
2038
2124
2013
2261
2266
2561
1785
2627
1957
1922
2193
2195
2580
2612
2610
2514
2995
2156
2504
2792
2639
2576
2345
2986
3221
3545
2517
2097
3138
2094
1090
1996
1682
2050
2720
2706
2391
2747
1797
2256
2249
2522
2089
1483
2148
1348
962
1380
2188
1660
1674
1687
2048
2021
1819
2070
1773
2647
3035
2283
2760
1623
2013
1399
2099
1743
2222
2463
1544
1773
1387
1345
1034
2259
2463
2639
2524
2561
2770
2566
2625
2541
2097
2649
2384
3297
3005
2539
2062
1692
1127
1724
1873
2072
1129
1819
1783
1593
1063
1886
1716
1864
1814
1662
1576
1751
2544
2330
2806
2936
3207
2868
2912
2882
3047
2526
3270
3037
3160
3216
3194
4027
349
