502
325
487
510
471
367
456
474
444
482
435
392
363
411
448
327
399
363
389
334
275
303
394
387
366
343
350
466
414
236
426
457
421
454
378
372
248
364
371
316
347
427
408
499
436
403
494
447
375
359
447
455
438
477
441
431
487
400
391
447
498
425
363
446
479
649
437
466
477
372
431
401
395
428
426
451
436
400
341
337
393
512
334
375
371
399
445
381
368
289
300
451
439
262
414
299
105
283
289
256
283
195
140
150
195
219
102
290
173
149
228
291
111
175
88
75
91
124
76
199
108
259
191
124
82
103
91
75
155
54
115
101
183
128
118
132
132
94
125
159
86
99
115
50
120
86
87
91
52
95
99
58
95
60
55
147
67
87
63
95
64
36
52
190
227
232
255
278
366
445
242
302
244
279
232
188
197
204
217
94
104
75
48
300
91
20
36
203
140
192
238
212
21
364
260
131
154
195
153
136
150
77
95
91
111
207
287
214
201
136
106
172
239
177
157
111
91
88
283
274
231
251
198
173
171
248
176
129
103
147
159
194
123
104
103
76
95
67
111
101
111
66
107
89
99
83
58
44
52
40
64
177
75
40
83
43
87
71
61
64
138
103
204
136
63
321
279
298
153
75
181
52
52
71
131
320
323
323
161
157
241
180
187
159
125
160
140
87
151
137
109
163
214
347
274
338
395
351
418
400
430
448
448
468
418
177
311
421
492
394
435
507
548
379
345
349
390
370
393
408
491
431
229
237
199
262
208
211
223
221
310
356
217
266
188
247
286
227
215
319
301
230
159
181
230
248
213
260
267
268
273
214
296
317
324
266
332
295
349
362
286
382
363
373
412
314
326
372
417
426
475
485
449
284
274
336
387
397
330
420
469
426
315
338
438
418
403
401
370
327
290
295
475
383
440
308
388
411
411
432
543
335
372
467
392
411
430
495
421
333
326
140
423
345
381
383
328
363
419
316
341
335
262
171
151
120
264
378
380
435
310
419
421
317
512
313
326
326
408
497
396
467
415
419
434
438
404
237
391
452
328
447
324
451
466
439
473
404
460
428
479
479
425
381
3
351
639
542
79
115
201
227
366
336
487
436
434
500
520
538
374
283
305
268
149
92
163
83
79
94
174
204
163
133
107
201
307
197
71
56
52
36
130
140
255
336
243
203
141
138
187
226
180
179
165
119
221
180
115
156
155
173
156
87
87
153
240
222
90
167
281
329
301
286
283
298
241
259
251
267
297
237
120
55
271
365
275
283
341
289
186
306
398
309
444
391
195
317
432
342
364
367
440
391
466
572
469
290
278
262
390
410
306
208
153
287
242
228
165
383
450
376
393
397
303
289
462
346
398
345
398
258
255
300
317
212
229
207
163
260
296
283
304
202
305
309
315
370
371
329
232
141
111
311
341
342
359
359
416
401
291
320
240
300
220
161
310
354
317
211
246
167
105
124
202
253
273
290
235
297
331
336
362
325
334
334
316
195
318
322
333
320
324
227
366
357
318
371
387
410
406
439
428
419
385
321
215
138
200
191
152
217
165
129
181
98
313
283
248
143
106
295
414
395
320
423
527
404
524
389
419
384
301
287
385
366
326
400
566
423
385
383
392
364
376
434
309
333
267
286
232
145
403
385
360
363
328
258
330
401
359
260
128
48
35
354
434
404
342
498
503
400
325
325
315
239
214
187
184
234
363
260
321
371
270
440
357
425
387
376
357
289
231
117
135
182
140
8
215
200
199
189
461
493
500
473
534
513
429
624
464
340
273
20
32
231
173
222
158
286
396
475
533
565
459
594
492
439
405
477
432
490
424
465
503
472
401
424
261
121
79
277
441
500
527
407
331
304
305
246
197
183
204
214
205
225
143
102
118
147
191
203
136
136
46
430
476
414
395
399
290
336
416
436
209
290
324
291
192
152
179
87
87
74
211
169
114
141
151
105
101
99
65
83
82
124
83
83
67
87
64
97
40
40
44
29
107
67
48
32
28
16
32
26
28
12
12
103
26
83
64
53
79
68
38
44
8
132
24
28
43
159
107
78
115
110
128
67
52
56
36
46
60
75
55
103
82
182
269
219
196
225
179
95
134
234
263
124
77
83
54
75
84
158
196
238
229
433
349
281
341
386
540
560
576
442
416
376
322
389
321
417
367
432
544
573
492
533
469
419
450
436
406
353
378
399
392
416
371
564
477
408
463
544
542
464
515
474
491
456
410
509
422
323
363
411
407
346
354
360
377
417
373
489
416
471
297
484
313
375
442
456
522
490
518
484
592
533
470
199
120
103
140
379
488
471
424
446
373
381
417
386
415
467
459
290
401
356
372
506
557
425
423
398
351
371
269
429
371
375
218
167
131
91
75
71
125
249
377
403
300
445
367
289
308
432
463
442
295
401
306
389
350
380
165
206
158
266
274
304
251
189
147
36
103
158
200
353
407
396
412
392
528
524
436
330
332
351
385
331
486
347
432
337
271
365
342
306
346
321
307
360
378
299
197
256
235
162
216
329
321
213
245
220
279
150
158
75
120
120
86
208
260
348
344
379
331
320
428
407
389
387
388
391
395
451
387
456
448
446
491
480
334
474
460
483
460
522
552
366
524
475
373
472
480
514
557
508
460
498
415
504
456
503
479
493
482
462
370
513
502
346
420
237
428
428
396
302
376
370
280
375
265
369
319
297
353
379
400
414
415
488
468
465
502
325
487
510
471
367
456
474
444
482
435
392
363
411
448
327
399
363
389
334
275
303
394
387
366
343
350
466
414
236
426
457
421
454
378
372
248
364
371
316
347
427
408
499
436
403
494
447
375
359
447
455
438
477
441
431
487
400
391
447
498
425
363
446
479
649
437
466
477
372
431
401
395
428
426
451
436
400
341
337
393
512
334
375
371
399
445
381
368
289
300
451
439
262
414
299
105
283
289
256
283
195
140
150
195
219
102
290
173
149
228
291
111
175
88
75
91
124
76
199
108
259
191
124
82
103
91
75
155
54
115
101
183
128
118
132
132
94
125
159
86
99
115
50
120
86
87
91
52
95
99
58
95
60
55
147
67
87
63
95
64
36
52
190
227
232
255
278
366
445
242
302
244
279
232
188
197
204
217
94
104
75
48
300
91
20
36
203
140
192
238
212
21
364
260
131
154
195
153
136
150
77
95
91
111
207
287
214
201
136
106
172
239
177
157
111
91
88
283
274
231
251
198
173
171
248
176
129
103
147
159
194
123
104
103
76
95
67
111
101
111
66
107
89
99
83
58
44
52
40
64
177
75
40
83
43
87
71
61
64
138
103
204
136
63
321
279
298
153
75
181
52
52
71
131
320
323
323
161
157
241
180
187
159
125
160
140
87
151
137
109
163
214
347
274
338
395
351
418
400
430
448
448
468
418
177
311
421
492
394
435
507
548
379
345
349
390
370
393
408
491
431
229
237
199
262
208
211
223
221
310
356
217
266
188
247
286
227
215
319
301
230
159
181
230
248
213
260
267
268
273
214
296
317
324
266
332
295
349
362
286
382
363
373
412
314
326
372
417
426
475
485
449
284
274
336
387
397
330
420
469
426
315
338
438
418
403
401
370
327
290
295
475
383
440
308
388
411
411
432
543
335
372
467
392
411
430
495
421
333
326
140
423
345
381
383
328
363
419
316
341
335
262
171
151
120
264
378
380
435
310
419
421
317
512
313
326
326
408
497
396
467
415
419
434
438
404
237
391
452
328
447
324
451
466
439
473
404
460
428
479
479
425
381
3
351
639
542
79
115
201
227
366
336
487
436
434
500
520
538
374
283
305
268
149
92
163
83
79
94
174
204
163
133
107
201
307
197
71
56
52
36
130
140
255
336
243
203
141
138
187
226
180
179
165
119
221
180
115
156
155
173
156
87
87
153
240
222
90
167
281
329
301
286
283
298
241
259
251
267
297
237
120
55
271
365
275
283
341
289
186
306
398
309
444
391
195
317
432
342
364
367
440
391
466
572
469
290
278
262
390
410
306
208
153
287
242
228
165
383
450
376
393
397
303
289
462
346
398
345
398
258
255
300
317
212
229
207
163
260
296
283
304
202
305
309
315
370
371
329
232
141
111
311
341
342
359
359
416
401
291
320
240
300
220
161
310
354
317
211
246
167
105
124
202
253
273
290
235
297
331
336
362
325
334
334
316
195
318
322
333
320
324
227
366
357
318
371
387
410
406
439
428
419
385
321
215
138
200
191
152
217
165
129
181
98
313
283
248
143
106
295
414
395
320
423
527
404
524
389
419
384
301
287
385
366
326
400
566
423
385
383
392
364
376
434
309
333
267
286
232
145
403
385
360
363
328
258
330
401
359
260
128
48
35
354
434
404
342
498
503
400
325
325
315
239
214
187
184
234
363
260
321
371
270
440
357
425
387
376
357
289
231
117
135
182
140
8
215
200
199
189
461
493
500
473
534
513
429
624
464
340
273
20
32
231
173
222
158
286
396
475
533
565
459
594
492
439
405
477
432
490
424
465
503
472
401
424
261
121
79
277
441
500
527
407
331
304
305
246
197
183
204
214
205
225
143
102
118
147
191
203
136
136
46
430
476
414
395
399
290
336
416
436
209
290
324
291
192
152
179
87
87
74
211
169
114
141
151
105
101
99
65
83
82
124
83
83
67
87
64
97
40
40
44
29
107
67
48
32
28
16
32
26
28
12
12
103
26
83
64
53
79
68
38
44
8
132
24
28
43
159
107
78
115
110
128
67
52
56
36
46
60
75
55
103
82
182
269
219
196
225
179
95
134
234
263
124
77
83
54
75
84
158
196
238
229
433
349
281
341
386
540
560
576
442
416
376
322
389
321
417
367
432
544
573
492
533
469
419
450
436
406
353
378
399
392
416
371
564
477
408
463
544
542
464
515
474
491
456
410
509
422
323
363
411
407
346
354
360
377
417
373
489
416
471
297
484
313
375
442
456
522
490
518
484
592
533
470
199
120
103
140
379
488
471
424
446
373
381
417
386
415
467
459
290
401
356
372
506
557
425
423
398
351
371
269
429
371
375
218
167
131
91
75
71
125
249
377
403
300
445
367
289
308
432
463
442
295
401
306
389
350
380
165
206
158
266
274
304
251
189
147
36
103
158
200
353
407
396
412
392
528
524
436
330
332
351
385
331
486
347
432
337
271
365
342
306
346
321
307
360
378
299
197
256
235
162
216
329
321
213
245
220
279
150
158
75
120
120
86
208
260
348
344
379
331
320
428
407
389
387
388
391
395
451
387
456
448
446
491
480
334
474
460
483
460
522
552
366
524
475
373
472
480
514
557
508
460
498
415
504
456
503
479
493
482
462
370
513
502
346
420
237
428
428
396
302
376
370
280
375
265
369
319
297
353
379
400
414
415
488
468
465
502
325
487
510
471
367
456
474
444
482
435
392
363
411
448
327
399
363
389
334
275
303
394
387
366
343
350
466
414
236
426
457
421
454
378
372
248
364
371
316
347
427
408
499
436
403
494
447
375
359
447
455
438
477
441
431
487
400
391
447
498
425
363
446
479
649
437
466
477
372
431
401
395
428
426
451
436
400
341
337
393
512
334
375
371
399
445
381
368
289
300
451
439
262
414
299
105
283
289
256
283
195
140
150
195
219
102
290
173
149
228
291
111
175
88
75
91
124
76
199
108
259
191
124
82
103
91
75
155
54
115
101
183
128
118
132
132
94
125
159
86
99
115
50
120
86
87
91
52
95
99
58
95
60
55
147
67
87
63
95
64
36
52
190
227
232
255
278
366
445
242
302
244
279
232
188
197
204
217
94
104
75
48
300
91
20
36
203
140
192
238
212
21
364
260
131
154
195
153
136
150
77
95
91
111
207
287
214
201
136
106
172
239
177
157
111
91
88
283
274
231
251
198
173
171
248
176
129
103
147
159
194
123
104
103
76
95
67
111
101
111
66
107
89
99
83
58
44
52
40
64
177
75
40
83
43
87
71
61
64
138
103
204
136
63
321
279
298
153
75
181
52
52
71
131
320
323
323
161
157
241
180
187
159
125
160
140
87
151
137
109
163
214
347
274
338
395
351
418
400
430
448
448
468
418
177
311
421
492
394
435
507
548
379
345
349
390
370
393
408
491
431
229
237
199
262
208
211
223
221
310
356
217
266
188
247
286
227
215
319
301
230
159
181
230
248
213
260
267
268
273
214
296
317
324
266
332
295
349
362
286
382
363
373
412
314
326
372
417
426
475
485
449
284
274
336
387
397
330
420
469
426
315
338
438
418
403
401
370
327
290
295
475
383
440
308
388
411
411
432
543
335
372
467
392
411
430
495
421
333
326
140
423
345
381
383
328
363
419
316
341
335
262
171
151
120
264
378
380
435
310
419
421
317
512
313
326
326
408
497
396
467
415
419
434
438
404
237
391
452
328
447
324
451
466
439
473
404
460
428
479
479
425
381
